datetime,open,high,low,close,volume,oi,iv,spot,api_strike,strike,strike_label,option_type,atm,date
2026-07-17 09:15:00+05:30,450.75,494.05,449.9,494.05,5720,22425,0.0,24151.25,23650.0,23650,ATM-10,CALL,24150,2026-07-17
2026-07-17 09:16:00+05:30,503.5,514.25,493.15,514.25,3965,20540,0.0,24171.0,23650.0,23650,ATM-10,CALL,24150,2026-07-17
2026-07-17 09:17:00+05:30,469.85,477.9,468.1,472.05,11375,134420,0.0,24176.15,23700.0,23650,ATM-10,CALL,24150,2026-07-17
2026-07-17 09:18:00+05:30,473.85,488.0,470.9,488.0,8385,135005,0.0,24187.4,23700.0,23650,ATM-10,CALL,24150,2026-07-17
2026-07-17 09:19:00+05:30,490.0,493.7,484.25,487.85,6955,132860,0.0,24187.85,23700.0,23650,ATM-10,CALL,24150,2026-07-17
2026-07-17 09:20:00+05:30,488.65,495.0,484.35,486.7,9035,134810,0.0,24187.75,23700.0,23650,ATM-10,CALL,24150,2026-07-17
2026-07-17 09:21:00+05:30,485.25,488.85,481.95,485.1,4680,136565,0.0,24185.75,23700.0,23650,ATM-10,CALL,24150,2026-07-17
2026-07-17 09:22:00+05:30,480.0,488.2,480.0,488.15,6175,136825,0.0,24188.75,23700.0,23650,ATM-10,CALL,24150,2026-07-17
2026-07-17 09:23:00+05:30,488.4,489.8,483.85,484.35,2795,135265,0.0,24186.15,23700.0,23650,ATM-10,CALL,24150,2026-07-17
2026-07-17 09:24:00+05:30,482.25,492.1,482.25,492.0,3835,134615,0.0,24191.9,23700.0,23650,ATM-10,CALL,24150,2026-07-17
2026-07-17 09:25:00+05:30,491.95,502.0,491.95,499.35,9490,132990,0.0,24198.85,23700.0,23650,ATM-10,CALL,24150,2026-07-17
2026-07-17 09:26:00+05:30,498.8,503.45,495.55,497.55,6500,129155,0.0,24199.8,23700.0,23650,ATM-10,CALL,24150,2026-07-17
2026-07-17 09:27:00+05:30,497.9,505.05,497.55,501.2,4680,129545,0.0,24202.85,23700.0,23650,ATM-10,CALL,24150,2026-07-17
2026-07-17 09:28:00+05:30,501.65,502.4,498.75,501.5,13260,130585,0.0,24204.8,23700.0,23650,ATM-10,CALL,24150,2026-07-17
2026-07-17 09:29:00+05:30,500.0,507.9,500.0,506.7,20735,125775,0.0,24210.0,23700.0,23650,ATM-10,CALL,24150,2026-07-17
2026-07-17 09:30:00+05:30,510.0,511.0,499.0,500.0,6760,135785,0.0,24203.7,23700.0,23650,ATM-10,CALL,24150,2026-07-17
2026-07-17 09:31:00+05:30,502.85,502.85,493.3,493.3,3640,136825,0.0,24196.85,23700.0,23650,ATM-10,CALL,24150,2026-07-17
2026-07-17 09:32:00+05:30,494.1,500.2,488.4,500.2,4030,139230,0.0,24205.2,23700.0,23650,ATM-10,CALL,24150,2026-07-17
2026-07-17 09:33:00+05:30,500.35,507.25,500.2,506.0,1885,139620,0.0,24210.7,23700.0,23650,ATM-10,CALL,24150,2026-07-17
2026-07-17 09:34:00+05:30,506.3,512.0,501.0,501.95,4940,138125,0.0,24206.6,23700.0,23650,ATM-10,CALL,24150,2026-07-17
2026-07-17 09:35:00+05:30,500.85,502.95,498.6,500.7,1625,136305,0.0,24207.05,23700.0,23650,ATM-10,CALL,24150,2026-07-17
2026-07-17 09:36:00+05:30,497.0,502.55,495.5,502.55,3965,136890,0.0,24209.4,23700.0,23650,ATM-10,CALL,24150,2026-07-17
2026-07-17 09:37:00+05:30,502.55,509.45,501.35,508.25,2925,138905,0.0,24216.25,23700.0,23650,ATM-10,CALL,24150,2026-07-17
2026-07-17 09:38:00+05:30,510.0,513.85,508.25,512.0,2860,139490,0.0,24221.55,23700.0,23650,ATM-10,CALL,24150,2026-07-17
2026-07-17 09:39:00+05:30,511.7,513.55,506.25,508.7,1625,138840,0.0,24219.15,23700.0,23650,ATM-10,CALL,24150,2026-07-17
2026-07-17 09:40:00+05:30,507.6,514.0,506.0,508.8,1105,138775,0.0,24221.05,23700.0,23650,ATM-10,CALL,24150,2026-07-17
2026-07-17 09:41:00+05:30,512.0,513.8,508.8,510.25,3315,138710,0.0,24222.2,23700.0,23650,ATM-10,CALL,24150,2026-07-17
2026-07-17 09:42:00+05:30,512.85,515.0,510.25,514.05,1040,140920,0.0,24224.7,23700.0,23650,ATM-10,CALL,24150,2026-07-17
2026-07-17 09:43:00+05:30,470.0,472.0,467.35,470.55,2080,38805,0.0,24225.15,23750.0,23650,ATM-10,CALL,24150,2026-07-17
2026-07-17 09:44:00+05:30,471.9,476.65,468.25,473.25,3510,39325,0.0,24231.3,23750.0,23650,ATM-10,CALL,24150,2026-07-17
2026-07-17 09:45:00+05:30,486.1,486.1,473.25,476.65,2860,39130,0.0,24234.5,23750.0,23650,ATM-10,CALL,24150,2026-07-17
2026-07-17 09:46:00+05:30,480.25,482.4,475.5,481.2,975,39715,0.0,24241.45,23750.0,23650,ATM-10,CALL,24150,2026-07-17
2026-07-17 09:47:00+05:30,484.55,486.05,476.8,477.65,975,40170,0.0,24236.35,23750.0,23650,ATM-10,CALL,24150,2026-07-17
2026-07-17 09:48:00+05:30,479.5,484.0,477.65,480.65,1105,40820,0.0,24240.05,23750.0,23650,ATM-10,CALL,24150,2026-07-17
2026-07-17 09:49:00+05:30,478.75,481.2,476.05,477.2,1625,41730,0.0,24236.85,23750.0,23650,ATM-10,CALL,24150,2026-07-17
2026-07-17 09:50:00+05:30,477.55,480.9,477.2,480.6,455,41730,0.0,24243.2,23750.0,23650,ATM-10,CALL,24150,2026-07-17
2026-07-17 09:51:00+05:30,480.6,481.95,468.5,468.5,1235,42640,0.0,24228.9,23750.0,23650,ATM-10,CALL,24150,2026-07-17
2026-07-17 09:52:00+05:30,470.1,472.0,468.5,468.95,910,42705,0.0,24229.95,23750.0,23650,ATM-10,CALL,24150,2026-07-17
2026-07-17 09:53:00+05:30,468.6,475.0,468.6,474.7,1040,43355,0.0,24233.1,23750.0,23650,ATM-10,CALL,24150,2026-07-17
2026-07-17 09:54:00+05:30,474.25,484.0,473.3,483.25,1495,44005,0.0,24240.0,23750.0,23650,ATM-10,CALL,24150,2026-07-17
2026-07-17 09:55:00+05:30,478.4,483.25,474.0,474.0,390,44005,0.0,24230.2,23750.0,23650,ATM-10,CALL,24150,2026-07-17
2026-07-17 09:56:00+05:30,514.75,518.0,508.0,508.0,1040,137930,0.0,24223.1,23700.0,23650,ATM-10,CALL,24150,2026-07-17
2026-07-17 09:57:00+05:30,509.2,509.75,502.9,502.9,1430,137865,0.0,24219.35,23700.0,23650,ATM-10,CALL,24150,2026-07-17
2026-07-17 09:58:00+05:30,459.25,468.8,459.0,467.75,1105,45110,0.0,24229.05,23750.0,23650,ATM-10,CALL,24150,2026-07-17
2026-07-17 09:59:00+05:30,466.1,469.5,465.3,469.5,455,45500,0.0,24228.85,23750.0,23650,ATM-10,CALL,24150,2026-07-17
2026-07-17 10:00:00+05:30,520.0,521.0,504.9,504.9,1625,136760,0.0,24221.65,23700.0,23650,ATM-10,CALL,24150,2026-07-17
2026-07-17 10:01:00+05:30,505.15,510.0,494.9,494.9,3315,137020,0.0,24212.35,23700.0,23650,ATM-10,CALL,24150,2026-07-17
2026-07-17 10:02:00+05:30,500.0,500.8,494.9,500.3,3705,137605,0.0,24215.9,23700.0,23650,ATM-10,CALL,24150,2026-07-17
2026-07-17 10:03:00+05:30,499.3,500.35,497.8,497.8,2340,138710,0.0,24214.95,23700.0,23650,ATM-10,CALL,24150,2026-07-17
2026-07-17 10:04:00+05:30,502.05,502.05,495.0,497.45,3185,139750,0.0,24214.5,23700.0,23650,ATM-10,CALL,24150,2026-07-17
2026-07-17 10:05:00+05:30,496.7,507.7,496.7,507.15,650,139490,0.0,24221.3,23700.0,23650,ATM-10,CALL,24150,2026-07-17
2026-07-17 10:06:00+05:30,505.0,510.0,505.0,507.45,1235,139555,0.0,24222.7,23700.0,23650,ATM-10,CALL,24150,2026-07-17
2026-07-17 10:07:00+05:30,460.05,462.05,460.05,462.05,390,48490,0.0,24225.65,23750.0,23650,ATM-10,CALL,24150,2026-07-17
2026-07-17 10:08:00+05:30,460.55,465.0,460.3,465.0,1430,48750,0.0,24227.6,23750.0,23650,ATM-10,CALL,24150,2026-07-17
2026-07-17 10:09:00+05:30,465.6,472.55,465.0,466.6,3185,46085,0.0,24231.95,23750.0,23650,ATM-10,CALL,24150,2026-07-17
2026-07-17 10:10:00+05:30,465.75,466.6,465.3,465.3,260,46020,0.0,24230.65,23750.0,23650,ATM-10,CALL,24150,2026-07-17
2026-07-17 10:11:00+05:30,465.55,467.05,465.3,467.05,390,46150,0.0,24233.25,23750.0,23650,ATM-10,CALL,24150,2026-07-17
2026-07-17 10:12:00+05:30,474.45,477.0,467.05,476.85,325,46280,0.0,24239.9,23750.0,23650,ATM-10,CALL,24150,2026-07-17
2026-07-17 10:13:00+05:30,480.6,483.45,476.85,479.0,845,46280,0.0,24246.1,23750.0,23650,ATM-10,CALL,24150,2026-07-17
2026-07-17 10:14:00+05:30,477.85,479.0,474.7,475.5,325,46345,0.0,24239.85,23750.0,23650,ATM-10,CALL,24150,2026-07-17
2026-07-17 10:15:00+05:30,475.5,476.8,474.5,474.5,260,46735,0.0,24245.7,23750.0,23650,ATM-10,CALL,24150,2026-07-17
2026-07-17 10:16:00+05:30,481.1,481.1,474.5,480.5,585,46735,0.0,24247.15,23750.0,23650,ATM-10,CALL,24150,2026-07-17
2026-07-17 10:17:00+05:30,482.35,495.0,480.5,495.0,260,46865,0.0,24253.65,23750.0,23650,ATM-10,CALL,24150,2026-07-17
2026-07-17 10:18:00+05:30,490.4,530.7,490.4,530.7,1755,47580,0.0,24274.45,23750.0,23650,ATM-10,CALL,24150,2026-07-17
2026-07-17 10:19:00+05:30,518.75,530.7,518.75,518.75,65,47840,0.0,24273.95,23750.0,23650,ATM-10,CALL,24150,2026-07-17
2026-07-17 10:20:00+05:30,516.9,519.05,512.15,512.15,260,47840,0.0,24266.75,23750.0,23650,ATM-10,CALL,24150,2026-07-17
2026-07-17 10:21:00+05:30,512.15,512.15,512.15,512.15,0,47840,0.0,24268.3,23750.0,23650,ATM-10,CALL,24150,2026-07-17
2026-07-17 10:22:00+05:30,509.85,512.15,505.0,505.0,650,47840,0.0,24262.95,23750.0,23650,ATM-10,CALL,24150,2026-07-17
2026-07-17 10:23:00+05:30,505.1,505.1,500.0,503.3,975,48295,0.0,24258.8,23750.0,23650,ATM-10,CALL,24150,2026-07-17
2026-07-17 10:24:00+05:30,502.4,503.3,499.3,499.35,520,48360,0.0,24255.6,23750.0,23650,ATM-10,CALL,24150,2026-07-17
2026-07-17 10:25:00+05:30,502.05,507.0,499.35,507.0,520,48620,0.0,24263.9,23750.0,23650,ATM-10,CALL,24150,2026-07-17
2026-07-17 10:26:00+05:30,503.9,507.0,503.9,504.65,390,48815,0.0,24265.75,23750.0,23650,ATM-10,CALL,24150,2026-07-17
2026-07-17 10:27:00+05:30,507.35,511.0,504.65,511.0,325,48750,0.0,24267.65,23750.0,23650,ATM-10,CALL,24150,2026-07-17
2026-07-17 10:28:00+05:30,510.0,511.0,509.3,509.3,130,48750,0.0,24273.3,23750.0,23650,ATM-10,CALL,24150,2026-07-17
2026-07-17 10:29:00+05:30,469.05,478.55,467.75,478.0,7215,429260,0.0,24281.55,23800.0,23650,ATM-10,CALL,24150,2026-07-17
2026-07-17 10:30:00+05:30,476.35,478.0,470.0,474.2,5980,429845,0.0,24279.4,23800.0,23650,ATM-10,CALL,24150,2026-07-17
2026-07-17 10:31:00+05:30,478.85,480.55,474.2,479.35,5265,429780,0.0,24283.1,23800.0,23650,ATM-10,CALL,24150,2026-07-17
2026-07-17 10:32:00+05:30,481.15,487.75,478.95,478.95,6305,427960,0.0,24285.2,23800.0,23650,ATM-10,CALL,24150,2026-07-17
2026-07-17 10:33:00+05:30,478.0,478.95,470.75,474.75,6435,427765,0.0,24279.65,23800.0,23650,ATM-10,CALL,24150,2026-07-17
2026-07-17 10:34:00+05:30,475.2,480.0,474.75,480.0,845,428155,0.0,24284.3,23800.0,23650,ATM-10,CALL,24150,2026-07-17
2026-07-17 10:35:00+05:30,516.5,520.8,509.6,509.6,260,49465,0.0,24272.2,23750.0,23650,ATM-10,CALL,24150,2026-07-17
2026-07-17 10:36:00+05:30,512.1,512.1,509.6,511.85,195,49530,0.0,24272.5,23750.0,23650,ATM-10,CALL,24150,2026-07-17
2026-07-17 10:37:00+05:30,507.8,511.85,507.8,507.8,130,49595,0.0,24267.25,23750.0,23650,ATM-10,CALL,24150,2026-07-17
2026-07-17 10:38:00+05:30,507.95,507.95,507.8,507.95,195,49660,0.0,24267.8,23750.0,23650,ATM-10,CALL,24150,2026-07-17
2026-07-17 10:39:00+05:30,506.15,508.1,504.25,504.25,715,49855,0.0,24267.25,23750.0,23650,ATM-10,CALL,24150,2026-07-17
2026-07-17 10:40:00+05:30,504.6,508.0,504.25,508.0,910,50245,0.0,24268.45,23750.0,23650,ATM-10,CALL,24150,2026-07-17
2026-07-17 10:41:00+05:30,506.8,508.4,506.8,508.4,195,50505,0.0,24270.75,23750.0,23650,ATM-10,CALL,24150,2026-07-17
2026-07-17 10:42:00+05:30,507.15,508.4,507.15,507.15,65,50570,0.0,24269.25,23750.0,23650,ATM-10,CALL,24150,2026-07-17
2026-07-17 10:43:00+05:30,506.1,507.15,490.0,490.0,1755,51740,0.0,24248.15,23750.0,23650,ATM-10,CALL,24150,2026-07-17
2026-07-17 10:44:00+05:30,497.2,500.8,490.0,496.05,4420,53365,0.0,24259.1,23750.0,23650,ATM-10,CALL,24150,2026-07-17
2026-07-17 10:45:00+05:30,494.8,496.05,486.25,486.25,650,55965,0.0,24253.3,23750.0,23650,ATM-10,CALL,24150,2026-07-17
2026-07-17 10:46:00+05:30,487.05,488.2,485.0,486.4,585,56095,0.0,24252.5,23750.0,23650,ATM-10,CALL,24150,2026-07-17
2026-07-17 10:47:00+05:30,491.2,494.55,486.4,494.55,1690,57070,0.0,24254.4,23750.0,23650,ATM-10,CALL,24150,2026-07-17
2026-07-17 10:48:00+05:30,490.65,494.55,490.4,490.65,520,57850,0.0,24253.6,23750.0,23650,ATM-10,CALL,24150,2026-07-17
2026-07-17 10:49:00+05:30,487.7,490.65,485.0,485.25,260,57915,0.0,24249.9,23750.0,23650,ATM-10,CALL,24150,2026-07-17
2026-07-17 10:50:00+05:30,485.65,485.65,485.25,485.65,130,57915,0.0,24251.05,23750.0,23650,ATM-10,CALL,24150,2026-07-17
2026-07-17 10:51:00+05:30,485.65,485.65,485.65,485.65,0,57915,0.0,24248.9,23750.0,23650,ATM-10,CALL,24150,2026-07-17
2026-07-17 10:52:00+05:30,481.85,489.9,481.85,489.9,2470,57980,0.0,24251.75,23750.0,23650,ATM-10,CALL,24150,2026-07-17
2026-07-17 10:53:00+05:30,489.15,492.1,489.15,492.1,195,59800,0.0,24256.2,23750.0,23650,ATM-10,CALL,24150,2026-07-17
2026-07-17 10:54:00+05:30,490.5,492.1,482.1,485.7,1105,59540,0.0,24255.55,23750.0,23650,ATM-10,CALL,24150,2026-07-17
2026-07-17 10:55:00+05:30,482.65,486.6,482.65,486.6,130,59670,0.0,24256.75,23750.0,23650,ATM-10,CALL,24150,2026-07-17
2026-07-17 10:56:00+05:30,490.15,492.15,485.0,486.4,325,59735,0.0,24255.85,23750.0,23650,ATM-10,CALL,24150,2026-07-17
2026-07-17 10:57:00+05:30,491.5,491.5,486.4,490.75,390,59735,0.0,24256.5,23750.0,23650,ATM-10,CALL,24150,2026-07-17
2026-07-17 10:58:00+05:30,488.1,490.75,488.1,488.1,65,59930,0.0,24257.75,23750.0,23650,ATM-10,CALL,24150,2026-07-17
2026-07-17 10:59:00+05:30,488.1,488.1,488.1,488.1,0,59930,0.0,24257.0,23750.0,23650,ATM-10,CALL,24150,2026-07-17
2026-07-17 11:00:00+05:30,495.0,496.0,488.1,495.9,2405,58305,0.0,24259.9,23750.0,23650,ATM-10,CALL,24150,2026-07-17
2026-07-17 11:01:00+05:30,495.1,495.9,495.1,495.1,130,58305,0.0,24256.6,23750.0,23650,ATM-10,CALL,24150,2026-07-17
2026-07-17 11:02:00+05:30,485.0,495.1,485.0,485.0,845,57070,0.0,24248.55,23750.0,23650,ATM-10,CALL,24150,2026-07-17
2026-07-17 11:03:00+05:30,487.4,487.4,485.0,485.2,195,57720,0.0,24250.15,23750.0,23650,ATM-10,CALL,24150,2026-07-17
2026-07-17 11:04:00+05:30,487.0,490.0,485.2,490.0,390,57525,0.0,24258.15,23750.0,23650,ATM-10,CALL,24150,2026-07-17
2026-07-17 11:05:00+05:30,493.0,495.0,490.0,495.0,780,57395,0.0,24262.2,23750.0,23650,ATM-10,CALL,24150,2026-07-17
2026-07-17 11:06:00+05:30,495.0,495.0,495.0,495.0,0,57395,0.0,24261.9,23750.0,23650,ATM-10,CALL,24150,2026-07-17
2026-07-17 11:07:00+05:30,493.6,495.0,482.85,482.85,910,57590,0.0,24246.15,23750.0,23650,ATM-10,CALL,24150,2026-07-17
2026-07-17 11:08:00+05:30,479.45,482.85,475.6,475.6,260,57720,0.0,24238.35,23750.0,23650,ATM-10,CALL,24150,2026-07-17
2026-07-17 11:09:00+05:30,475.85,477.95,475.6,477.95,195,57720,0.0,24241.9,23750.0,23650,ATM-10,CALL,24150,2026-07-17
2026-07-17 11:10:00+05:30,475.0,477.95,473.0,473.0,715,57785,0.0,24238.9,23750.0,23650,ATM-10,CALL,24150,2026-07-17
2026-07-17 11:11:00+05:30,473.0,473.0,473.0,473.0,0,57785,0.0,24240.75,23750.0,23650,ATM-10,CALL,24150,2026-07-17
2026-07-17 11:12:00+05:30,475.0,475.0,473.0,475.0,130,57720,0.0,24241.7,23750.0,23650,ATM-10,CALL,24150,2026-07-17
2026-07-17 11:13:00+05:30,476.55,476.55,469.55,469.9,2080,57655,0.0,24237.9,23750.0,23650,ATM-10,CALL,24150,2026-07-17
2026-07-17 11:14:00+05:30,470.5,477.65,469.9,477.65,910,58175,0.0,24235.7,23750.0,23650,ATM-10,CALL,24150,2026-07-17
2026-07-17 11:15:00+05:30,475.0,477.65,475.0,477.0,585,58240,0.0,24238.95,23750.0,23650,ATM-10,CALL,24150,2026-07-17
2026-07-17 11:16:00+05:30,473.1,477.0,469.3,470.05,455,58500,0.0,24235.35,23750.0,23650,ATM-10,CALL,24150,2026-07-17
2026-07-17 11:17:00+05:30,470.05,475.2,470.05,471.0,585,58825,0.0,24239.5,23750.0,23650,ATM-10,CALL,24150,2026-07-17
2026-07-17 11:18:00+05:30,470.75,472.25,469.5,470.8,650,58825,0.0,24236.9,23750.0,23650,ATM-10,CALL,24150,2026-07-17
2026-07-17 11:19:00+05:30,466.3,473.4,466.3,471.25,455,58760,0.0,24241.65,23750.0,23650,ATM-10,CALL,24150,2026-07-17
2026-07-17 11:20:00+05:30,472.3,472.3,471.25,472.25,195,58760,0.0,24241.75,23750.0,23650,ATM-10,CALL,24150,2026-07-17
2026-07-17 11:21:00+05:30,471.6,473.35,471.0,473.35,325,58890,0.0,24241.7,23750.0,23650,ATM-10,CALL,24150,2026-07-17
2026-07-17 11:22:00+05:30,479.95,480.0,473.35,479.05,1690,57655,0.0,24249.45,23750.0,23650,ATM-10,CALL,24150,2026-07-17
2026-07-17 11:23:00+05:30,474.85,479.05,468.5,470.85,1820,58175,0.0,24238.45,23750.0,23650,ATM-10,CALL,24150,2026-07-17
2026-07-17 11:24:00+05:30,469.55,470.85,469.55,470.05,130,58175,0.0,24246.2,23750.0,23650,ATM-10,CALL,24150,2026-07-17
2026-07-17 11:25:00+05:30,477.45,477.45,470.05,475.2,975,57785,0.0,24242.7,23750.0,23650,ATM-10,CALL,24150,2026-07-17
2026-07-17 11:26:00+05:30,471.75,475.2,471.7,471.7,325,57785,0.0,24241.4,23750.0,23650,ATM-10,CALL,24150,2026-07-17
2026-07-17 11:27:00+05:30,476.55,477.75,471.7,477.75,130,57980,0.0,24243.5,23750.0,23650,ATM-10,CALL,24150,2026-07-17
2026-07-17 11:28:00+05:30,477.75,477.75,477.75,477.75,0,57980,0.0,24245.2,23750.0,23650,ATM-10,CALL,24150,2026-07-17
2026-07-17 11:29:00+05:30,478.45,479.05,477.35,477.65,390,57525,0.0,24243.0,23750.0,23650,ATM-10,CALL,24150,2026-07-17
2026-07-17 11:30:00+05:30,477.55,477.65,474.35,474.35,455,57460,0.0,24244.15,23750.0,23650,ATM-10,CALL,24150,2026-07-17
2026-07-17 11:31:00+05:30,474.35,474.35,474.35,474.35,0,57460,0.0,24246.2,23750.0,23650,ATM-10,CALL,24150,2026-07-17
2026-07-17 11:32:00+05:30,476.15,476.15,474.35,475.5,455,57265,0.0,24242.85,23750.0,23650,ATM-10,CALL,24150,2026-07-17
2026-07-17 11:33:00+05:30,475.2,475.5,475.2,475.2,130,57135,0.0,24248.95,23750.0,23650,ATM-10,CALL,24150,2026-07-17
2026-07-17 11:34:00+05:30,480.0,486.0,475.2,481.55,390,57265,0.0,24252.6,23750.0,23650,ATM-10,CALL,24150,2026-07-17
2026-07-17 11:35:00+05:30,485.0,485.0,481.55,485.0,195,57265,0.0,24258.55,23750.0,23650,ATM-10,CALL,24150,2026-07-17
2026-07-17 11:36:00+05:30,490.0,490.0,479.75,479.75,650,56875,0.0,24250.85,23750.0,23650,ATM-10,CALL,24150,2026-07-17
2026-07-17 11:37:00+05:30,475.35,479.75,475.35,476.0,130,56875,0.0,24246.9,23750.0,23650,ATM-10,CALL,24150,2026-07-17
2026-07-17 11:38:00+05:30,477.4,483.0,476.0,483.0,260,56680,0.0,24251.2,23750.0,23650,ATM-10,CALL,24150,2026-07-17
2026-07-17 11:39:00+05:30,484.75,488.4,483.0,488.0,650,56745,0.0,24257.05,23750.0,23650,ATM-10,CALL,24150,2026-07-17
2026-07-17 11:40:00+05:30,488.0,488.0,488.0,488.0,65,56745,0.0,24258.5,23750.0,23650,ATM-10,CALL,24150,2026-07-17
2026-07-17 11:41:00+05:30,492.5,492.5,488.0,490.3,130,56615,0.0,24263.3,23750.0,23650,ATM-10,CALL,24150,2026-07-17
2026-07-17 11:42:00+05:30,496.15,496.15,490.3,490.95,325,56420,0.0,24261.4,23750.0,23650,ATM-10,CALL,24150,2026-07-17
2026-07-17 11:43:00+05:30,494.15,494.15,490.95,491.1,130,56550,0.0,24262.1,23750.0,23650,ATM-10,CALL,24150,2026-07-17
2026-07-17 11:44:00+05:30,497.0,497.0,491.1,497.0,65,56420,0.0,24267.2,23750.0,23650,ATM-10,CALL,24150,2026-07-17
2026-07-17 11:45:00+05:30,497.2,500.0,497.0,500.0,585,56420,0.0,24271.55,23750.0,23650,ATM-10,CALL,24150,2026-07-17
2026-07-17 11:46:00+05:30,497.9,500.0,497.9,498.5,585,56160,0.0,24269.05,23750.0,23650,ATM-10,CALL,24150,2026-07-17
2026-07-17 11:47:00+05:30,498.5,498.5,498.5,498.5,0,56160,0.0,24266.35,23750.0,23650,ATM-10,CALL,24150,2026-07-17
2026-07-17 11:48:00+05:30,498.5,498.5,498.5,498.5,390,55705,0.0,24267.65,23750.0,23650,ATM-10,CALL,24150,2026-07-17
2026-07-17 11:49:00+05:30,496.2,498.5,496.2,496.2,130,55315,0.0,24267.65,23750.0,23650,ATM-10,CALL,24150,2026-07-17
2026-07-17 11:50:00+05:30,496.2,496.2,496.2,496.2,0,55315,0.0,24270.6,23750.0,23650,ATM-10,CALL,24150,2026-07-17
2026-07-17 11:51:00+05:30,498.45,501.0,496.2,500.75,390,55445,0.0,24272.35,23750.0,23650,ATM-10,CALL,24150,2026-07-17
2026-07-17 11:52:00+05:30,504.7,506.0,500.75,506.0,1820,55510,0.0,24273.85,23750.0,23650,ATM-10,CALL,24150,2026-07-17
2026-07-17 11:53:00+05:30,461.75,464.6,458.0,460.0,5395,470015,0.0,24278.7,23800.0,23650,ATM-10,CALL,24150,2026-07-17
2026-07-17 11:54:00+05:30,460.75,463.75,460.0,461.2,1690,470015,0.0,24279.0,23800.0,23650,ATM-10,CALL,24150,2026-07-17
2026-07-17 11:55:00+05:30,507.6,508.0,503.0,503.0,195,55185,0.0,24274.8,23750.0,23650,ATM-10,CALL,24150,2026-07-17
2026-07-17 11:56:00+05:30,452.9,462.5,451.65,460.6,4810,469950,0.0,24280.35,23800.0,23650,ATM-10,CALL,24150,2026-07-17
2026-07-17 11:57:00+05:30,460.9,463.7,459.9,462.65,4615,470665,0.0,24279.35,23800.0,23650,ATM-10,CALL,24150,2026-07-17
2026-07-17 11:58:00+05:30,501.85,508.2,501.85,501.85,65,54860,0.0,24275.0,23750.0,23650,ATM-10,CALL,24150,2026-07-17
2026-07-17 11:59:00+05:30,455.45,458.55,454.95,457.1,1690,472550,0.0,24277.85,23800.0,23650,ATM-10,CALL,24150,2026-07-17
2026-07-17 12:00:00+05:30,504.45,504.45,500.0,500.0,650,54860,0.0,24270.9,23750.0,23650,ATM-10,CALL,24150,2026-07-17
2026-07-17 12:01:00+05:30,494.55,500.0,494.25,494.25,1170,54925,0.0,24268.15,23750.0,23650,ATM-10,CALL,24150,2026-07-17
2026-07-17 12:02:00+05:30,494.25,494.25,494.25,494.25,0,54925,0.0,24267.3,23750.0,23650,ATM-10,CALL,24150,2026-07-17
2026-07-17 12:03:00+05:30,447.8,456.0,447.7,456.0,2730,472225,0.0,24275.5,23800.0,23650,ATM-10,CALL,24150,2026-07-17
2026-07-17 12:04:00+05:30,502.0,502.0,500.85,502.0,65,54210,0.0,24274.85,23750.0,23650,ATM-10,CALL,24150,2026-07-17
2026-07-17 12:05:00+05:30,502.0,502.0,502.0,502.0,0,54210,0.0,24274.25,23750.0,23650,ATM-10,CALL,24150,2026-07-17
2026-07-17 12:06:00+05:30,492.75,502.0,492.75,493.25,130,54145,0.0,24267.8,23750.0,23650,ATM-10,CALL,24150,2026-07-17
2026-07-17 12:07:00+05:30,489.35,493.25,489.35,489.35,65,54145,0.0,24263.35,23750.0,23650,ATM-10,CALL,24150,2026-07-17
2026-07-17 12:08:00+05:30,489.05,489.35,488.9,488.9,195,54145,0.0,24268.1,23750.0,23650,ATM-10,CALL,24150,2026-07-17
2026-07-17 12:09:00+05:30,499.45,499.45,488.9,499.45,195,54340,0.0,24274.2,23750.0,23650,ATM-10,CALL,24150,2026-07-17
2026-07-17 12:10:00+05:30,499.45,499.45,499.45,499.45,0,54340,0.0,24274.0,23750.0,23650,ATM-10,CALL,24150,2026-07-17
2026-07-17 12:11:00+05:30,499.45,499.45,495.65,495.65,650,54405,0.0,24271.55,23750.0,23650,ATM-10,CALL,24150,2026-07-17
2026-07-17 12:12:00+05:30,450.9,453.9,449.3,453.55,2210,472030,0.0,24275.9,23800.0,23650,ATM-10,CALL,24150,2026-07-17
2026-07-17 12:13:00+05:30,500.2,500.2,500.2,500.2,0,54210,0.0,24270.5,23750.0,23650,ATM-10,CALL,24150,2026-07-17
2026-07-17 12:14:00+05:30,449.2,454.35,448.6,454.35,1885,472225,0.0,24276.55,23800.0,23650,ATM-10,CALL,24150,2026-07-17
2026-07-17 12:15:00+05:30,456.0,456.6,453.6,456.6,780,473460,0.0,24280.5,23800.0,23650,ATM-10,CALL,24150,2026-07-17
2026-07-17 12:16:00+05:30,502.55,504.0,500.9,504.0,130,54340,0.0,24274.3,23750.0,23650,ATM-10,CALL,24150,2026-07-17
2026-07-17 12:17:00+05:30,493.7,504.0,493.7,493.7,65,54340,0.0,24272.2,23750.0,23650,ATM-10,CALL,24150,2026-07-17
2026-07-17 12:18:00+05:30,448.2,454.55,447.5,454.55,1690,475540,0.0,24275.65,23800.0,23650,ATM-10,CALL,24150,2026-07-17
2026-07-17 12:19:00+05:30,452.9,454.55,450.0,450.0,715,475540,0.0,24275.45,23800.0,23650,ATM-10,CALL,24150,2026-07-17
2026-07-17 12:20:00+05:30,450.85,454.15,450.0,454.15,3315,477815,0.0,24280.75,23800.0,23650,ATM-10,CALL,24150,2026-07-17
2026-07-17 12:21:00+05:30,452.4,454.15,452.4,452.4,65,477815,0.0,24279.5,23800.0,23650,ATM-10,CALL,24150,2026-07-17
2026-07-17 12:22:00+05:30,493.7,499.5,493.35,493.35,195,53885,0.0,24271.9,23750.0,23650,ATM-10,CALL,24150,2026-07-17
2026-07-17 12:23:00+05:30,453.5,458.7,451.1,458.2,5135,477360,0.0,24281.05,23800.0,23650,ATM-10,CALL,24150,2026-07-17
2026-07-17 12:24:00+05:30,459.0,459.8,456.0,456.9,2210,477360,0.0,24281.75,23800.0,23650,ATM-10,CALL,24150,2026-07-17
2026-07-17 12:25:00+05:30,458.55,466.0,456.9,459.65,6240,477360,0.0,24278.7,23800.0,23650,ATM-10,CALL,24150,2026-07-17
2026-07-17 12:26:00+05:30,458.5,459.75,456.55,456.55,910,477295,0.0,24277.3,23800.0,23650,ATM-10,CALL,24150,2026-07-17
2026-07-17 12:27:00+05:30,457.95,460.0,456.55,458.25,715,477685,0.0,24278.55,23800.0,23650,ATM-10,CALL,24150,2026-07-17
2026-07-17 12:28:00+05:30,459.9,461.0,458.25,459.0,1040,477620,0.0,24277.9,23800.0,23650,ATM-10,CALL,24150,2026-07-17
2026-07-17 12:29:00+05:30,458.95,459.0,453.85,454.65,1300,478010,0.0,24277.65,23800.0,23650,ATM-10,CALL,24150,2026-07-17
2026-07-17 12:30:00+05:30,500.2,500.2,500.2,500.2,0,53690,0.0,24274.55,23750.0,23650,ATM-10,CALL,24150,2026-07-17
2026-07-17 12:31:00+05:30,453.05,456.6,453.05,456.0,1625,479765,0.0,24277.1,23800.0,23650,ATM-10,CALL,24150,2026-07-17
2026-07-17 12:32:00+05:30,502.05,502.05,500.9,502.05,65,53625,0.0,24273.75,23750.0,23650,ATM-10,CALL,24150,2026-07-17
2026-07-17 12:33:00+05:30,453.15,458.2,453.15,458.2,3185,477945,0.0,24280.45,23800.0,23650,ATM-10,CALL,24150,2026-07-17
2026-07-17 12:34:00+05:30,461.45,461.45,458.2,461.45,715,477685,0.0,24281.15,23800.0,23650,ATM-10,CALL,24150,2026-07-17
2026-07-17 12:35:00+05:30,458.9,461.45,458.2,458.9,585,478140,0.0,24281.3,23800.0,23650,ATM-10,CALL,24150,2026-07-17
2026-07-17 12:36:00+05:30,459.05,460.3,458.65,458.65,650,478140,0.0,24281.65,23800.0,23650,ATM-10,CALL,24150,2026-07-17
2026-07-17 12:37:00+05:30,458.0,458.9,457.5,458.9,650,478530,0.0,24278.9,23800.0,23650,ATM-10,CALL,24150,2026-07-17
2026-07-17 12:38:00+05:30,454.25,458.9,450.15,455.0,14820,478790,0.0,24278.5,23800.0,23650,ATM-10,CALL,24150,2026-07-17
2026-07-17 12:39:00+05:30,455.0,456.95,454.65,456.95,1235,473525,0.0,24277.75,23800.0,23650,ATM-10,CALL,24150,2026-07-17
2026-07-17 12:40:00+05:30,499.9,499.9,499.15,499.9,65,53430,0.0,24266.55,23750.0,23650,ATM-10,CALL,24150,2026-07-17
2026-07-17 12:41:00+05:30,492.2,499.9,492.2,494.0,325,53430,0.0,24269.05,23750.0,23650,ATM-10,CALL,24150,2026-07-17
2026-07-17 12:42:00+05:30,454.05,457.5,448.2,457.2,2210,473915,0.0,24280.15,23800.0,23650,ATM-10,CALL,24150,2026-07-17
2026-07-17 12:43:00+05:30,494.0,494.0,494.0,494.0,0,53430,0.0,24275.0,23750.0,23650,ATM-10,CALL,24150,2026-07-17
2026-07-17 12:44:00+05:30,453.4,456.0,451.2,456.0,390,479180,0.0,24277.05,23800.0,23650,ATM-10,CALL,24150,2026-07-17
2026-07-17 12:45:00+05:30,458.7,464.7,456.0,464.7,3510,479375,0.0,24283.5,23800.0,23650,ATM-10,CALL,24150,2026-07-17
2026-07-17 12:46:00+05:30,461.85,464.7,461.5,461.5,455,479180,0.0,24282.25,23800.0,23650,ATM-10,CALL,24150,2026-07-17
2026-07-17 12:47:00+05:30,460.45,462.55,460.45,462.55,1040,479245,0.0,24286.55,23800.0,23650,ATM-10,CALL,24150,2026-07-17
2026-07-17 12:48:00+05:30,463.25,466.0,462.1,466.0,1235,478920,0.0,24287.25,23800.0,23650,ATM-10,CALL,24150,2026-07-17
2026-07-17 12:49:00+05:30,469.9,489.8,466.0,476.95,9945,478140,0.0,24294.0,23800.0,23650,ATM-10,CALL,24150,2026-07-17
2026-07-17 12:50:00+05:30,475.05,476.95,460.6,462.25,3055,478530,0.0,24283.6,23800.0,23650,ATM-10,CALL,24150,2026-07-17
2026-07-17 12:51:00+05:30,460.0,462.25,456.0,461.0,4225,478985,0.0,24281.35,23800.0,23650,ATM-10,CALL,24150,2026-07-17
2026-07-17 12:52:00+05:30,458.1,461.25,457.9,458.4,1040,480740,0.0,24279.75,23800.0,23650,ATM-10,CALL,24150,2026-07-17
2026-07-17 12:53:00+05:30,500.85,504.1,500.0,500.0,325,53625,0.0,24272.5,23750.0,23650,ATM-10,CALL,24150,2026-07-17
2026-07-17 12:54:00+05:30,497.3,500.0,494.15,494.15,520,53625,0.0,24273.9,23750.0,23650,ATM-10,CALL,24150,2026-07-17
2026-07-17 12:55:00+05:30,500.05,500.85,492.05,492.05,195,53625,0.0,24271.2,23750.0,23650,ATM-10,CALL,24150,2026-07-17
2026-07-17 12:56:00+05:30,493.45,496.55,492.05,496.55,130,53755,0.0,24274.55,23750.0,23650,ATM-10,CALL,24150,2026-07-17
2026-07-17 12:57:00+05:30,454.65,460.55,451.45,460.15,1820,482430,0.0,24280.35,23800.0,23650,ATM-10,CALL,24150,2026-07-17
2026-07-17 12:58:00+05:30,459.0,460.15,455.3,455.3,975,482625,0.0,24278.95,23800.0,23650,ATM-10,CALL,24150,2026-07-17
2026-07-17 12:59:00+05:30,458.0,459.9,455.3,459.9,910,483405,0.0,24283.3,23800.0,23650,ATM-10,CALL,24150,2026-07-17
2026-07-17 13:00:00+05:30,461.0,465.0,459.9,460.0,2470,483795,0.0,24282.8,23800.0,23650,ATM-10,CALL,24150,2026-07-17
2026-07-17 13:01:00+05:30,459.2,465.0,459.2,462.6,3640,484055,0.0,24283.75,23800.0,23650,ATM-10,CALL,24150,2026-07-17
2026-07-17 13:02:00+05:30,462.6,462.6,456.35,456.85,3445,483600,0.0,24278.65,23800.0,23650,ATM-10,CALL,24150,2026-07-17
2026-07-17 13:03:00+05:30,456.85,458.3,453.55,454.65,780,485875,0.0,24280.7,23800.0,23650,ATM-10,CALL,24150,2026-07-17
2026-07-17 13:04:00+05:30,456.7,456.7,454.65,456.7,130,485680,0.0,24279.85,23800.0,23650,ATM-10,CALL,24150,2026-07-17
2026-07-17 13:05:00+05:30,456.0,457.55,456.0,457.55,455,485615,0.0,24281.1,23800.0,23650,ATM-10,CALL,24150,2026-07-17
2026-07-17 13:06:00+05:30,455.05,458.15,455.05,458.15,325,485680,0.0,24283.95,23800.0,23650,ATM-10,CALL,24150,2026-07-17
2026-07-17 13:07:00+05:30,458.85,459.6,450.45,451.2,650,485550,0.0,24276.45,23800.0,23650,ATM-10,CALL,24150,2026-07-17
2026-07-17 13:08:00+05:30,453.0,454.9,451.2,453.6,520,485680,0.0,24279.75,23800.0,23650,ATM-10,CALL,24150,2026-07-17
2026-07-17 13:09:00+05:30,455.0,455.0,453.6,455.0,260,485680,0.0,24278.0,23800.0,23650,ATM-10,CALL,24150,2026-07-17
2026-07-17 13:10:00+05:30,455.0,455.1,454.15,454.2,780,485745,0.0,24279.5,23800.0,23650,ATM-10,CALL,24150,2026-07-17
2026-07-17 13:11:00+05:30,453.4,456.0,453.4,456.0,195,486200,0.0,24279.3,23800.0,23650,ATM-10,CALL,24150,2026-07-17
2026-07-17 13:12:00+05:30,448.7,456.0,448.7,448.7,325,486135,0.0,24277.35,23800.0,23650,ATM-10,CALL,24150,2026-07-17
2026-07-17 13:13:00+05:30,450.0,451.45,448.7,450.6,13260,475670,0.0,24276.45,23800.0,23650,ATM-10,CALL,24150,2026-07-17
2026-07-17 13:14:00+05:30,454.75,458.85,450.6,458.85,1885,475540,0.0,24282.55,23800.0,23650,ATM-10,CALL,24150,2026-07-17
2026-07-17 13:15:00+05:30,498.8,500.6,498.8,498.8,130,54470,0.0,24271.9,23750.0,23650,ATM-10,CALL,24150,2026-07-17
2026-07-17 13:16:00+05:30,498.8,498.8,498.8,498.8,0,54470,0.0,24272.8,23750.0,23650,ATM-10,CALL,24150,2026-07-17
2026-07-17 13:17:00+05:30,446.6,448.0,446.55,448.0,260,476190,0.0,24275.4,23800.0,23650,ATM-10,CALL,24150,2026-07-17
2026-07-17 13:18:00+05:30,498.8,498.8,498.8,498.8,0,54470,0.0,24272.55,23750.0,23650,ATM-10,CALL,24150,2026-07-17
2026-07-17 13:19:00+05:30,491.0,498.8,491.0,491.0,650,54470,0.0,24274.35,23750.0,23650,ATM-10,CALL,24150,2026-07-17
2026-07-17 13:20:00+05:30,451.0,451.0,444.65,450.0,13780,477880,0.0,24277.3,23800.0,23650,ATM-10,CALL,24150,2026-07-17
2026-07-17 13:21:00+05:30,448.0,450.0,446.8,446.8,325,489060,0.0,24277.45,23800.0,23650,ATM-10,CALL,24150,2026-07-17
2026-07-17 13:22:00+05:30,491.0,491.0,491.0,491.0,0,54470,0.0,24274.35,23750.0,23650,ATM-10,CALL,24150,2026-07-17
2026-07-17 13:23:00+05:30,491.45,491.45,491.0,491.45,65,54470,0.0,24269.05,23750.0,23650,ATM-10,CALL,24150,2026-07-17
2026-07-17 13:24:00+05:30,492.35,492.35,485.0,485.0,260,54470,0.0,24266.45,23750.0,23650,ATM-10,CALL,24150,2026-07-17
2026-07-17 13:25:00+05:30,485.0,485.0,485.0,485.0,0,54470,0.0,24268.65,23750.0,23650,ATM-10,CALL,24150,2026-07-17
2026-07-17 13:26:00+05:30,485.0,485.0,485.0,485.0,0,54470,0.0,24265.0,23750.0,23650,ATM-10,CALL,24150,2026-07-17
2026-07-17 13:27:00+05:30,485.0,485.0,485.0,485.0,0,54470,0.0,24261.85,23750.0,23650,ATM-10,CALL,24150,2026-07-17
2026-07-17 13:28:00+05:30,485.0,485.0,485.0,485.0,0,54470,0.0,24260.65,23750.0,23650,ATM-10,CALL,24150,2026-07-17
2026-07-17 13:29:00+05:30,488.45,488.45,485.0,488.45,130,54600,0.0,24267.3,23750.0,23650,ATM-10,CALL,24150,2026-07-17
2026-07-17 13:30:00+05:30,488.45,488.45,488.45,488.45,0,54600,0.0,24269.75,23750.0,23650,ATM-10,CALL,24150,2026-07-17
2026-07-17 13:31:00+05:30,488.45,488.45,488.45,488.45,0,54600,0.0,24268.05,23750.0,23650,ATM-10,CALL,24150,2026-07-17
2026-07-17 13:32:00+05:30,488.45,488.45,488.45,488.45,0,54600,0.0,24266.5,23750.0,23650,ATM-10,CALL,24150,2026-07-17
2026-07-17 13:33:00+05:30,481.3,488.45,481.3,484.05,195,54730,0.0,24263.95,23750.0,23650,ATM-10,CALL,24150,2026-07-17
2026-07-17 13:34:00+05:30,481.6,484.05,481.6,481.6,195,54730,0.0,24265.7,23750.0,23650,ATM-10,CALL,24150,2026-07-17
2026-07-17 13:35:00+05:30,481.6,481.6,481.6,481.6,0,54730,0.0,24267.6,23750.0,23650,ATM-10,CALL,24150,2026-07-17
2026-07-17 13:36:00+05:30,491.7,495.0,481.6,487.5,325,54600,0.0,24269.8,23750.0,23650,ATM-10,CALL,24150,2026-07-17
2026-07-17 13:37:00+05:30,488.9,488.9,482.0,482.0,390,54600,0.0,24264.7,23750.0,23650,ATM-10,CALL,24150,2026-07-17
2026-07-17 13:38:00+05:30,481.75,482.6,481.75,482.6,130,54600,0.0,24265.8,23750.0,23650,ATM-10,CALL,24150,2026-07-17
2026-07-17 13:39:00+05:30,482.6,482.6,482.6,482.6,0,54600,0.0,24269.5,23750.0,23650,ATM-10,CALL,24150,2026-07-17
2026-07-17 13:40:00+05:30,482.6,482.6,482.6,482.6,0,54600,0.0,24258.25,23750.0,23650,ATM-10,CALL,24150,2026-07-17
2026-07-17 13:41:00+05:30,475.0,482.6,475.0,477.1,130,54665,0.0,24254.65,23750.0,23650,ATM-10,CALL,24150,2026-07-17
2026-07-17 13:42:00+05:30,477.1,477.1,477.1,477.1,0,54665,0.0,24251.2,23750.0,23650,ATM-10,CALL,24150,2026-07-17
2026-07-17 13:43:00+05:30,469.0,477.1,467.15,469.5,325,54470,0.0,24248.35,23750.0,23650,ATM-10,CALL,24150,2026-07-17
2026-07-17 13:44:00+05:30,474.15,474.15,469.5,472.0,195,54600,0.0,24254.25,23750.0,23650,ATM-10,CALL,24150,2026-07-17
2026-07-17 13:45:00+05:30,467.65,472.0,467.65,471.1,520,54860,0.0,24252.4,23750.0,23650,ATM-10,CALL,24150,2026-07-17
2026-07-17 13:46:00+05:30,468.3,471.1,465.0,465.0,325,54730,0.0,24245.1,23750.0,23650,ATM-10,CALL,24150,2026-07-17
2026-07-17 13:47:00+05:30,460.3,465.0,455.1,455.1,260,54730,0.0,24238.7,23750.0,23650,ATM-10,CALL,24150,2026-07-17
2026-07-17 13:48:00+05:30,455.2,461.25,455.1,461.25,260,54730,0.0,24247.05,23750.0,23650,ATM-10,CALL,24150,2026-07-17
2026-07-17 13:49:00+05:30,461.8,461.8,455.55,455.55,195,54795,0.0,24239.95,23750.0,23650,ATM-10,CALL,24150,2026-07-17
2026-07-17 13:50:00+05:30,450.45,455.55,450.0,452.1,325,54860,0.0,24227.05,23750.0,23650,ATM-10,CALL,24150,2026-07-17
2026-07-17 13:51:00+05:30,496.0,498.55,484.85,489.15,4940,151255,0.0,24215.95,23700.0,23650,ATM-10,CALL,24150,2026-07-17
2026-07-17 13:52:00+05:30,489.45,494.3,489.15,491.8,845,147875,0.0,24222.35,23700.0,23650,ATM-10,CALL,24150,2026-07-17
2026-07-17 13:53:00+05:30,444.95,448.5,444.85,447.2,1300,54145,0.0,24229.25,23750.0,23650,ATM-10,CALL,24150,2026-07-17
2026-07-17 13:54:00+05:30,450.0,450.0,447.2,448.8,1105,55120,0.0,24232.0,23750.0,23650,ATM-10,CALL,24150,2026-07-17
2026-07-17 13:55:00+05:30,448.6,455.95,448.6,455.95,390,55250,0.0,24236.5,23750.0,23650,ATM-10,CALL,24150,2026-07-17
2026-07-17 13:56:00+05:30,456.0,456.0,450.45,453.0,325,55120,0.0,24232.75,23750.0,23650,ATM-10,CALL,24150,2026-07-17
2026-07-17 13:57:00+05:30,452.6,453.0,452.6,452.6,65,55055,0.0,24233.7,23750.0,23650,ATM-10,CALL,24150,2026-07-17
2026-07-17 13:58:00+05:30,455.05,459.6,452.6,459.6,195,53885,0.0,24237.6,23750.0,23650,ATM-10,CALL,24150,2026-07-17
2026-07-17 13:59:00+05:30,460.1,474.85,459.6,474.85,520,53885,0.0,24250.1,23750.0,23650,ATM-10,CALL,24150,2026-07-17
2026-07-17 14:00:00+05:30,470.9,476.0,469.45,472.45,1170,53950,0.0,24248.8,23750.0,23650,ATM-10,CALL,24150,2026-07-17
2026-07-17 14:01:00+05:30,471.95,473.6,468.4,468.85,845,53950,0.0,24246.8,23750.0,23650,ATM-10,CALL,24150,2026-07-17
2026-07-17 14:02:00+05:30,467.3,468.85,464.0,466.55,260,53170,0.0,24243.6,23750.0,23650,ATM-10,CALL,24150,2026-07-17
2026-07-17 14:03:00+05:30,468.15,468.3,466.55,468.3,325,52910,0.0,24246.25,23750.0,23650,ATM-10,CALL,24150,2026-07-17
2026-07-17 14:04:00+05:30,472.9,475.1,468.3,475.1,260,52910,0.0,24250.35,23750.0,23650,ATM-10,CALL,24150,2026-07-17
2026-07-17 14:05:00+05:30,475.1,478.5,475.1,478.4,455,52715,0.0,24254.7,23750.0,23650,ATM-10,CALL,24150,2026-07-17
2026-07-17 14:06:00+05:30,475.2,478.4,471.5,472.6,585,52585,0.0,24249.65,23750.0,23650,ATM-10,CALL,24150,2026-07-17
2026-07-17 14:07:00+05:30,471.7,472.6,469.5,469.75,390,52585,0.0,24251.05,23750.0,23650,ATM-10,CALL,24150,2026-07-17
2026-07-17 14:08:00+05:30,474.0,475.0,469.75,475.0,585,52585,0.0,24251.1,23750.0,23650,ATM-10,CALL,24150,2026-07-17
2026-07-17 14:09:00+05:30,475.0,475.0,475.0,475.0,0,52585,0.0,24252.95,23750.0,23650,ATM-10,CALL,24150,2026-07-17
2026-07-17 14:10:00+05:30,473.85,475.0,473.85,474.1,130,52650,0.0,24254.0,23750.0,23650,ATM-10,CALL,24150,2026-07-17
2026-07-17 14:11:00+05:30,481.6,487.05,474.1,487.05,455,52650,0.0,24265.25,23750.0,23650,ATM-10,CALL,24150,2026-07-17
2026-07-17 14:12:00+05:30,490.15,496.15,487.05,496.15,845,52585,0.0,24271.6,23750.0,23650,ATM-10,CALL,24150,2026-07-17
2026-07-17 14:13:00+05:30,453.15,460.0,449.3,458.3,9360,471965,0.0,24277.25,23800.0,23650,ATM-10,CALL,24150,2026-07-17
2026-07-17 14:14:00+05:30,461.05,467.4,458.3,466.0,8840,473070,0.0,24280.55,23800.0,23650,ATM-10,CALL,24150,2026-07-17
2026-07-17 14:15:00+05:30,420.25,497.2,420.1,490.2,14105,126945,0.0,24345.4,23850.0,23650,ATM-10,CALL,24150,2026-07-17
2026-07-17 14:16:00+05:30,503.2,518.6,482.65,516.8,23075,124020,0.0,24362.9,23850.0,23650,ATM-10,CALL,24150,2026-07-17
2026-07-17 14:17:00+05:30,516.45,522.0,495.5,498.05,8515,119730,0.0,24347.45,23850.0,23650,ATM-10,CALL,24150,2026-07-17
2026-07-17 14:18:00+05:30,488.85,498.05,479.1,481.3,13585,115895,0.0,24332.7,23850.0,23650,ATM-10,CALL,24150,2026-07-17
2026-07-17 14:19:00+05:30,525.5,526.35,504.85,504.85,33670,436085,0.0,24308.45,23800.0,23650,ATM-10,CALL,24150,2026-07-17
2026-07-17 14:20:00+05:30,503.9,514.9,499.0,501.75,8645,449215,0.0,24312.75,23800.0,23650,ATM-10,CALL,24150,2026-07-17
2026-07-17 14:21:00+05:30,499.0,505.95,492.4,495.95,21580,449020,0.0,24309.35,23800.0,23650,ATM-10,CALL,24150,2026-07-17
2026-07-17 14:22:00+05:30,492.0,495.95,485.0,485.0,14235,440180,0.0,24300.95,23800.0,23650,ATM-10,CALL,24150,2026-07-17
2026-07-17 14:23:00+05:30,480.0,485.0,479.3,479.6,2470,440700,0.0,24292.7,23800.0,23650,ATM-10,CALL,24150,2026-07-17
2026-07-17 14:24:00+05:30,478.15,483.1,475.0,482.75,4550,441155,0.0,24298.3,23800.0,23650,ATM-10,CALL,24150,2026-07-17
2026-07-17 14:25:00+05:30,484.65,500.0,482.75,495.0,5590,441740,0.0,24307.3,23800.0,23650,ATM-10,CALL,24150,2026-07-17
2026-07-17 14:26:00+05:30,495.0,504.0,495.0,500.0,21125,458250,0.0,24311.25,23800.0,23650,ATM-10,CALL,24150,2026-07-17
2026-07-17 14:27:00+05:30,497.75,504.0,497.55,502.2,4095,458640,0.0,24310.95,23800.0,23650,ATM-10,CALL,24150,2026-07-17
2026-07-17 14:28:00+05:30,501.8,511.3,501.8,505.4,6630,457145,0.0,24309.5,23800.0,23650,ATM-10,CALL,24150,2026-07-17
2026-07-17 14:29:00+05:30,492.4,505.4,473.5,478.8,24635,444535,0.0,24287.4,23800.0,23650,ATM-10,CALL,24150,2026-07-17
2026-07-17 14:30:00+05:30,478.35,496.6,478.35,495.6,24830,444080,0.0,24304.65,23800.0,23650,ATM-10,CALL,24150,2026-07-17
2026-07-17 14:31:00+05:30,496.1,496.1,487.3,487.3,1040,457080,0.0,24300.3,23800.0,23650,ATM-10,CALL,24150,2026-07-17
2026-07-17 14:32:00+05:30,490.95,491.85,485.0,485.0,4225,457535,0.0,24299.15,23800.0,23650,ATM-10,CALL,24150,2026-07-17
2026-07-17 14:33:00+05:30,487.35,491.1,485.0,489.8,3380,459745,0.0,24295.55,23800.0,23650,ATM-10,CALL,24150,2026-07-17
2026-07-17 14:34:00+05:30,488.55,492.0,486.1,491.4,2470,460980,0.0,24298.0,23800.0,23650,ATM-10,CALL,24150,2026-07-17
2026-07-17 14:35:00+05:30,489.6,491.4,488.75,488.75,585,460980,0.0,24298.65,23800.0,23650,ATM-10,CALL,24150,2026-07-17
2026-07-17 14:36:00+05:30,485.0,488.75,481.35,484.1,2990,461305,0.0,24293.25,23800.0,23650,ATM-10,CALL,24150,2026-07-17
2026-07-17 14:37:00+05:30,485.0,488.2,484.1,485.0,1625,462475,0.0,24293.05,23800.0,23650,ATM-10,CALL,24150,2026-07-17
2026-07-17 14:38:00+05:30,484.1,492.05,480.0,488.0,4355,459160,0.0,24298.95,23800.0,23650,ATM-10,CALL,24150,2026-07-17
2026-07-17 14:39:00+05:30,489.25,489.25,486.95,488.2,195,459290,0.0,24297.9,23800.0,23650,ATM-10,CALL,24150,2026-07-17
2026-07-17 14:40:00+05:30,490.85,493.05,488.2,492.05,3055,457925,0.0,24302.0,23800.0,23650,ATM-10,CALL,24150,2026-07-17
2026-07-17 14:41:00+05:30,490.25,502.25,489.85,500.8,3055,457795,0.0,24311.85,23800.0,23650,ATM-10,CALL,24150,2026-07-17
2026-07-17 14:42:00+05:30,501.05,502.8,495.8,499.9,4160,458120,0.0,24310.4,23800.0,23650,ATM-10,CALL,24150,2026-07-17
2026-07-17 14:43:00+05:30,500.75,508.1,499.9,502.05,7930,460005,0.0,24312.1,23800.0,23650,ATM-10,CALL,24150,2026-07-17
2026-07-17 14:44:00+05:30,500.95,510.1,500.95,510.0,3120,462800,0.0,24317.65,23800.0,23650,ATM-10,CALL,24150,2026-07-17
2026-07-17 14:45:00+05:30,509.0,510.0,505.0,507.75,2795,462215,0.0,24319.5,23800.0,23650,ATM-10,CALL,24150,2026-07-17
2026-07-17 14:46:00+05:30,460.0,467.65,460.0,465.35,390,120770,0.0,24325.05,23850.0,23650,ATM-10,CALL,24150,2026-07-17
2026-07-17 14:47:00+05:30,512.1,513.0,507.95,509.3,3120,461955,0.0,24321.6,23800.0,23650,ATM-10,CALL,24150,2026-07-17
2026-07-17 14:48:00+05:30,509.8,509.8,503.15,509.8,1820,460720,0.0,24320.25,23800.0,23650,ATM-10,CALL,24150,2026-07-17
2026-07-17 14:49:00+05:30,510.15,512.25,509.8,512.25,1235,461305,0.0,24324.0,23800.0,23650,ATM-10,CALL,24150,2026-07-17
2026-07-17 14:50:00+05:30,505.2,512.25,501.8,503.5,7930,458510,0.0,24320.0,23800.0,23650,ATM-10,CALL,24150,2026-07-17
2026-07-17 14:51:00+05:30,508.5,509.0,501.85,503.05,3835,455325,0.0,24317.05,23800.0,23650,ATM-10,CALL,24150,2026-07-17
2026-07-17 14:52:00+05:30,506.35,506.9,503.05,504.6,2990,454805,0.0,24319.6,23800.0,23650,ATM-10,CALL,24150,2026-07-17
2026-07-17 14:53:00+05:30,504.0,505.0,497.15,503.45,6760,453050,0.0,24320.5,23800.0,23650,ATM-10,CALL,24150,2026-07-17
2026-07-17 14:54:00+05:30,501.65,503.45,500.0,500.0,390,453050,0.0,24320.95,23800.0,23650,ATM-10,CALL,24150,2026-07-17
2026-07-17 14:55:00+05:30,456.4,463.15,453.85,463.15,585,119665,0.0,24327.4,23850.0,23650,ATM-10,CALL,24150,2026-07-17
2026-07-17 14:56:00+05:30,521.8,521.8,504.4,506.2,22035,452790,0.0,24324.9,23800.0,23650,ATM-10,CALL,24150,2026-07-17
2026-07-17 14:57:00+05:30,510.2,510.2,503.8,506.95,1235,441545,0.0,24321.6,23800.0,23650,ATM-10,CALL,24150,2026-07-17
2026-07-17 14:58:00+05:30,504.75,506.95,500.0,500.45,2535,441870,0.0,24315.85,23800.0,23650,ATM-10,CALL,24150,2026-07-17
2026-07-17 14:59:00+05:30,501.6,504.2,495.0,497.1,4095,443235,0.0,24311.75,23800.0,23650,ATM-10,CALL,24150,2026-07-17
2026-07-17 15:00:00+05:30,497.6,511.75,492.0,508.95,21580,431080,0.0,24323.7,23800.0,23650,ATM-10,CALL,24150,2026-07-17
2026-07-17 15:01:00+05:30,465.5,477.0,459.0,464.3,13455,108745,0.0,24325.6,23850.0,23650,ATM-10,CALL,24150,2026-07-17
2026-07-17 15:02:00+05:30,511.55,512.05,506.3,508.65,6305,429975,0.0,24324.35,23800.0,23650,ATM-10,CALL,24150,2026-07-17
2026-07-17 15:03:00+05:30,506.7,511.25,500.1,501.0,8320,431925,0.0,24317.95,23800.0,23650,ATM-10,CALL,24150,2026-07-17
2026-07-17 15:04:00+05:30,499.8,505.4,499.8,503.1,3055,429325,0.0,24322.05,23800.0,23650,ATM-10,CALL,24150,2026-07-17
2026-07-17 15:05:00+05:30,466.0,466.0,458.35,466.0,2080,107250,0.0,24327.55,23850.0,23650,ATM-10,CALL,24150,2026-07-17
2026-07-17 15:06:00+05:30,467.05,467.05,465.7,465.7,975,106795,0.0,24330.2,23850.0,23650,ATM-10,CALL,24150,2026-07-17
2026-07-17 15:07:00+05:30,466.5,473.65,465.7,472.1,780,107250,0.0,24334.3,23850.0,23650,ATM-10,CALL,24150,2026-07-17
2026-07-17 15:08:00+05:30,466.75,472.1,465.05,465.2,455,107250,0.0,24332.1,23850.0,23650,ATM-10,CALL,24150,2026-07-17
2026-07-17 15:09:00+05:30,467.1,467.1,465.2,467.1,65,107705,0.0,24333.55,23850.0,23650,ATM-10,CALL,24150,2026-07-17
2026-07-17 15:10:00+05:30,465.5,467.1,464.35,465.45,3835,107835,0.0,24331.75,23850.0,23650,ATM-10,CALL,24150,2026-07-17
2026-07-17 15:11:00+05:30,466.35,468.45,465.45,466.95,260,107380,0.0,24332.25,23850.0,23650,ATM-10,CALL,24150,2026-07-17
2026-07-17 15:12:00+05:30,466.95,466.95,466.95,466.95,0,107380,0.0,24336.05,23850.0,23650,ATM-10,CALL,24150,2026-07-17
2026-07-17 15:13:00+05:30,466.2,468.4,465.2,468.4,325,107250,0.0,24334.9,23850.0,23650,ATM-10,CALL,24150,2026-07-17
2026-07-17 15:14:00+05:30,465.05,468.4,458.2,458.65,1300,106405,0.0,24328.75,23850.0,23650,ATM-10,CALL,24150,2026-07-17
2026-07-17 15:15:00+05:30,505.0,506.3,494.6,500.0,10400,401180,0.0,24323.85,23800.0,23650,ATM-10,CALL,24150,2026-07-17
2026-07-17 15:16:00+05:30,500.15,501.3,498.0,500.05,3510,400530,0.0,24322.9,23800.0,23650,ATM-10,CALL,24150,2026-07-17
2026-07-17 15:17:00+05:30,454.1,460.2,453.75,457.75,2145,103935,0.0,24325.55,23850.0,23650,ATM-10,CALL,24150,2026-07-17
2026-07-17 15:18:00+05:30,457.3,458.1,451.95,451.95,845,103805,0.0,24328.8,23850.0,23650,ATM-10,CALL,24150,2026-07-17
2026-07-17 15:19:00+05:30,452.3,456.3,451.95,453.55,1105,103285,0.0,24329.0,23850.0,23650,ATM-10,CALL,24150,2026-07-17
2026-07-17 15:20:00+05:30,455.45,459.65,453.55,457.35,2795,102765,0.0,24332.95,23850.0,23650,ATM-10,CALL,24150,2026-07-17
2026-07-17 15:21:00+05:30,459.0,469.1,457.35,469.1,1105,101920,0.0,24333.15,23850.0,23650,ATM-10,CALL,24150,2026-07-17
2026-07-17 15:22:00+05:30,471.1,473.3,469.1,471.9,5330,101920,0.0,24336.85,23850.0,23650,ATM-10,CALL,24150,2026-07-17
2026-07-17 15:23:00+05:30,474.0,474.0,471.9,473.0,325,101465,0.0,24337.95,23850.0,23650,ATM-10,CALL,24150,2026-07-17
2026-07-17 15:24:00+05:30,477.25,482.85,473.0,482.85,845,101725,0.0,24342.8,23850.0,23650,ATM-10,CALL,24150,2026-07-17
2026-07-17 15:25:00+05:30,480.6,482.85,479.2,480.0,1560,100425,0.0,24345.0,23850.0,23650,ATM-10,CALL,24150,2026-07-17
2026-07-17 15:26:00+05:30,482.35,485.05,480.0,481.3,1690,99775,0.0,24342.8,23850.0,23650,ATM-10,CALL,24150,2026-07-17
2026-07-17 15:27:00+05:30,483.9,484.9,481.3,484.9,325,100295,0.0,24344.0,23850.0,23650,ATM-10,CALL,24150,2026-07-17
2026-07-17 15:28:00+05:30,486.1,495.0,484.9,495.0,1040,99320,0.0,24339.4,23850.0,23650,ATM-10,CALL,24150,2026-07-17
2026-07-17 15:29:00+05:30,491.95,498.75,491.95,498.55,650,98930,0.0,24346.7,23850.0,23650,ATM-10,CALL,24150,2026-07-17
2026-07-17 09:15:00+05:30,12.0,18.15,9.85,14.9,495625,1309945,14.905788,24151.25,23650.0,23650,ATM-10,PUT,24150,2026-07-17
2026-07-17 09:16:00+05:30,14.85,15.65,14.45,14.45,732030,1372930,15.201755,24171.0,23650.0,23650,ATM-10,PUT,24150,2026-07-17
2026-07-17 09:17:00+05:30,18.5,19.45,18.25,18.6,1059240,4028505,15.210698,24176.15,23700.0,23650,ATM-10,PUT,24150,2026-07-17
2026-07-17 09:18:00+05:30,18.75,18.75,17.75,17.8,846300,4363645,15.275939,24187.4,23700.0,23650,ATM-10,PUT,24150,2026-07-17
2026-07-17 09:19:00+05:30,17.9,18.4,17.65,18.1,850200,4557280,15.354676,24187.85,23700.0,23650,ATM-10,PUT,24150,2026-07-17
2026-07-17 09:20:00+05:30,18.0,18.1,17.05,17.55,607425,4655235,15.228761,24187.75,23700.0,23650,ATM-10,PUT,24150,2026-07-17
2026-07-17 09:21:00+05:30,17.55,18.25,17.55,17.9,650780,4754100,15.266552,24185.75,23700.0,23650,ATM-10,PUT,24150,2026-07-17
2026-07-17 09:22:00+05:30,17.8,18.35,17.75,18.05,535925,4717700,15.366235,24188.75,23700.0,23650,ATM-10,PUT,24150,2026-07-17
2026-07-17 09:23:00+05:30,18.05,18.3,17.95,18.3,273000,4589000,15.367576,24186.15,23700.0,23650,ATM-10,PUT,24150,2026-07-17
2026-07-17 09:24:00+05:30,18.25,18.3,17.85,17.9,343590,4639635,15.402295,24191.9,23700.0,23650,ATM-10,PUT,24150,2026-07-17
2026-07-17 09:25:00+05:30,17.9,18.0,17.55,18.0,571740,4688970,15.57549,24198.85,23700.0,23650,ATM-10,PUT,24150,2026-07-17
2026-07-17 09:26:00+05:30,17.95,18.2,17.9,18.15,259025,4698785,15.631259,24199.8,23700.0,23650,ATM-10,PUT,24150,2026-07-17
2026-07-17 09:27:00+05:30,18.1,18.2,17.85,17.95,310895,4740580,15.652154,24202.85,23700.0,23650,ATM-10,PUT,24150,2026-07-17
2026-07-17 09:28:00+05:30,17.9,18.15,17.65,17.65,236340,4769375,15.625886,24204.8,23700.0,23650,ATM-10,PUT,24150,2026-07-17
2026-07-17 09:29:00+05:30,17.7,17.8,17.55,17.6,256555,4813120,15.726359,24210.0,23700.0,23650,ATM-10,PUT,24150,2026-07-17
2026-07-17 09:30:00+05:30,17.6,17.8,17.35,17.7,339625,4826510,15.61631,24203.7,23700.0,23650,ATM-10,PUT,24150,2026-07-17
2026-07-17 09:31:00+05:30,17.7,17.75,17.5,17.65,330980,4830995,15.459407,24196.85,23700.0,23650,ATM-10,PUT,24150,2026-07-17
2026-07-17 09:32:00+05:30,17.6,17.7,17.1,17.1,297375,4936555,15.510775,24205.2,23700.0,23650,ATM-10,PUT,24150,2026-07-17
2026-07-17 09:33:00+05:30,17.1,17.2,16.65,16.85,361270,4967755,15.569449,24210.7,23700.0,23650,ATM-10,PUT,24150,2026-07-17
2026-07-17 09:34:00+05:30,16.8,17.35,16.55,17.3,211770,5116345,15.589813,24206.6,23700.0,23650,ATM-10,PUT,24150,2026-07-17
2026-07-17 09:35:00+05:30,17.15,17.3,17.05,17.05,155610,5165225,15.541802,24207.05,23700.0,23650,ATM-10,PUT,24150,2026-07-17
2026-07-17 09:36:00+05:30,17.05,17.3,16.75,16.8,267735,5193500,15.533569,24209.4,23700.0,23650,ATM-10,PUT,24150,2026-07-17
2026-07-17 09:37:00+05:30,16.7,16.9,16.5,16.5,226525,5292950,15.607462,24216.25,23700.0,23650,ATM-10,PUT,24150,2026-07-17
2026-07-17 09:38:00+05:30,16.4,16.55,16.2,16.2,295945,5356585,15.647115,24221.55,23700.0,23650,ATM-10,PUT,24150,2026-07-17
2026-07-17 09:39:00+05:30,16.15,16.85,16.15,16.7,231530,5448365,15.719117,24219.15,23700.0,23650,ATM-10,PUT,24150,2026-07-17
2026-07-17 09:40:00+05:30,16.75,17.0,16.6,17.0,188435,5434390,15.832341,24221.05,23700.0,23650,ATM-10,PUT,24150,2026-07-17
2026-07-17 09:41:00+05:30,16.9,17.05,16.75,17.0,279045,5471180,15.857833,24222.2,23700.0,23650,ATM-10,PUT,24150,2026-07-17
2026-07-17 09:42:00+05:30,16.8,17.0,16.7,16.75,172185,5461365,15.851669,24224.7,23700.0,23650,ATM-10,PUT,24150,2026-07-17
2026-07-17 09:43:00+05:30,20.6,20.8,20.45,20.5,111540,2991105,15.597961,24225.15,23750.0,23650,ATM-10,PUT,24150,2026-07-17
2026-07-17 09:44:00+05:30,20.45,20.65,20.1,20.1,178165,2976870,15.649571,24231.3,23750.0,23650,ATM-10,PUT,24150,2026-07-17
2026-07-17 09:45:00+05:30,20.2,20.2,19.4,19.7,420225,3032120,15.634763,24234.5,23750.0,23650,ATM-10,PUT,24150,2026-07-17
2026-07-17 09:46:00+05:30,19.75,20.1,19.65,19.8,134225,3110380,15.809563,24241.45,23750.0,23650,ATM-10,PUT,24150,2026-07-17
2026-07-17 09:47:00+05:30,19.75,19.95,19.35,19.95,160745,3136185,15.731681,24236.35,23750.0,23650,ATM-10,PUT,24150,2026-07-17
2026-07-17 09:48:00+05:30,20.0,20.0,19.8,19.95,99385,3181815,15.813888,24240.05,23750.0,23650,ATM-10,PUT,24150,2026-07-17
2026-07-17 09:49:00+05:30,19.9,20.15,19.9,20.0,103740,3202940,15.7558,24236.85,23750.0,23650,ATM-10,PUT,24150,2026-07-17
2026-07-17 09:50:00+05:30,19.95,20.0,19.4,19.45,177905,3215160,15.776037,24243.2,23750.0,23650,ATM-10,PUT,24150,2026-07-17
2026-07-17 09:51:00+05:30,19.45,20.25,19.45,20.1,83850,3233165,15.605049,24228.9,23750.0,23650,ATM-10,PUT,24150,2026-07-17
2026-07-17 09:52:00+05:30,20.1,20.65,20.0,20.35,134550,3242915,15.682693,24229.95,23750.0,23650,ATM-10,PUT,24150,2026-07-17
2026-07-17 09:53:00+05:30,20.45,20.45,20.1,20.1,52065,3286660,15.699767,24233.1,23750.0,23650,ATM-10,PUT,24150,2026-07-17
2026-07-17 09:54:00+05:30,20.15,20.3,19.85,20.15,71045,3293680,15.863182,24240.0,23750.0,23650,ATM-10,PUT,24150,2026-07-17
2026-07-17 09:55:00+05:30,20.1,20.75,20.1,20.7,76505,3305250,15.766019,24230.2,23750.0,23650,ATM-10,PUT,24150,2026-07-17
2026-07-17 09:56:00+05:30,16.8,16.8,16.55,16.7,123825,6036875,15.822686,24223.1,23700.0,23650,ATM-10,PUT,24150,2026-07-17
2026-07-17 09:57:00+05:30,16.7,16.95,16.6,16.85,132665,6077760,15.780848,24219.35,23700.0,23650,ATM-10,PUT,24150,2026-07-17
2026-07-17 09:58:00+05:30,20.8,20.95,20.25,20.25,95160,3333135,15.648642,24229.05,23750.0,23650,ATM-10,PUT,24150,2026-07-17
2026-07-17 09:59:00+05:30,20.2,20.6,20.2,20.3,73645,3329950,15.656072,24228.85,23750.0,23650,ATM-10,PUT,24150,2026-07-17
2026-07-17 10:00:00+05:30,16.5,17.1,16.3,17.05,183885,6057155,15.881019,24221.65,23700.0,23650,ATM-10,PUT,24150,2026-07-17
2026-07-17 10:01:00+05:30,17.05,17.1,16.7,16.95,207090,6118060,15.661272,24212.35,23700.0,23650,ATM-10,PUT,24150,2026-07-17
2026-07-17 10:02:00+05:30,16.8,16.95,16.6,16.75,156455,6175910,15.689867,24215.9,23700.0,23650,ATM-10,PUT,24150,2026-07-17
2026-07-17 10:03:00+05:30,16.65,16.8,16.6,16.6,82485,6187025,15.634899,24214.95,23700.0,23650,ATM-10,PUT,24150,2026-07-17
2026-07-17 10:04:00+05:30,16.6,16.75,16.5,16.75,111085,6193265,15.662621,24214.5,23700.0,23650,ATM-10,PUT,24150,2026-07-17
2026-07-17 10:05:00+05:30,16.65,16.8,16.2,16.35,106080,6233565,15.710575,24221.3,23700.0,23650,ATM-10,PUT,24150,2026-07-17
2026-07-17 10:06:00+05:30,16.35,16.45,16.15,16.4,93925,6263595,15.753421,24222.7,23700.0,23650,ATM-10,PUT,24150,2026-07-17
2026-07-17 10:07:00+05:30,20.45,20.7,20.35,20.4,36530,3432975,15.616116,24225.65,23750.0,23650,ATM-10,PUT,24150,2026-07-17
2026-07-17 10:08:00+05:30,20.35,20.8,20.3,20.35,46150,3444870,15.649777,24227.6,23750.0,23650,ATM-10,PUT,24150,2026-07-17
2026-07-17 10:09:00+05:30,20.3,20.4,19.95,20.3,67145,3458065,15.736306,24231.95,23750.0,23650,ATM-10,PUT,24150,2026-07-17
2026-07-17 10:10:00+05:30,20.3,20.7,20.25,20.65,33280,3453970,15.783283,24230.65,23750.0,23650,ATM-10,PUT,24150,2026-07-17
2026-07-17 10:11:00+05:30,20.6,20.65,20.35,20.5,39390,3450590,15.810061,24233.25,23750.0,23650,ATM-10,PUT,24150,2026-07-17
2026-07-17 10:12:00+05:30,20.4,20.5,19.9,20.05,89635,3462485,15.861008,24239.9,23750.0,23650,ATM-10,PUT,24150,2026-07-17
2026-07-17 10:13:00+05:30,20.05,20.2,19.9,20.05,53170,3465085,15.998133,24246.1,23750.0,23650,ATM-10,PUT,24150,2026-07-17
2026-07-17 10:14:00+05:30,20.1,20.35,20.0,20.25,73775,3469310,15.905503,24239.85,23750.0,23650,ATM-10,PUT,24150,2026-07-17
2026-07-17 10:15:00+05:30,20.2,20.4,20.1,20.35,101920,3474185,16.056824,24245.7,23750.0,23650,ATM-10,PUT,24150,2026-07-17
2026-07-17 10:16:00+05:30,20.35,20.45,20.05,20.05,40755,3499795,16.024769,24247.15,23750.0,23650,ATM-10,PUT,24150,2026-07-17
2026-07-17 10:17:00+05:30,20.15,20.15,19.75,19.9,131820,3502395,16.13526,24253.65,23750.0,23650,ATM-10,PUT,24150,2026-07-17
2026-07-17 10:18:00+05:30,19.95,20.1,19.65,19.9,317005,3512080,16.588721,24274.45,23750.0,23650,ATM-10,PUT,24150,2026-07-17
2026-07-17 10:19:00+05:30,19.8,20.1,19.5,19.75,310050,3458910,16.545609,24273.95,23750.0,23650,ATM-10,PUT,24150,2026-07-17
2026-07-17 10:20:00+05:30,19.65,19.9,19.5,19.85,176410,3466450,16.413084,24266.75,23750.0,23650,ATM-10,PUT,24150,2026-07-17
2026-07-17 10:21:00+05:30,19.8,19.85,19.5,19.75,114660,3470805,16.425714,24268.3,23750.0,23650,ATM-10,PUT,24150,2026-07-17
2026-07-17 10:22:00+05:30,19.8,19.9,19.3,19.5,114075,3487640,16.255126,24262.95,23750.0,23650,ATM-10,PUT,24150,2026-07-17
2026-07-17 10:23:00+05:30,19.55,19.75,19.5,19.5,166335,3524300,16.166296,24258.8,23750.0,23650,ATM-10,PUT,24150,2026-07-17
2026-07-17 10:24:00+05:30,19.45,19.7,19.45,19.45,109915,3530280,16.08687,24255.6,23750.0,23650,ATM-10,PUT,24150,2026-07-17
2026-07-17 10:25:00+05:30,19.45,19.8,19.35,19.6,63440,3569410,16.301782,24263.9,23750.0,23650,ATM-10,PUT,24150,2026-07-17
2026-07-17 10:26:00+05:30,19.65,19.65,19.35,19.35,58890,3584880,16.287146,24265.75,23750.0,23650,ATM-10,PUT,24150,2026-07-17
2026-07-17 10:27:00+05:30,19.35,19.45,19.3,19.4,104585,3580005,16.340753,24267.65,23750.0,23650,ATM-10,PUT,24150,2026-07-17
2026-07-17 10:28:00+05:30,19.4,19.45,19.1,19.15,69680,3594370,16.407542,24273.3,23750.0,23650,ATM-10,PUT,24150,2026-07-17
2026-07-17 10:29:00+05:30,23.75,23.75,23.4,23.5,287495,8227830,16.38182,24281.55,23800.0,23650,ATM-10,PUT,24150,2026-07-17
2026-07-17 10:30:00+05:30,23.5,23.75,23.2,23.4,297505,8275085,16.314438,24279.4,23800.0,23650,ATM-10,PUT,24150,2026-07-17
2026-07-17 10:31:00+05:30,23.35,23.75,23.3,23.65,273130,8315125,16.449415,24283.1,23800.0,23650,ATM-10,PUT,24150,2026-07-17
2026-07-17 10:32:00+05:30,23.75,23.85,23.6,23.8,249925,8369725,16.528182,24285.2,23800.0,23650,ATM-10,PUT,24150,2026-07-17
2026-07-17 10:33:00+05:30,23.8,24.3,23.8,24.25,252850,8395660,16.493202,24279.65,23800.0,23650,ATM-10,PUT,24150,2026-07-17
2026-07-17 10:34:00+05:30,24.25,24.45,24.2,24.4,224185,8431670,16.629799,24284.3,23800.0,23650,ATM-10,PUT,24150,2026-07-17
2026-07-17 10:35:00+05:30,19.95,20.0,19.65,19.75,60775,3651960,16.527906,24272.2,23750.0,23650,ATM-10,PUT,24150,2026-07-17
2026-07-17 10:36:00+05:30,19.7,19.85,19.6,19.75,56745,3655600,16.535678,24272.5,23750.0,23650,ATM-10,PUT,24150,2026-07-17
2026-07-17 10:37:00+05:30,19.75,19.9,19.6,19.7,30615,3663205,16.411821,24267.25,23750.0,23650,ATM-10,PUT,24150,2026-07-17
2026-07-17 10:38:00+05:30,19.65,19.8,19.2,19.3,118040,3684005,16.335207,24267.8,23750.0,23650,ATM-10,PUT,24150,2026-07-17
2026-07-17 10:39:00+05:30,19.25,19.45,19.25,19.45,58240,3716830,16.358315,24267.25,23750.0,23650,ATM-10,PUT,24150,2026-07-17
2026-07-17 10:40:00+05:30,19.45,19.5,19.15,19.15,38545,3717740,16.317859,24268.45,23750.0,23650,ATM-10,PUT,24150,2026-07-17
2026-07-17 10:41:00+05:30,19.15,19.25,19.0,19.1,37895,3727230,16.357452,24270.75,23750.0,23650,ATM-10,PUT,24150,2026-07-17
2026-07-17 10:42:00+05:30,19.05,19.35,19.05,19.3,29575,3729960,16.371589,24269.25,23750.0,23650,ATM-10,PUT,24150,2026-07-17
2026-07-17 10:43:00+05:30,19.35,19.85,19.2,19.75,147940,3723980,16.013968,24248.15,23750.0,23650,ATM-10,PUT,24150,2026-07-17
2026-07-17 10:44:00+05:30,19.65,19.75,19.3,19.5,76570,3706950,16.198755,24259.1,23750.0,23650,ATM-10,PUT,24150,2026-07-17
2026-07-17 10:45:00+05:30,19.5,20.1,19.4,20.05,75140,3716570,16.195041,24253.3,23750.0,23650,ATM-10,PUT,24150,2026-07-17
2026-07-17 10:46:00+05:30,20.05,20.05,19.65,19.85,99385,3739125,16.134819,24252.5,23750.0,23650,ATM-10,PUT,24150,2026-07-17
2026-07-17 10:47:00+05:30,19.8,19.85,19.5,19.5,58955,3745820,16.100112,24254.4,23750.0,23650,ATM-10,PUT,24150,2026-07-17
2026-07-17 10:48:00+05:30,19.65,19.7,19.45,19.7,43355,3738475,16.128231,24253.6,23750.0,23650,ATM-10,PUT,24150,2026-07-17
2026-07-17 10:49:00+05:30,19.7,19.75,19.25,19.45,54210,3749980,15.993311,24249.9,23750.0,23650,ATM-10,PUT,24150,2026-07-17
2026-07-17 10:50:00+05:30,19.4,19.45,18.9,19.05,121225,3775200,15.930436,24251.05,23750.0,23650,ATM-10,PUT,24150,2026-07-17
2026-07-17 10:51:00+05:30,19.05,19.35,19.05,19.15,25545,3810105,15.907215,24248.9,23750.0,23650,ATM-10,PUT,24150,2026-07-17
2026-07-17 10:52:00+05:30,19.05,19.25,18.85,18.95,62530,3803800,15.925645,24251.75,23750.0,23650,ATM-10,PUT,24150,2026-07-17
2026-07-17 10:53:00+05:30,18.85,18.95,18.5,18.65,68120,3799835,15.955568,24256.2,23750.0,23650,ATM-10,PUT,24150,2026-07-17
2026-07-17 10:54:00+05:30,18.7,19.05,18.6,18.75,181350,3848585,15.965399,24255.55,23750.0,23650,ATM-10,PUT,24150,2026-07-17
2026-07-17 10:55:00+05:30,18.8,19.05,18.7,18.7,26910,3858855,15.981268,24256.75,23750.0,23650,ATM-10,PUT,24150,2026-07-17
2026-07-17 10:56:00+05:30,18.7,19.1,18.65,18.9,36400,3858790,16.008276,24255.85,23750.0,23650,ATM-10,PUT,24150,2026-07-17
2026-07-17 10:57:00+05:30,18.8,18.95,18.7,18.75,37765,3855410,15.989649,24256.5,23750.0,23650,ATM-10,PUT,24150,2026-07-17
2026-07-17 10:58:00+05:30,18.8,18.8,18.5,18.6,27885,3860155,15.983832,24257.75,23750.0,23650,ATM-10,PUT,24150,2026-07-17
2026-07-17 10:59:00+05:30,18.6,18.7,18.4,18.5,76505,3904875,15.946036,24257.0,23750.0,23650,ATM-10,PUT,24150,2026-07-17
2026-07-17 11:00:00+05:30,18.4,18.5,18.2,18.45,45565,3907865,15.998465,24259.9,23750.0,23650,ATM-10,PUT,24150,2026-07-17
2026-07-17 11:01:00+05:30,18.45,18.65,18.3,18.5,46540,3917940,15.939833,24256.6,23750.0,23650,ATM-10,PUT,24150,2026-07-17
2026-07-17 11:02:00+05:30,18.5,18.8,18.5,18.8,58630,3910725,15.834514,24248.55,23750.0,23650,ATM-10,PUT,24150,2026-07-17
2026-07-17 11:03:00+05:30,18.7,18.85,18.6,18.65,26130,3898895,15.836635,24250.15,23750.0,23650,ATM-10,PUT,24150,2026-07-17
2026-07-17 11:04:00+05:30,18.65,18.7,18.45,18.5,22230,3907800,15.977011,24258.15,23750.0,23650,ATM-10,PUT,24150,2026-07-17
2026-07-17 11:05:00+05:30,18.55,18.55,18.3,18.45,34320,3911505,16.054248,24262.2,23750.0,23650,ATM-10,PUT,24150,2026-07-17
2026-07-17 11:06:00+05:30,18.55,18.75,18.4,18.4,32110,3912480,16.03752,24261.9,23750.0,23650,ATM-10,PUT,24150,2026-07-17
2026-07-17 11:07:00+05:30,18.4,19.2,18.4,19.2,47125,3910595,15.877838,24246.15,23750.0,23650,ATM-10,PUT,24150,2026-07-17
2026-07-17 11:08:00+05:30,19.2,19.5,19.1,19.35,94770,3899610,15.741551,24238.35,23750.0,23650,ATM-10,PUT,24150,2026-07-17
2026-07-17 11:09:00+05:30,19.25,19.4,18.95,18.95,103740,3938090,15.731716,24241.9,23750.0,23650,ATM-10,PUT,24150,2026-07-17
2026-07-17 11:10:00+05:30,18.85,19.4,18.85,19.35,68575,3926455,15.756028,24238.9,23750.0,23650,ATM-10,PUT,24150,2026-07-17
2026-07-17 11:11:00+05:30,19.3,19.35,19.0,19.25,46280,3933995,15.775677,24240.75,23750.0,23650,ATM-10,PUT,24150,2026-07-17
2026-07-17 11:12:00+05:30,19.2,19.4,19.1,19.25,47255,3955640,15.797693,24241.7,23750.0,23650,ATM-10,PUT,24150,2026-07-17
2026-07-17 11:13:00+05:30,19.2,19.7,19.2,19.55,69745,3926780,15.781701,24237.9,23750.0,23650,ATM-10,PUT,24150,2026-07-17
2026-07-17 11:14:00+05:30,19.45,19.7,19.05,19.2,55640,3930095,15.657537,24235.7,23750.0,23650,ATM-10,PUT,24150,2026-07-17
2026-07-17 11:15:00+05:30,19.25,19.45,19.15,19.35,56095,3917290,15.763166,24238.95,23750.0,23650,ATM-10,PUT,24150,2026-07-17
2026-07-17 11:16:00+05:30,19.25,19.8,19.25,19.6,55770,3915210,15.74018,24235.35,23750.0,23650,ATM-10,PUT,24150,2026-07-17
2026-07-17 11:17:00+05:30,19.6,19.65,19.0,19.1,64285,3908645,15.722281,24239.5,23750.0,23650,ATM-10,PUT,24150,2026-07-17
2026-07-17 11:18:00+05:30,19.2,19.5,19.1,19.5,85410,3914495,15.75478,24236.9,23750.0,23650,ATM-10,PUT,24150,2026-07-17
2026-07-17 11:19:00+05:30,19.5,19.55,19.15,19.35,32370,3901820,15.827235,24241.65,23750.0,23650,ATM-10,PUT,24150,2026-07-17
2026-07-17 11:20:00+05:30,19.3,19.4,19.05,19.25,25285,3891550,15.808485,24241.75,23750.0,23650,ATM-10,PUT,24150,2026-07-17
2026-07-17 11:21:00+05:30,19.35,19.4,19.1,19.1,17940,3892590,15.775275,24241.7,23750.0,23650,ATM-10,PUT,24150,2026-07-17
2026-07-17 11:22:00+05:30,19.1,19.15,18.7,18.8,62465,3897595,15.878424,24249.45,23750.0,23650,ATM-10,PUT,24150,2026-07-17
2026-07-17 11:23:00+05:30,19.0,19.5,18.8,19.2,41080,3897595,15.728692,24238.45,23750.0,23650,ATM-10,PUT,24150,2026-07-17
2026-07-17 11:24:00+05:30,19.2,19.4,18.9,19.0,33540,3892460,15.854962,24246.2,23750.0,23650,ATM-10,PUT,24150,2026-07-17
2026-07-17 11:25:00+05:30,19.05,19.35,18.9,19.25,35555,3891940,15.835382,24242.7,23750.0,23650,ATM-10,PUT,24150,2026-07-17
2026-07-17 11:26:00+05:30,19.3,19.55,19.1,19.1,17875,3890250,15.774769,24241.4,23750.0,23650,ATM-10,PUT,24150,2026-07-17
2026-07-17 11:27:00+05:30,19.15,19.25,18.9,19.0,20085,3891160,15.799619,24243.5,23750.0,23650,ATM-10,PUT,24150,2026-07-17
2026-07-17 11:28:00+05:30,19.05,19.25,19.0,19.2,14690,3887780,15.882666,24245.2,23750.0,23650,ATM-10,PUT,24150,2026-07-17
2026-07-17 11:29:00+05:30,19.1,19.25,18.8,19.25,24310,3887585,15.846822,24243.0,23750.0,23650,ATM-10,PUT,24150,2026-07-17
2026-07-17 11:30:00+05:30,19.2,19.25,18.9,19.1,44590,3885895,15.839824,24244.15,23750.0,23650,ATM-10,PUT,24150,2026-07-17
2026-07-17 11:31:00+05:30,19.1,19.1,18.9,19.05,46605,3906370,15.874706,24246.2,23750.0,23650,ATM-10,PUT,24150,2026-07-17
2026-07-17 11:32:00+05:30,18.9,19.05,18.85,18.95,12870,3913195,15.780294,24242.85,23750.0,23650,ATM-10,PUT,24150,2026-07-17
2026-07-17 11:33:00+05:30,18.9,19.05,18.6,18.7,45370,3922100,15.858375,24248.95,23750.0,23650,ATM-10,PUT,24150,2026-07-17
2026-07-17 11:34:00+05:30,18.65,18.7,18.25,18.6,101400,3959605,15.916308,24252.6,23750.0,23650,ATM-10,PUT,24150,2026-07-17
2026-07-17 11:35:00+05:30,18.55,18.65,18.35,18.5,29185,3966365,16.023819,24258.55,23750.0,23650,ATM-10,PUT,24150,2026-07-17
2026-07-17 11:36:00+05:30,18.45,19.0,18.45,19.0,43680,3976440,15.97117,24250.85,23750.0,23650,ATM-10,PUT,24150,2026-07-17
2026-07-17 11:37:00+05:30,18.95,19.3,18.85,19.2,57980,3965455,15.930899,24246.9,23750.0,23650,ATM-10,PUT,24150,2026-07-17
2026-07-17 11:38:00+05:30,19.2,19.2,18.7,18.85,42250,3954990,15.947436,24251.2,23750.0,23650,ATM-10,PUT,24150,2026-07-17
2026-07-17 11:39:00+05:30,18.85,19.0,18.8,18.9,64675,3964090,16.087399,24257.05,23750.0,23650,ATM-10,PUT,24150,2026-07-17
2026-07-17 11:40:00+05:30,18.9,19.2,18.75,19.0,47385,3963310,16.142873,24258.5,23750.0,23650,ATM-10,PUT,24150,2026-07-17
2026-07-17 11:41:00+05:30,19.05,19.15,18.85,18.85,34710,3967080,16.214363,24263.3,23750.0,23650,ATM-10,PUT,24150,2026-07-17
2026-07-17 11:42:00+05:30,18.9,19.0,18.7,18.9,26260,3973970,16.185742,24261.4,23750.0,23650,ATM-10,PUT,24150,2026-07-17
2026-07-17 11:43:00+05:30,18.85,18.9,18.7,18.8,22360,3981510,16.1794,24262.1,23750.0,23650,ATM-10,PUT,24150,2026-07-17
2026-07-17 11:44:00+05:30,18.7,18.8,18.45,18.65,97500,4010305,16.256836,24267.2,23750.0,23650,ATM-10,PUT,24150,2026-07-17
2026-07-17 11:45:00+05:30,18.75,18.75,18.4,18.45,96980,4040140,16.305892,24271.55,23750.0,23650,ATM-10,PUT,24150,2026-07-17
2026-07-17 11:46:00+05:30,18.5,18.8,18.4,18.75,246805,3940950,16.322419,24269.05,23750.0,23650,ATM-10,PUT,24150,2026-07-17
2026-07-17 11:47:00+05:30,18.65,18.9,18.65,18.8,40170,3948425,16.276645,24266.35,23750.0,23650,ATM-10,PUT,24150,2026-07-17
2026-07-17 11:48:00+05:30,18.85,18.85,18.6,18.65,18135,3952975,16.27161,24267.65,23750.0,23650,ATM-10,PUT,24150,2026-07-17
2026-07-17 11:49:00+05:30,18.7,18.75,18.55,18.55,16380,3951350,16.24981,24267.65,23750.0,23650,ATM-10,PUT,24150,2026-07-17
2026-07-17 11:50:00+05:30,18.5,18.6,18.4,18.45,18915,3959280,16.291691,24270.6,23750.0,23650,ATM-10,PUT,24150,2026-07-17
2026-07-17 11:51:00+05:30,18.45,18.6,18.4,18.5,26455,3956745,16.342353,24272.35,23750.0,23650,ATM-10,PUT,24150,2026-07-17
2026-07-17 11:52:00+05:30,18.5,18.6,18.35,18.45,36400,3967145,16.364379,24273.85,23750.0,23650,ATM-10,PUT,24150,2026-07-17
2026-07-17 11:53:00+05:30,22.7,23.05,22.55,22.95,128180,8555950,16.311398,24278.7,23800.0,23650,ATM-10,PUT,24150,2026-07-17
2026-07-17 11:54:00+05:30,22.85,22.95,22.7,22.95,61360,8555170,16.319464,24279.0,23800.0,23650,ATM-10,PUT,24150,2026-07-17
2026-07-17 11:55:00+05:30,18.6,18.95,18.5,18.9,48555,3957330,16.492924,24274.8,23750.0,23650,ATM-10,PUT,24150,2026-07-17
2026-07-17 11:56:00+05:30,23.25,23.4,23.05,23.3,77155,8546850,16.423726,24280.35,23800.0,23650,ATM-10,PUT,24150,2026-07-17
2026-07-17 11:57:00+05:30,23.3,23.95,23.25,23.75,266630,8507395,16.492988,24279.35,23800.0,23650,ATM-10,PUT,24150,2026-07-17
2026-07-17 11:58:00+05:30,19.5,19.65,19.0,19.2,88920,3957070,16.569994,24275.0,23750.0,23650,ATM-10,PUT,24150,2026-07-17
2026-07-17 11:59:00+05:30,23.55,23.6,23.35,23.5,72085,8496735,16.411042,24277.85,23800.0,23650,ATM-10,PUT,24150,2026-07-17
2026-07-17 12:00:00+05:30,19.15,19.25,18.95,19.15,38610,3978520,16.472033,24270.9,23750.0,23650,ATM-10,PUT,24150,2026-07-17
2026-07-17 12:01:00+05:30,19.15,19.15,18.95,18.95,34190,3978390,16.367794,24268.15,23750.0,23650,ATM-10,PUT,24150,2026-07-17
2026-07-17 12:02:00+05:30,18.95,19.1,18.85,18.95,28795,3982615,16.350593,24267.3,23750.0,23650,ATM-10,PUT,24150,2026-07-17
2026-07-17 12:03:00+05:30,23.35,23.45,23.2,23.25,66950,8483800,16.312117,24275.5,23800.0,23650,ATM-10,PUT,24150,2026-07-17
2026-07-17 12:04:00+05:30,18.85,19.15,18.8,19.15,23010,3996785,16.563004,24274.85,23750.0,23650,ATM-10,PUT,24150,2026-07-17
2026-07-17 12:05:00+05:30,19.2,19.25,19.0,19.2,34580,3990870,16.562705,24274.25,23750.0,23650,ATM-10,PUT,24150,2026-07-17
2026-07-17 12:06:00+05:30,19.2,19.3,19.1,19.1,35100,3994965,16.400834,24267.8,23750.0,23650,ATM-10,PUT,24150,2026-07-17
2026-07-17 12:07:00+05:30,19.15,19.25,19.1,19.2,16640,3998735,16.327871,24263.35,23750.0,23650,ATM-10,PUT,24150,2026-07-17
2026-07-17 12:08:00+05:30,19.25,19.3,19.0,19.05,22425,4002050,16.39849,24268.1,23750.0,23650,ATM-10,PUT,24150,2026-07-17
2026-07-17 12:09:00+05:30,19.0,19.15,18.9,19.15,41405,3993860,16.555318,24274.2,23750.0,23650,ATM-10,PUT,24150,2026-07-17
2026-07-17 12:10:00+05:30,19.15,19.3,19.0,19.25,36400,3994640,16.575148,24274.0,23750.0,23650,ATM-10,PUT,24150,2026-07-17
2026-07-17 12:11:00+05:30,19.4,19.5,19.2,19.25,36790,3994640,16.523108,24271.55,23750.0,23650,ATM-10,PUT,24150,2026-07-17
2026-07-17 12:12:00+05:30,23.75,23.95,23.55,23.55,73710,8774675,16.393121,24275.9,23800.0,23650,ATM-10,PUT,24150,2026-07-17
2026-07-17 12:13:00+05:30,19.15,19.3,19.05,19.25,9555,4011735,16.502804,24270.5,23750.0,23650,ATM-10,PUT,24150,2026-07-17
2026-07-17 12:14:00+05:30,23.7,23.75,23.4,23.4,29380,8786700,16.380262,24276.55,23800.0,23650,ATM-10,PUT,24150,2026-07-17
2026-07-17 12:15:00+05:30,23.4,23.6,23.35,23.45,45500,8767070,16.481702,24280.5,23800.0,23650,ATM-10,PUT,24150,2026-07-17
2026-07-17 12:16:00+05:30,19.05,19.35,19.0,19.3,16965,4012775,16.600852,24274.3,23750.0,23650,ATM-10,PUT,24150,2026-07-17
2026-07-17 12:17:00+05:30,19.15,19.35,19.1,19.25,27430,4009005,16.544983,24272.2,23750.0,23650,ATM-10,PUT,24150,2026-07-17
2026-07-17 12:18:00+05:30,23.6,23.75,23.4,23.65,52520,8760830,16.415138,24275.65,23800.0,23650,ATM-10,PUT,24150,2026-07-17
2026-07-17 12:19:00+05:30,23.7,23.9,23.6,23.8,35555,8757190,16.441935,24275.45,23800.0,23650,ATM-10,PUT,24150,2026-07-17
2026-07-17 12:20:00+05:30,23.8,24.25,23.6,24.15,179920,8744840,16.634669,24280.75,23800.0,23650,ATM-10,PUT,24150,2026-07-17
2026-07-17 12:21:00+05:30,24.1,24.2,23.95,23.95,57265,8735350,16.567279,24279.5,23800.0,23650,ATM-10,PUT,24150,2026-07-17
2026-07-17 12:22:00+05:30,19.5,19.7,19.5,19.6,12870,4038255,16.624529,24271.9,23750.0,23650,ATM-10,PUT,24150,2026-07-17
2026-07-17 12:23:00+05:30,24.05,24.15,23.8,23.9,69160,8713510,16.59528,24281.05,23800.0,23650,ATM-10,PUT,24150,2026-07-17
2026-07-17 12:24:00+05:30,23.95,24.05,23.8,23.8,48165,8713510,16.59245,24281.75,23800.0,23650,ATM-10,PUT,24150,2026-07-17
2026-07-17 12:25:00+05:30,23.95,24.1,23.75,24.0,113685,8701940,16.564126,24278.7,23800.0,23650,ATM-10,PUT,24150,2026-07-17
2026-07-17 12:26:00+05:30,24.05,24.25,23.85,24.0,137800,8697845,16.533325,24277.3,23800.0,23650,ATM-10,PUT,24150,2026-07-17
2026-07-17 12:27:00+05:30,24.0,24.0,23.75,23.85,48230,8700055,16.533178,24278.55,23800.0,23650,ATM-10,PUT,24150,2026-07-17
2026-07-17 12:28:00+05:30,23.9,24.05,23.8,24.0,44200,8688745,16.549649,24277.9,23800.0,23650,ATM-10,PUT,24150,2026-07-17
2026-07-17 12:29:00+05:30,24.0,24.3,24.0,24.3,50310,8688745,16.605107,24277.65,23800.0,23650,ATM-10,PUT,24150,2026-07-17
2026-07-17 12:30:00+05:30,19.85,19.95,19.8,19.8,51935,4080245,16.738188,24274.55,23750.0,23650,ATM-10,PUT,24150,2026-07-17
2026-07-17 12:31:00+05:30,24.4,24.5,24.25,24.25,122005,8674770,16.58509,24277.1,23800.0,23650,ATM-10,PUT,24150,2026-07-17
2026-07-17 12:32:00+05:30,19.75,19.9,19.7,19.85,19370,4092595,16.734585,24273.75,23750.0,23650,ATM-10,PUT,24150,2026-07-17
2026-07-17 12:33:00+05:30,24.4,24.55,24.3,24.3,94705,8676590,16.674594,24280.45,23800.0,23650,ATM-10,PUT,24150,2026-07-17
2026-07-17 12:34:00+05:30,24.35,24.4,24.05,24.35,88855,8676915,16.701952,24281.15,23800.0,23650,ATM-10,PUT,24150,2026-07-17
2026-07-17 12:35:00+05:30,24.35,24.45,24.15,24.3,29185,8656700,16.696709,24281.3,23800.0,23650,ATM-10,PUT,24150,2026-07-17
2026-07-17 12:36:00+05:30,24.25,24.35,24.15,24.3,40170,8652475,16.706042,24281.65,23800.0,23650,ATM-10,PUT,24150,2026-07-17
2026-07-17 12:37:00+05:30,24.15,24.3,23.95,24.2,34385,8643895,16.62421,24278.9,23800.0,23650,ATM-10,PUT,24150,2026-07-17
2026-07-17 12:38:00+05:30,24.2,24.25,23.95,24.1,32045,8635445,16.59632,24278.5,23800.0,23650,ATM-10,PUT,24150,2026-07-17
2026-07-17 12:39:00+05:30,24.05,24.1,23.85,24.1,49465,8645910,16.580392,24277.75,23800.0,23650,ATM-10,PUT,24150,2026-07-17
2026-07-17 12:40:00+05:30,19.55,19.8,19.5,19.8,12350,4157920,16.575778,24266.55,23750.0,23650,ATM-10,PUT,24150,2026-07-17
2026-07-17 12:41:00+05:30,19.75,19.8,19.4,19.45,49465,4156490,16.552761,24269.05,23750.0,23650,ATM-10,PUT,24150,2026-07-17
2026-07-17 12:42:00+05:30,23.85,23.95,23.65,23.7,110110,8509345,16.558908,24280.15,23800.0,23650,ATM-10,PUT,24150,2026-07-17
2026-07-17 12:43:00+05:30,19.25,19.5,19.25,19.4,19565,4157465,16.674047,24275.0,23750.0,23650,ATM-10,PUT,24150,2026-07-17
2026-07-17 12:44:00+05:30,23.8,23.85,23.65,23.65,22360,8481915,16.480421,24277.05,23800.0,23650,ATM-10,PUT,24150,2026-07-17
2026-07-17 12:45:00+05:30,23.65,23.8,23.5,23.5,137605,8499270,16.598854,24283.5,23800.0,23650,ATM-10,PUT,24150,2026-07-17
2026-07-17 12:46:00+05:30,23.65,23.75,23.5,23.65,67015,8485035,16.602008,24282.25,23800.0,23650,ATM-10,PUT,24150,2026-07-17
2026-07-17 12:47:00+05:30,23.65,23.8,23.55,23.75,41145,8458320,16.721856,24286.55,23800.0,23650,ATM-10,PUT,24150,2026-07-17
2026-07-17 12:48:00+05:30,23.75,23.85,23.55,23.55,88400,8462025,16.698496,24287.25,23800.0,23650,ATM-10,PUT,24150,2026-07-17
2026-07-17 12:49:00+05:30,23.35,23.65,21.9,22.7,568945,8491405,16.678218,24294.0,23800.0,23650,ATM-10,PUT,24150,2026-07-17
2026-07-17 12:50:00+05:30,22.65,23.7,22.65,23.4,155025,8419060,16.587271,24283.6,23800.0,23650,ATM-10,PUT,24150,2026-07-17
2026-07-17 12:51:00+05:30,23.7,24.25,23.4,23.75,380445,8454810,16.608116,24281.35,23800.0,23650,ATM-10,PUT,24150,2026-07-17
2026-07-17 12:52:00+05:30,23.75,24.25,23.7,24.05,94770,8641165,16.633136,24279.75,23800.0,23650,ATM-10,PUT,24150,2026-07-17
2026-07-17 12:53:00+05:30,19.7,19.8,19.55,19.7,66560,4212390,16.700716,24272.5,23750.0,23650,ATM-10,PUT,24150,2026-07-17
2026-07-17 12:54:00+05:30,19.7,20.1,19.7,19.85,128180,4218565,16.76672,24273.9,23750.0,23650,ATM-10,PUT,24150,2026-07-17
2026-07-17 12:55:00+05:30,19.8,20.05,19.45,20.05,46085,4212195,16.753805,24271.2,23750.0,23650,ATM-10,PUT,24150,2026-07-17
2026-07-17 12:56:00+05:30,20.0,20.05,19.6,19.75,40430,4225585,16.760952,24274.55,23750.0,23650,ATM-10,PUT,24150,2026-07-17
2026-07-17 12:57:00+05:30,24.05,24.1,23.25,23.65,134615,8660925,16.57277,24280.35,23800.0,23650,ATM-10,PUT,24150,2026-07-17
2026-07-17 12:58:00+05:30,23.75,23.85,23.5,23.7,45500,8595990,16.552092,24278.95,23800.0,23650,ATM-10,PUT,24150,2026-07-17
2026-07-17 12:59:00+05:30,23.65,23.7,23.4,23.45,77285,8598590,16.602268,24283.3,23800.0,23650,ATM-10,PUT,24150,2026-07-17
2026-07-17 13:00:00+05:30,23.3,23.8,23.25,23.65,162760,8603075,16.632765,24282.8,23800.0,23650,ATM-10,PUT,24150,2026-07-17
2026-07-17 13:01:00+05:30,23.6,23.7,23.2,23.3,47125,8696740,16.584561,24283.75,23800.0,23650,ATM-10,PUT,24150,2026-07-17
2026-07-17 13:02:00+05:30,23.3,23.5,23.1,23.35,66690,8684975,16.479487,24278.65,23800.0,23650,ATM-10,PUT,24150,2026-07-17
2026-07-17 13:03:00+05:30,23.45,23.7,23.15,23.4,49010,8681985,16.537843,24280.7,23800.0,23650,ATM-10,PUT,24150,2026-07-17
2026-07-17 13:04:00+05:30,23.4,23.5,23.2,23.4,71175,8695050,16.519686,24279.85,23800.0,23650,ATM-10,PUT,24150,2026-07-17
2026-07-17 13:05:00+05:30,23.35,23.75,23.35,23.55,213460,8809580,16.580055,24281.1,23800.0,23650,ATM-10,PUT,24150,2026-07-17
2026-07-17 13:06:00+05:30,23.45,23.55,23.25,23.4,42250,8917740,16.616035,24283.95,23800.0,23650,ATM-10,PUT,24150,2026-07-17
2026-07-17 13:07:00+05:30,23.35,23.95,23.2,23.9,51675,8933015,16.546618,24276.45,23800.0,23650,ATM-10,PUT,24150,2026-07-17
2026-07-17 13:08:00+05:30,23.85,23.9,23.65,23.8,58500,8912085,16.603598,24279.75,23800.0,23650,ATM-10,PUT,24150,2026-07-17
2026-07-17 13:09:00+05:30,23.8,23.95,23.7,23.95,28210,8932040,16.59491,24278.0,23800.0,23650,ATM-10,PUT,24150,2026-07-17
2026-07-17 13:10:00+05:30,23.9,23.95,23.55,23.75,36010,8940230,16.590362,24279.5,23800.0,23650,ATM-10,PUT,24150,2026-07-17
2026-07-17 13:11:00+05:30,23.65,23.8,23.45,23.7,36790,8939905,16.576963,24279.3,23800.0,23650,ATM-10,PUT,24150,2026-07-17
2026-07-17 13:12:00+05:30,23.6,23.9,23.5,23.9,31850,8935420,16.573802,24277.35,23800.0,23650,ATM-10,PUT,24150,2026-07-17
2026-07-17 13:13:00+05:30,23.85,24.0,23.55,23.65,34970,8937240,16.504016,24276.45,23800.0,23650,ATM-10,PUT,24150,2026-07-17
2026-07-17 13:14:00+05:30,23.65,23.8,23.5,23.65,35490,8954140,16.645275,24282.55,23800.0,23650,ATM-10,PUT,24150,2026-07-17
2026-07-17 13:15:00+05:30,19.4,20.15,19.25,19.8,71825,4243980,16.739101,24271.9,23750.0,23650,ATM-10,PUT,24150,2026-07-17
2026-07-17 13:16:00+05:30,19.7,19.8,19.45,19.5,44330,4258800,16.691961,24272.8,23750.0,23650,ATM-10,PUT,24150,2026-07-17
2026-07-17 13:17:00+05:30,23.9,24.25,23.85,24.0,161460,8771815,16.555486,24275.4,23800.0,23650,ATM-10,PUT,24150,2026-07-17
2026-07-17 13:18:00+05:30,19.6,19.7,19.3,19.6,26845,4260620,16.711906,24272.55,23750.0,23650,ATM-10,PUT,24150,2026-07-17
2026-07-17 13:19:00+05:30,19.6,19.7,19.45,19.65,8255,4261595,16.76414,24274.35,23750.0,23650,ATM-10,PUT,24150,2026-07-17
2026-07-17 13:20:00+05:30,23.9,24.0,23.6,23.8,68120,8688615,16.562896,24277.3,23800.0,23650,ATM-10,PUT,24150,2026-07-17
2026-07-17 13:21:00+05:30,23.85,23.95,23.7,23.7,64675,8690565,16.547459,24277.45,23800.0,23650,ATM-10,PUT,24150,2026-07-17
2026-07-17 13:22:00+05:30,19.25,19.45,19.25,19.25,13715,4263740,16.676525,24274.35,23750.0,23650,ATM-10,PUT,24150,2026-07-17
2026-07-17 13:23:00+05:30,19.35,19.7,19.15,19.6,20540,4266080,16.641556,24269.05,23750.0,23650,ATM-10,PUT,24150,2026-07-17
2026-07-17 13:24:00+05:30,19.55,19.95,19.5,19.95,69550,4265105,16.664711,24266.45,23750.0,23650,ATM-10,PUT,24150,2026-07-17
2026-07-17 13:25:00+05:30,19.9,20.05,19.35,19.35,43420,4260880,16.578422,24268.65,23750.0,23650,ATM-10,PUT,24150,2026-07-17
2026-07-17 13:26:00+05:30,19.25,19.85,19.25,19.65,44720,4276415,16.567652,24265.0,23750.0,23650,ATM-10,PUT,24150,2026-07-17
2026-07-17 13:27:00+05:30,19.75,19.85,19.65,19.85,26325,4279860,16.544534,24261.85,23750.0,23650,ATM-10,PUT,24150,2026-07-17
2026-07-17 13:28:00+05:30,19.75,19.95,19.7,19.8,46670,4291300,16.508073,24260.65,23750.0,23650,ATM-10,PUT,24150,2026-07-17
2026-07-17 13:29:00+05:30,19.75,19.85,19.35,19.55,51350,4283240,16.599552,24267.3,23750.0,23650,ATM-10,PUT,24150,2026-07-17
2026-07-17 13:30:00+05:30,19.5,19.65,19.15,19.25,42575,4278235,16.586211,24269.75,23750.0,23650,ATM-10,PUT,24150,2026-07-17
2026-07-17 13:31:00+05:30,19.2,19.3,19.0,19.2,30940,4275245,16.538752,24268.05,23750.0,23650,ATM-10,PUT,24150,2026-07-17
2026-07-17 13:32:00+05:30,19.2,19.45,19.15,19.3,22425,4269980,16.528909,24266.5,23750.0,23650,ATM-10,PUT,24150,2026-07-17
2026-07-17 13:33:00+05:30,19.3,19.5,19.25,19.3,16575,4267640,16.474145,24263.95,23750.0,23650,ATM-10,PUT,24150,2026-07-17
2026-07-17 13:34:00+05:30,19.25,19.45,19.2,19.2,30225,4269525,16.491066,24265.7,23750.0,23650,ATM-10,PUT,24150,2026-07-17
2026-07-17 13:35:00+05:30,19.3,19.3,19.0,19.1,39390,4268550,16.511139,24267.6,23750.0,23650,ATM-10,PUT,24150,2026-07-17
2026-07-17 13:36:00+05:30,19.0,19.1,18.45,18.85,69420,4262765,16.502957,24269.8,23750.0,23650,ATM-10,PUT,24150,2026-07-17
2026-07-17 13:37:00+05:30,18.85,19.2,18.8,19.1,34645,4245930,16.450092,24264.7,23750.0,23650,ATM-10,PUT,24150,2026-07-17
2026-07-17 13:38:00+05:30,19.1,19.2,18.85,19.2,41340,4246970,16.498472,24265.8,23750.0,23650,ATM-10,PUT,24150,2026-07-17
2026-07-17 13:39:00+05:30,19.05,19.2,18.85,19.0,24375,4260360,16.534984,24269.5,23750.0,23650,ATM-10,PUT,24150,2026-07-17
2026-07-17 13:40:00+05:30,19.0,19.75,18.95,19.65,35360,4254120,16.436838,24258.25,23750.0,23650,ATM-10,PUT,24150,2026-07-17
2026-07-17 13:41:00+05:30,19.6,20.2,19.35,19.35,99190,4262765,16.290821,24254.65,23750.0,23650,ATM-10,PUT,24150,2026-07-17
2026-07-17 13:42:00+05:30,19.3,19.95,19.2,19.75,45110,4264520,16.305658,24251.2,23750.0,23650,ATM-10,PUT,24150,2026-07-17
2026-07-17 13:43:00+05:30,19.75,19.9,19.3,19.3,70070,4262050,16.142762,24248.35,23750.0,23650,ATM-10,PUT,24150,2026-07-17
2026-07-17 13:44:00+05:30,19.3,19.6,18.9,19.05,61880,4256655,16.217742,24254.25,23750.0,23650,ATM-10,PUT,24150,2026-07-17
2026-07-17 13:45:00+05:30,19.0,19.45,19.0,19.25,77870,4240145,16.223603,24252.4,23750.0,23650,ATM-10,PUT,24150,2026-07-17
2026-07-17 13:46:00+05:30,19.25,19.75,19.05,19.65,82290,4229615,16.152939,24245.1,23750.0,23650,ATM-10,PUT,24150,2026-07-17
2026-07-17 13:47:00+05:30,19.6,19.7,19.25,19.3,307320,4174495,15.933782,24238.7,23750.0,23650,ATM-10,PUT,24150,2026-07-17
2026-07-17 13:48:00+05:30,19.15,19.3,18.75,18.75,179660,4102735,15.995683,24247.05,23750.0,23650,ATM-10,PUT,24150,2026-07-17
2026-07-17 13:49:00+05:30,18.8,19.25,18.75,19.2,88400,4068025,15.941659,24239.95,23750.0,23650,ATM-10,PUT,24150,2026-07-17
2026-07-17 13:50:00+05:30,19.25,19.7,19.0,19.55,181610,4016415,15.733257,24227.05,23750.0,23650,ATM-10,PUT,24150,2026-07-17
2026-07-17 13:51:00+05:30,15.75,16.05,15.6,15.6,524875,7465835,15.68595,24215.95,23700.0,23650,ATM-10,PUT,24150,2026-07-17
2026-07-17 13:52:00+05:30,15.6,15.6,15.1,15.15,418860,7431515,15.708419,24222.35,23700.0,23650,ATM-10,PUT,24150,2026-07-17
2026-07-17 13:53:00+05:30,19.0,19.05,18.45,18.65,213655,3818035,15.585491,24229.25,23750.0,23650,ATM-10,PUT,24150,2026-07-17
2026-07-17 13:54:00+05:30,18.55,18.8,18.1,18.3,137020,3792165,15.568317,24232.0,23750.0,23650,ATM-10,PUT,24150,2026-07-17
2026-07-17 13:55:00+05:30,18.45,18.65,17.75,18.1,154245,3744325,15.623068,24236.5,23750.0,23650,ATM-10,PUT,24150,2026-07-17
2026-07-17 13:56:00+05:30,18.1,18.6,18.1,18.2,63115,3714945,15.564522,24232.75,23750.0,23650,ATM-10,PUT,24150,2026-07-17
2026-07-17 13:57:00+05:30,18.15,18.45,17.9,18.3,125060,3735160,15.609566,24233.7,23750.0,23650,ATM-10,PUT,24150,2026-07-17
2026-07-17 13:58:00+05:30,18.15,18.4,17.95,18.15,72865,3724890,15.662493,24237.6,23750.0,23650,ATM-10,PUT,24150,2026-07-17
2026-07-17 13:59:00+05:30,18.05,18.15,17.05,17.45,201565,3730285,15.774516,24250.1,23750.0,23650,ATM-10,PUT,24150,2026-07-17
2026-07-17 14:00:00+05:30,17.5,17.8,17.4,17.4,60840,3699735,15.735601,24248.8,23750.0,23650,ATM-10,PUT,24150,2026-07-17
2026-07-17 14:01:00+05:30,17.4,17.8,17.3,17.35,43940,3698370,15.68141,24246.8,23750.0,23650,ATM-10,PUT,24150,2026-07-17
2026-07-17 14:02:00+05:30,17.55,17.7,17.3,17.45,32630,3694600,15.636371,24243.6,23750.0,23650,ATM-10,PUT,24150,2026-07-17
2026-07-17 14:03:00+05:30,17.45,17.55,17.3,17.4,110110,3689270,15.683702,24246.25,23750.0,23650,ATM-10,PUT,24150,2026-07-17
2026-07-17 14:04:00+05:30,17.35,17.4,17.1,17.15,40755,3715595,15.714952,24250.35,23750.0,23650,ATM-10,PUT,24150,2026-07-17
2026-07-17 14:05:00+05:30,17.15,17.2,16.6,16.8,59410,3709290,15.726557,24254.7,23750.0,23650,ATM-10,PUT,24150,2026-07-17
2026-07-17 14:06:00+05:30,16.85,17.15,16.75,17.15,46020,3694210,15.702215,24249.65,23750.0,23650,ATM-10,PUT,24150,2026-07-17
2026-07-17 14:07:00+05:30,17.2,17.2,16.85,16.95,39130,3692520,15.68605,24251.05,23750.0,23650,ATM-10,PUT,24150,2026-07-17
2026-07-17 14:08:00+05:30,16.9,17.25,16.8,17.15,22750,3691415,15.736241,24251.1,23750.0,23650,ATM-10,PUT,24150,2026-07-17
2026-07-17 14:09:00+05:30,17.1,17.15,16.9,16.95,17940,3690180,15.729768,24252.95,23750.0,23650,ATM-10,PUT,24150,2026-07-17
2026-07-17 14:10:00+05:30,16.9,17.05,16.7,16.9,31005,3687905,15.741754,24254.0,23750.0,23650,ATM-10,PUT,24150,2026-07-17
2026-07-17 14:11:00+05:30,16.9,16.9,16.15,16.2,170950,3670485,15.814508,24265.25,23750.0,23650,ATM-10,PUT,24150,2026-07-17
2026-07-17 14:12:00+05:30,16.15,16.2,15.7,15.75,368030,3584165,15.838886,24271.6,23750.0,23650,ATM-10,PUT,24150,2026-07-17
2026-07-17 14:13:00+05:30,19.45,19.45,18.7,19.0,799175,8007220,15.612887,24277.25,23800.0,23650,ATM-10,PUT,24150,2026-07-17
2026-07-17 14:14:00+05:30,19.0,19.5,18.95,19.25,329095,7992660,15.743306,24280.55,23800.0,23650,ATM-10,PUT,24150,2026-07-17
2026-07-17 14:15:00+05:30,23.85,24.15,18.6,18.6,635765,4673630,15.895332,24345.4,23850.0,23650,ATM-10,PUT,24150,2026-07-17
2026-07-17 14:16:00+05:30,17.8,20.6,17.8,20.0,1136850,4584905,16.599283,24362.9,23850.0,23650,ATM-10,PUT,24150,2026-07-17
2026-07-17 14:17:00+05:30,19.85,20.75,19.85,20.15,908505,4373200,16.290983,24347.45,23850.0,23650,ATM-10,PUT,24150,2026-07-17
2026-07-17 14:18:00+05:30,20.9,21.55,20.15,20.45,669500,4310150,16.028012,24332.7,23850.0,23650,ATM-10,PUT,24150,2026-07-17
2026-07-17 14:19:00+05:30,17.05,17.45,16.75,17.3,962065,7604740,15.913817,24308.45,23800.0,23650,ATM-10,PUT,24150,2026-07-17
2026-07-17 14:20:00+05:30,17.15,18.3,17.05,18.3,454350,7635615,16.245058,24312.75,23800.0,23650,ATM-10,PUT,24150,2026-07-17
2026-07-17 14:21:00+05:30,18.3,19.1,18.0,18.65,446940,7635875,16.253213,24309.35,23800.0,23650,ATM-10,PUT,24150,2026-07-17
2026-07-17 14:22:00+05:30,19.05,19.75,18.55,19.75,416000,7611045,16.319069,24300.95,23800.0,23650,ATM-10,PUT,24150,2026-07-17
2026-07-17 14:23:00+05:30,19.85,20.35,19.2,20.3,412035,7553000,16.258211,24292.7,23800.0,23650,ATM-10,PUT,24150,2026-07-17
2026-07-17 14:24:00+05:30,20.2,20.3,18.8,18.85,576355,7538245,16.059639,24298.3,23800.0,23650,ATM-10,PUT,24150,2026-07-17
2026-07-17 14:25:00+05:30,18.9,19.0,17.9,18.6,427960,7619040,16.201788,24307.3,23800.0,23650,ATM-10,PUT,24150,2026-07-17
2026-07-17 14:26:00+05:30,18.5,18.6,18.0,18.0,452660,7691970,16.149657,24311.25,23800.0,23650,ATM-10,PUT,24150,2026-07-17
2026-07-17 14:27:00+05:30,17.95,18.1,17.45,17.55,317200,7664020,16.037901,24310.95,23800.0,23650,ATM-10,PUT,24150,2026-07-17
2026-07-17 14:28:00+05:30,17.35,17.55,17.05,17.55,513565,7800325,16.007636,24309.5,23800.0,23650,ATM-10,PUT,24150,2026-07-17
2026-07-17 14:29:00+05:30,17.55,19.05,17.55,18.75,1014910,8105955,15.802067,24287.4,23800.0,23650,ATM-10,PUT,24150,2026-07-17
2026-07-17 14:30:00+05:30,18.7,18.75,17.55,17.65,583180,8331050,15.928208,24304.65,23800.0,23650,ATM-10,PUT,24150,2026-07-17
2026-07-17 14:31:00+05:30,17.8,18.1,17.5,18.0,411255,8374730,15.916511,24300.3,23800.0,23650,ATM-10,PUT,24150,2026-07-17
2026-07-17 14:32:00+05:30,18.0,18.1,17.65,17.75,744445,8220680,15.834101,24299.15,23800.0,23650,ATM-10,PUT,24150,2026-07-17
2026-07-17 14:33:00+05:30,17.95,18.25,17.75,18.15,452205,8228610,15.849609,24295.55,23800.0,23650,ATM-10,PUT,24150,2026-07-17
2026-07-17 14:34:00+05:30,18.15,18.3,17.75,17.9,266565,8244535,15.846534,24298.0,23800.0,23650,ATM-10,PUT,24150,2026-07-17
2026-07-17 14:35:00+05:30,17.85,18.05,17.75,17.9,135655,8247850,15.862047,24298.65,23800.0,23650,ATM-10,PUT,24150,2026-07-17
2026-07-17 14:36:00+05:30,17.85,18.25,17.85,18.15,251030,8295430,15.802775,24293.25,23800.0,23650,ATM-10,PUT,24150,2026-07-17
2026-07-17 14:37:00+05:30,18.15,18.35,17.8,18.2,197730,8326890,15.811178,24293.05,23800.0,23650,ATM-10,PUT,24150,2026-07-17
2026-07-17 14:38:00+05:30,18.2,18.4,17.6,17.7,209235,8355685,15.825544,24298.95,23800.0,23650,ATM-10,PUT,24150,2026-07-17
2026-07-17 14:39:00+05:30,17.7,17.85,17.5,17.6,245895,8273655,15.780309,24297.9,23800.0,23650,ATM-10,PUT,24150,2026-07-17
2026-07-17 14:40:00+05:30,17.65,17.9,17.6,17.75,213720,8250775,15.906563,24302.0,23800.0,23650,ATM-10,PUT,24150,2026-07-17
2026-07-17 14:41:00+05:30,17.75,17.95,17.35,17.35,184015,8271055,16.027566,24311.85,23800.0,23650,ATM-10,PUT,24150,2026-07-17
2026-07-17 14:42:00+05:30,17.45,17.6,17.1,17.1,334295,8289580,15.937268,24310.4,23800.0,23650,ATM-10,PUT,24150,2026-07-17
2026-07-17 14:43:00+05:30,17.2,17.2,16.75,16.95,254540,8300435,15.939114,24312.1,23800.0,23650,ATM-10,PUT,24150,2026-07-17
2026-07-17 14:44:00+05:30,17.0,17.0,16.35,16.55,200395,8293870,15.96246,24317.65,23800.0,23650,ATM-10,PUT,24150,2026-07-17
2026-07-17 14:45:00+05:30,16.45,16.75,16.4,16.6,249405,8277425,16.015871,24319.5,23800.0,23650,ATM-10,PUT,24150,2026-07-17
2026-07-17 14:46:00+05:30,20.65,20.95,19.9,19.95,167635,3945370,15.782844,24325.05,23850.0,23650,ATM-10,PUT,24150,2026-07-17
2026-07-17 14:47:00+05:30,16.2,16.4,16.05,16.15,276900,8345480,15.951864,24321.6,23800.0,23650,ATM-10,PUT,24150,2026-07-17
2026-07-17 14:48:00+05:30,16.15,16.55,15.5,15.5,312260,8342360,15.760345,24320.25,23800.0,23650,ATM-10,PUT,24150,2026-07-17
2026-07-17 14:49:00+05:30,15.65,15.65,15.0,15.05,618995,8454680,15.725689,24324.0,23800.0,23650,ATM-10,PUT,24150,2026-07-17
2026-07-17 14:50:00+05:30,15.0,15.4,14.7,15.4,650780,8489910,15.73205,24320.0,23800.0,23650,ATM-10,PUT,24150,2026-07-17
2026-07-17 14:51:00+05:30,15.3,15.75,15.1,15.7,239005,8473400,15.746566,24317.05,23800.0,23650,ATM-10,PUT,24150,2026-07-17
2026-07-17 14:52:00+05:30,15.55,15.7,15.45,15.7,187915,8484255,15.802286,24319.6,23800.0,23650,ATM-10,PUT,24150,2026-07-17
2026-07-17 14:53:00+05:30,15.7,15.75,14.8,14.8,403325,8525075,15.591718,24320.5,23800.0,23650,ATM-10,PUT,24150,2026-07-17
2026-07-17 14:54:00+05:30,14.9,15.2,14.8,14.95,402285,8534305,15.641463,24320.95,23800.0,23650,ATM-10,PUT,24150,2026-07-17
2026-07-17 14:55:00+05:30,18.75,19.25,18.7,19.0,197665,3437980,15.637075,24327.4,23850.0,23650,ATM-10,PUT,24150,2026-07-17
2026-07-17 14:56:00+05:30,15.25,15.75,14.8,15.65,461825,8485360,15.90771,24324.9,23800.0,23650,ATM-10,PUT,24150,2026-07-17
2026-07-17 14:57:00+05:30,15.65,15.95,15.6,15.8,186225,8485750,15.876622,24321.6,23800.0,23650,ATM-10,PUT,24150,2026-07-17
2026-07-17 14:58:00+05:30,15.85,16.35,15.8,16.2,227565,8501350,15.854945,24315.85,23800.0,23650,ATM-10,PUT,24150,2026-07-17
2026-07-17 14:59:00+05:30,16.15,16.2,15.85,16.1,128960,8486140,15.743211,24311.75,23800.0,23650,ATM-10,PUT,24150,2026-07-17
2026-07-17 15:00:00+05:30,16.0,16.15,14.9,15.05,562120,8466120,15.733179,24323.7,23800.0,23650,ATM-10,PUT,24150,2026-07-17
2026-07-17 15:01:00+05:30,18.8,19.1,18.2,18.85,386425,3263715,15.570855,24325.6,23850.0,23650,ATM-10,PUT,24150,2026-07-17
2026-07-17 15:02:00+05:30,15.4,15.8,15.2,15.7,348205,8755110,15.916351,24324.35,23800.0,23650,ATM-10,PUT,24150,2026-07-17
2026-07-17 15:03:00+05:30,15.7,15.8,15.35,15.8,267605,8754525,15.806181,24317.95,23800.0,23650,ATM-10,PUT,24150,2026-07-17
2026-07-17 15:04:00+05:30,15.8,15.8,15.1,15.2,446420,8753875,15.741968,24322.05,23800.0,23650,ATM-10,PUT,24150,2026-07-17
2026-07-17 15:05:00+05:30,18.95,19.05,18.5,18.5,148785,3269435,15.54045,24327.55,23850.0,23650,ATM-10,PUT,24150,2026-07-17
2026-07-17 15:06:00+05:30,18.55,18.55,18.0,18.15,191360,3261765,15.520849,24330.2,23850.0,23650,ATM-10,PUT,24150,2026-07-17
2026-07-17 15:07:00+05:30,18.05,18.3,17.6,17.9,258375,3296085,15.555208,24334.3,23850.0,23650,ATM-10,PUT,24150,2026-07-17
2026-07-17 15:08:00+05:30,17.95,18.15,17.8,17.8,258895,3355560,15.48483,24332.1,23850.0,23650,ATM-10,PUT,24150,2026-07-17
2026-07-17 15:09:00+05:30,17.8,18.05,17.5,18.0,139295,3326635,15.564204,24333.55,23850.0,23650,ATM-10,PUT,24150,2026-07-17
2026-07-17 15:10:00+05:30,18.15,18.65,18.0,18.45,284050,3328650,15.628583,24331.75,23850.0,23650,ATM-10,PUT,24150,2026-07-17
2026-07-17 15:11:00+05:30,18.4,18.45,18.0,18.1,226070,3350230,15.560952,24332.25,23850.0,23650,ATM-10,PUT,24150,2026-07-17
2026-07-17 15:12:00+05:30,18.15,18.15,17.45,17.65,170625,3409640,15.541986,24336.05,23850.0,23650,ATM-10,PUT,24150,2026-07-17
2026-07-17 15:13:00+05:30,17.75,18.05,17.55,17.75,329875,3476720,15.54116,24334.9,23850.0,23650,ATM-10,PUT,24150,2026-07-17
2026-07-17 15:14:00+05:30,17.9,18.65,17.75,18.35,356395,3695445,15.544244,24328.75,23850.0,23650,ATM-10,PUT,24150,2026-07-17
2026-07-17 15:15:00+05:30,15.25,16.4,15.05,16.2,608790,7894315,16.048526,24323.85,23800.0,23650,ATM-10,PUT,24150,2026-07-17
2026-07-17 15:16:00+05:30,16.2,16.95,16.15,16.4,495235,7923370,16.079367,24322.9,23800.0,23650,ATM-10,PUT,24150,2026-07-17
2026-07-17 15:17:00+05:30,20.15,20.2,19.55,19.85,223470,3696875,15.811286,24325.55,23850.0,23650,ATM-10,PUT,24150,2026-07-17
2026-07-17 15:18:00+05:30,19.8,19.95,19.5,19.55,226395,3638960,15.819536,24328.8,23850.0,23650,ATM-10,PUT,24150,2026-07-17
2026-07-17 15:19:00+05:30,19.45,20.0,19.45,20.0,270920,3608345,15.924387,24329.0,23850.0,23650,ATM-10,PUT,24150,2026-07-17
2026-07-17 15:20:00+05:30,20.1,20.9,19.75,19.75,556270,3406780,15.959438,24332.95,23850.0,23650,ATM-10,PUT,24150,2026-07-17
2026-07-17 15:21:00+05:30,19.85,20.6,18.75,18.9,367705,3259360,15.775421,24333.15,23850.0,23650,ATM-10,PUT,24150,2026-07-17
2026-07-17 15:22:00+05:30,18.75,19.6,18.6,19.3,534495,3200535,15.94914,24336.85,23850.0,23650,ATM-10,PUT,24150,2026-07-17
2026-07-17 15:23:00+05:30,19.25,19.7,19.05,19.05,309790,3201250,15.918734,24337.95,23850.0,23650,ATM-10,PUT,24150,2026-07-17
2026-07-17 15:24:00+05:30,18.95,19.45,18.95,19.25,327730,3209245,16.073173,24342.8,23850.0,23650,ATM-10,PUT,24150,2026-07-17
2026-07-17 15:25:00+05:30,19.65,20.1,19.25,19.7,307775,3222960,16.224615,24345.0,23850.0,23650,ATM-10,PUT,24150,2026-07-17
2026-07-17 15:26:00+05:30,19.75,19.95,19.35,19.85,264680,3255850,16.210169,24342.8,23850.0,23650,ATM-10,PUT,24150,2026-07-17
2026-07-17 15:27:00+05:30,19.95,20.0,19.35,19.75,373165,3194750,16.216039,24344.0,23850.0,23650,ATM-10,PUT,24150,2026-07-17
2026-07-17 15:28:00+05:30,19.7,19.75,18.7,18.95,422370,3185845,15.934801,24339.4,23850.0,23650,ATM-10,PUT,24150,2026-07-17
2026-07-17 15:29:00+05:30,19.0,19.1,17.8,18.2,401960,3114020,15.925862,24346.7,23850.0,23650,ATM-10,PUT,24150,2026-07-17
2026-07-17 09:15:00+05:30,421.0,449.8,399.05,449.8,20670,131235,0.0,24151.25,23700.0,23700,ATM-9,CALL,24150,2026-07-17
2026-07-17 09:16:00+05:30,447.4,470.0,447.4,470.0,34450,129935,0.0,24171.0,23700.0,23700,ATM-9,CALL,24150,2026-07-17
2026-07-17 09:17:00+05:30,424.2,431.0,419.5,427.75,7215,42510,0.0,24176.15,23750.0,23700,ATM-9,CALL,24150,2026-07-17
2026-07-17 09:18:00+05:30,430.45,441.9,427.75,441.9,7345,42445,0.0,24187.4,23750.0,23700,ATM-9,CALL,24150,2026-07-17
2026-07-17 09:19:00+05:30,445.0,448.35,438.05,442.35,4485,41860,0.0,24187.85,23750.0,23700,ATM-9,CALL,24150,2026-07-17
2026-07-17 09:20:00+05:30,440.2,449.85,439.55,439.55,3575,40560,0.0,24187.75,23750.0,23700,ATM-9,CALL,24150,2026-07-17
2026-07-17 09:21:00+05:30,439.25,443.75,436.4,439.3,2340,40755,0.0,24185.75,23750.0,23700,ATM-9,CALL,24150,2026-07-17
2026-07-17 09:22:00+05:30,439.2,442.5,438.7,442.5,1300,40235,0.0,24188.75,23750.0,23700,ATM-9,CALL,24150,2026-07-17
2026-07-17 09:23:00+05:30,441.95,443.65,438.0,438.1,1105,39910,0.0,24186.15,23750.0,23700,ATM-9,CALL,24150,2026-07-17
2026-07-17 09:24:00+05:30,439.3,446.2,438.1,446.2,1365,39780,0.0,24191.9,23750.0,23700,ATM-9,CALL,24150,2026-07-17
2026-07-17 09:25:00+05:30,448.0,456.0,446.2,455.15,3445,38545,0.0,24198.85,23750.0,23700,ATM-9,CALL,24150,2026-07-17
2026-07-17 09:26:00+05:30,456.4,457.1,451.4,451.7,2405,37375,0.0,24199.8,23750.0,23700,ATM-9,CALL,24150,2026-07-17
2026-07-17 09:27:00+05:30,449.8,458.5,449.25,455.85,4225,36140,0.0,24202.85,23750.0,23700,ATM-9,CALL,24150,2026-07-17
2026-07-17 09:28:00+05:30,455.0,456.95,454.0,456.85,3445,35815,0.0,24204.8,23750.0,23700,ATM-9,CALL,24150,2026-07-17
2026-07-17 09:29:00+05:30,454.45,462.15,454.45,462.15,1365,34905,0.0,24210.0,23750.0,23700,ATM-9,CALL,24150,2026-07-17
2026-07-17 09:30:00+05:30,463.35,465.15,453.0,453.0,2210,35360,0.0,24203.7,23750.0,23700,ATM-9,CALL,24150,2026-07-17
2026-07-17 09:31:00+05:30,456.15,457.35,446.95,448.6,1755,36140,0.0,24196.85,23750.0,23700,ATM-9,CALL,24150,2026-07-17
2026-07-17 09:32:00+05:30,448.65,454.5,446.6,454.5,1495,35360,0.0,24205.2,23750.0,23700,ATM-9,CALL,24150,2026-07-17
2026-07-17 09:33:00+05:30,457.0,461.4,454.5,459.85,390,35750,0.0,24210.7,23750.0,23700,ATM-9,CALL,24150,2026-07-17
2026-07-17 09:34:00+05:30,461.3,465.25,454.75,457.15,2080,36010,0.0,24206.6,23750.0,23700,ATM-9,CALL,24150,2026-07-17
2026-07-17 09:35:00+05:30,455.3,457.15,454.0,455.05,1235,36725,0.0,24207.05,23750.0,23700,ATM-9,CALL,24150,2026-07-17
2026-07-17 09:36:00+05:30,454.8,456.75,448.65,456.35,1950,37700,0.0,24209.4,23750.0,23700,ATM-9,CALL,24150,2026-07-17
2026-07-17 09:37:00+05:30,456.5,462.45,454.9,462.45,845,38285,0.0,24216.25,23750.0,23700,ATM-9,CALL,24150,2026-07-17
2026-07-17 09:38:00+05:30,463.7,467.2,462.45,465.55,975,37895,0.0,24221.55,23750.0,23700,ATM-9,CALL,24150,2026-07-17
2026-07-17 09:39:00+05:30,467.1,467.75,462.25,462.25,585,37830,0.0,24219.15,23750.0,23700,ATM-9,CALL,24150,2026-07-17
2026-07-17 09:40:00+05:30,461.7,464.75,461.7,464.75,325,37570,0.0,24221.05,23750.0,23700,ATM-9,CALL,24150,2026-07-17
2026-07-17 09:41:00+05:30,466.95,467.75,463.45,464.55,1755,37830,0.0,24222.2,23750.0,23700,ATM-9,CALL,24150,2026-07-17
2026-07-17 09:42:00+05:30,465.7,467.8,464.55,467.8,1820,38740,0.0,24224.7,23750.0,23700,ATM-9,CALL,24150,2026-07-17
2026-07-17 09:43:00+05:30,421.6,427.5,421.1,425.0,22490,386685,0.0,24225.15,23800.0,23700,ATM-9,CALL,24150,2026-07-17
2026-07-17 09:44:00+05:30,426.0,432.0,419.55,428.45,20215,390585,0.0,24231.3,23800.0,23700,ATM-9,CALL,24150,2026-07-17
2026-07-17 09:45:00+05:30,430.0,440.5,428.05,430.05,29575,392535,0.0,24234.5,23800.0,23700,ATM-9,CALL,24150,2026-07-17
2026-07-17 09:46:00+05:30,433.45,438.0,430.0,435.9,7150,393380,0.0,24241.45,23800.0,23700,ATM-9,CALL,24150,2026-07-17
2026-07-17 09:47:00+05:30,435.95,440.0,432.0,432.0,7475,392925,0.0,24236.35,23800.0,23700,ATM-9,CALL,24150,2026-07-17
2026-07-17 09:48:00+05:30,433.95,437.8,432.0,436.25,5460,393445,0.0,24240.05,23800.0,23700,ATM-9,CALL,24150,2026-07-17
2026-07-17 09:49:00+05:30,434.75,436.25,430.3,431.4,2665,393185,0.0,24236.85,23800.0,23700,ATM-9,CALL,24150,2026-07-17
2026-07-17 09:50:00+05:30,435.0,438.65,431.4,435.3,3445,392795,0.0,24243.2,23800.0,23700,ATM-9,CALL,24150,2026-07-17
2026-07-17 09:51:00+05:30,436.0,436.2,424.8,424.8,5980,393120,0.0,24228.9,23800.0,23700,ATM-9,CALL,24150,2026-07-17
2026-07-17 09:52:00+05:30,423.9,426.5,422.0,422.0,17940,390585,0.0,24229.95,23800.0,23700,ATM-9,CALL,24150,2026-07-17
2026-07-17 09:53:00+05:30,422.35,429.0,422.0,428.4,5395,392210,0.0,24233.1,23800.0,23700,ATM-9,CALL,24150,2026-07-17
2026-07-17 09:54:00+05:30,429.9,438.0,428.4,435.25,7540,392600,0.0,24240.0,23800.0,23700,ATM-9,CALL,24150,2026-07-17
2026-07-17 09:55:00+05:30,435.3,435.3,424.0,424.0,6955,391040,0.0,24230.2,23800.0,23700,ATM-9,CALL,24150,2026-07-17
2026-07-17 09:56:00+05:30,469.7,474.0,463.05,463.2,910,44395,0.0,24223.1,23750.0,23700,ATM-9,CALL,24150,2026-07-17
2026-07-17 09:57:00+05:30,463.0,463.2,455.6,459.75,1625,44915,0.0,24219.35,23750.0,23700,ATM-9,CALL,24150,2026-07-17
2026-07-17 09:58:00+05:30,414.0,423.8,413.9,423.8,11960,398710,0.0,24229.05,23800.0,23700,ATM-9,CALL,24150,2026-07-17
2026-07-17 09:59:00+05:30,424.0,426.0,420.0,426.0,3055,403260,0.0,24228.85,23800.0,23700,ATM-9,CALL,24150,2026-07-17
2026-07-17 10:00:00+05:30,465.6,469.5,459.55,459.55,130,45500,0.0,24221.65,23750.0,23700,ATM-9,CALL,24150,2026-07-17
2026-07-17 10:01:00+05:30,460.5,462.75,448.05,448.05,3835,45630,0.0,24212.35,23750.0,23700,ATM-9,CALL,24150,2026-07-17
2026-07-17 10:02:00+05:30,452.7,455.45,448.05,455.45,3640,45760,0.0,24215.9,23750.0,23700,ATM-9,CALL,24150,2026-07-17
2026-07-17 10:03:00+05:30,452.4,458.5,451.95,455.25,3835,46215,0.0,24214.95,23750.0,23700,ATM-9,CALL,24150,2026-07-17
2026-07-17 10:04:00+05:30,454.85,455.4,450.0,453.3,1950,48750,0.0,24214.5,23750.0,23700,ATM-9,CALL,24150,2026-07-17
2026-07-17 10:05:00+05:30,452.75,460.2,452.4,460.2,325,48815,0.0,24221.3,23750.0,23700,ATM-9,CALL,24150,2026-07-17
2026-07-17 10:06:00+05:30,461.95,461.95,460.2,461.6,195,48425,0.0,24222.7,23750.0,23700,ATM-9,CALL,24150,2026-07-17
2026-07-17 10:07:00+05:30,415.9,419.2,413.55,417.9,6305,412425,0.0,24225.65,23800.0,23700,ATM-9,CALL,24150,2026-07-17
2026-07-17 10:08:00+05:30,417.7,420.0,414.8,420.0,6240,413465,0.0,24227.6,23800.0,23700,ATM-9,CALL,24150,2026-07-17
2026-07-17 10:09:00+05:30,421.0,426.5,420.0,421.2,10205,409565,0.0,24231.95,23800.0,23700,ATM-9,CALL,24150,2026-07-17
2026-07-17 10:10:00+05:30,421.55,423.15,420.0,420.0,1885,409825,0.0,24230.65,23800.0,23700,ATM-9,CALL,24150,2026-07-17
2026-07-17 10:11:00+05:30,420.3,421.6,420.0,421.6,1625,410670,0.0,24233.25,23800.0,23700,ATM-9,CALL,24150,2026-07-17
2026-07-17 10:12:00+05:30,422.0,433.9,421.6,432.0,5590,411320,0.0,24239.9,23800.0,23700,ATM-9,CALL,24150,2026-07-17
2026-07-17 10:13:00+05:30,434.05,439.45,432.0,432.85,9295,410995,0.0,24246.1,23800.0,23700,ATM-9,CALL,24150,2026-07-17
2026-07-17 10:14:00+05:30,433.9,433.9,427.0,427.25,4485,410670,0.0,24239.85,23800.0,23700,ATM-9,CALL,24150,2026-07-17
2026-07-17 10:15:00+05:30,427.5,435.1,427.25,434.9,2600,411515,0.0,24245.7,23800.0,23700,ATM-9,CALL,24150,2026-07-17
2026-07-17 10:16:00+05:30,435.95,439.2,434.3,435.45,4485,410930,0.0,24247.15,23800.0,23700,ATM-9,CALL,24150,2026-07-17
2026-07-17 10:17:00+05:30,436.4,449.4,435.45,447.75,11115,409955,0.0,24253.65,23800.0,23700,ATM-9,CALL,24150,2026-07-17
2026-07-17 10:18:00+05:30,447.65,484.7,445.25,484.7,44460,401375,0.0,24274.45,23800.0,23700,ATM-9,CALL,24150,2026-07-17
2026-07-17 10:19:00+05:30,478.5,484.7,466.9,469.5,48620,405535,0.0,24273.95,23800.0,23700,ATM-9,CALL,24150,2026-07-17
2026-07-17 10:20:00+05:30,470.15,475.75,463.15,463.9,23010,408005,0.0,24266.75,23800.0,23700,ATM-9,CALL,24150,2026-07-17
2026-07-17 10:21:00+05:30,463.6,468.45,462.55,464.2,5005,419770,0.0,24268.3,23800.0,23700,ATM-9,CALL,24150,2026-07-17
2026-07-17 10:22:00+05:30,464.4,464.4,460.0,460.0,7150,419575,0.0,24262.95,23800.0,23700,ATM-9,CALL,24150,2026-07-17
2026-07-17 10:23:00+05:30,458.95,460.0,453.85,455.4,11700,419445,0.0,24258.8,23800.0,23700,ATM-9,CALL,24150,2026-07-17
2026-07-17 10:24:00+05:30,456.2,457.1,452.1,457.1,11180,413010,0.0,24255.6,23800.0,23700,ATM-9,CALL,24150,2026-07-17
2026-07-17 10:25:00+05:30,456.3,462.65,455.45,462.05,6305,414570,0.0,24263.9,23800.0,23700,ATM-9,CALL,24150,2026-07-17
2026-07-17 10:26:00+05:30,461.55,462.05,458.65,459.6,2925,415870,0.0,24265.75,23800.0,23700,ATM-9,CALL,24150,2026-07-17
2026-07-17 10:27:00+05:30,460.95,466.0,459.35,461.1,17550,415805,0.0,24267.65,23800.0,23700,ATM-9,CALL,24150,2026-07-17
2026-07-17 10:28:00+05:30,463.2,469.0,461.1,468.55,3315,428675,0.0,24273.3,23800.0,23700,ATM-9,CALL,24150,2026-07-17
2026-07-17 10:29:00+05:30,424.1,433.0,423.15,433.0,2470,124150,0.0,24281.55,23850.0,23700,ATM-9,CALL,24150,2026-07-17
2026-07-17 10:30:00+05:30,432.3,433.0,425.0,429.6,2470,123305,0.0,24279.4,23850.0,23700,ATM-9,CALL,24150,2026-07-17
2026-07-17 10:31:00+05:30,431.0,434.95,429.6,434.7,2795,122525,0.0,24283.1,23850.0,23700,ATM-9,CALL,24150,2026-07-17
2026-07-17 10:32:00+05:30,436.8,442.4,434.0,434.0,4095,121810,0.0,24285.2,23850.0,23700,ATM-9,CALL,24150,2026-07-17
2026-07-17 10:33:00+05:30,432.5,434.0,427.05,431.0,3250,119860,0.0,24279.65,23850.0,23700,ATM-9,CALL,24150,2026-07-17
2026-07-17 10:34:00+05:30,431.0,436.2,429.85,436.2,1235,120705,0.0,24284.3,23850.0,23700,ATM-9,CALL,24150,2026-07-17
2026-07-17 10:35:00+05:30,480.0,480.0,465.0,465.0,12090,426270,0.0,24272.2,23800.0,23700,ATM-9,CALL,24150,2026-07-17
2026-07-17 10:36:00+05:30,464.05,467.05,462.0,467.0,5395,426855,0.0,24272.5,23800.0,23700,ATM-9,CALL,24150,2026-07-17
2026-07-17 10:37:00+05:30,465.95,467.0,458.85,460.15,5460,428285,0.0,24267.25,23800.0,23700,ATM-9,CALL,24150,2026-07-17
2026-07-17 10:38:00+05:30,458.35,463.0,455.6,461.95,5005,433420,0.0,24267.8,23800.0,23700,ATM-9,CALL,24150,2026-07-17
2026-07-17 10:39:00+05:30,462.15,463.0,458.7,458.7,4940,433095,0.0,24267.25,23800.0,23700,ATM-9,CALL,24150,2026-07-17
2026-07-17 10:40:00+05:30,458.0,462.4,457.85,462.4,3640,433290,0.0,24268.45,23800.0,23700,ATM-9,CALL,24150,2026-07-17
2026-07-17 10:41:00+05:30,462.4,463.9,460.6,462.95,7735,432835,0.0,24270.75,23800.0,23700,ATM-9,CALL,24150,2026-07-17
2026-07-17 10:42:00+05:30,464.25,464.8,460.0,462.05,2860,432510,0.0,24269.25,23800.0,23700,ATM-9,CALL,24150,2026-07-17
2026-07-17 10:43:00+05:30,460.6,462.05,442.5,442.5,8580,433030,0.0,24248.15,23800.0,23700,ATM-9,CALL,24150,2026-07-17
2026-07-17 10:44:00+05:30,444.55,451.45,442.5,450.5,5590,434980,0.0,24259.1,23800.0,23700,ATM-9,CALL,24150,2026-07-17
2026-07-17 10:45:00+05:30,450.05,451.8,443.0,443.0,7150,437320,0.0,24253.3,23800.0,23700,ATM-9,CALL,24150,2026-07-17
2026-07-17 10:46:00+05:30,440.0,444.3,439.65,442.0,7540,437190,0.0,24252.5,23800.0,23700,ATM-9,CALL,24150,2026-07-17
2026-07-17 10:47:00+05:30,442.7,449.0,442.0,448.8,5200,437775,0.0,24254.4,23800.0,23700,ATM-9,CALL,24150,2026-07-17
2026-07-17 10:48:00+05:30,447.5,448.8,445.1,446.6,1495,439855,0.0,24253.6,23800.0,23700,ATM-9,CALL,24150,2026-07-17
2026-07-17 10:49:00+05:30,441.0,446.6,439.45,439.8,13520,435890,0.0,24249.9,23800.0,23700,ATM-9,CALL,24150,2026-07-17
2026-07-17 10:50:00+05:30,439.0,444.6,439.0,440.65,3575,433030,0.0,24251.05,23800.0,23700,ATM-9,CALL,24150,2026-07-17
2026-07-17 10:51:00+05:30,440.7,440.7,436.05,437.2,5655,434265,0.0,24248.9,23800.0,23700,ATM-9,CALL,24150,2026-07-17
2026-07-17 10:52:00+05:30,436.35,437.2,434.0,436.15,5070,435695,0.0,24251.75,23800.0,23700,ATM-9,CALL,24150,2026-07-17
2026-07-17 10:53:00+05:30,441.8,447.4,436.15,445.05,7410,433550,0.0,24256.2,23800.0,23700,ATM-9,CALL,24150,2026-07-17
2026-07-17 10:54:00+05:30,444.6,446.05,436.75,439.45,3510,431600,0.0,24255.55,23800.0,23700,ATM-9,CALL,24150,2026-07-17
2026-07-17 10:55:00+05:30,439.45,440.8,436.05,440.8,4355,432185,0.0,24256.75,23800.0,23700,ATM-9,CALL,24150,2026-07-17
2026-07-17 10:56:00+05:30,441.6,448.0,440.0,442.1,2795,431210,0.0,24255.85,23800.0,23700,ATM-9,CALL,24150,2026-07-17
2026-07-17 10:57:00+05:30,445.0,446.0,440.35,442.35,3705,431795,0.0,24256.5,23800.0,23700,ATM-9,CALL,24150,2026-07-17
2026-07-17 10:58:00+05:30,443.8,447.0,442.35,447.0,1885,431470,0.0,24257.75,23800.0,23700,ATM-9,CALL,24150,2026-07-17
2026-07-17 10:59:00+05:30,445.45,447.55,444.7,445.65,20085,449085,0.0,24257.0,23800.0,23700,ATM-9,CALL,24150,2026-07-17
2026-07-17 11:00:00+05:30,445.5,451.95,444.75,449.5,4940,448955,0.0,24259.9,23800.0,23700,ATM-9,CALL,24150,2026-07-17
2026-07-17 11:01:00+05:30,449.55,450.75,444.4,445.0,15665,460980,0.0,24256.6,23800.0,23700,ATM-9,CALL,24150,2026-07-17
2026-07-17 11:02:00+05:30,441.0,445.0,435.55,437.5,2210,460850,0.0,24248.55,23800.0,23700,ATM-9,CALL,24150,2026-07-17
2026-07-17 11:03:00+05:30,440.1,440.1,437.5,439.0,715,461110,0.0,24250.15,23800.0,23700,ATM-9,CALL,24150,2026-07-17
2026-07-17 11:04:00+05:30,443.0,446.35,439.0,446.35,2535,462215,0.0,24258.15,23800.0,23700,ATM-9,CALL,24150,2026-07-17
2026-07-17 11:05:00+05:30,446.45,451.95,446.25,448.0,1235,462150,0.0,24262.2,23800.0,23700,ATM-9,CALL,24150,2026-07-17
2026-07-17 11:06:00+05:30,446.35,450.0,445.55,450.0,975,462410,0.0,24261.9,23800.0,23700,ATM-9,CALL,24150,2026-07-17
2026-07-17 11:07:00+05:30,451.25,451.25,434.2,434.2,17810,461825,0.0,24246.15,23800.0,23700,ATM-9,CALL,24150,2026-07-17
2026-07-17 11:08:00+05:30,434.8,434.8,426.8,429.4,10920,449215,0.0,24238.35,23800.0,23700,ATM-9,CALL,24150,2026-07-17
2026-07-17 11:09:00+05:30,430.95,433.7,429.4,432.55,2730,447850,0.0,24241.9,23800.0,23700,ATM-9,CALL,24150,2026-07-17
2026-07-17 11:10:00+05:30,432.0,433.3,426.8,428.3,3120,448760,0.0,24238.9,23800.0,23700,ATM-9,CALL,24150,2026-07-17
2026-07-17 11:11:00+05:30,428.5,432.4,428.3,431.5,3185,449150,0.0,24240.75,23800.0,23700,ATM-9,CALL,24150,2026-07-17
2026-07-17 11:12:00+05:30,431.9,432.4,429.8,432.4,585,449150,0.0,24241.7,23800.0,23700,ATM-9,CALL,24150,2026-07-17
2026-07-17 11:13:00+05:30,431.7,432.4,424.45,427.0,5070,449670,0.0,24237.9,23800.0,23700,ATM-9,CALL,24150,2026-07-17
2026-07-17 11:14:00+05:30,425.9,433.2,424.8,432.25,4290,449670,0.0,24235.7,23800.0,23700,ATM-9,CALL,24150,2026-07-17
2026-07-17 11:15:00+05:30,428.5,432.25,428.5,430.0,3315,448110,0.0,24238.95,23800.0,23700,ATM-9,CALL,24150,2026-07-17
2026-07-17 11:16:00+05:30,429.85,430.0,422.55,424.2,6890,449410,0.0,24235.35,23800.0,23700,ATM-9,CALL,24150,2026-07-17
2026-07-17 11:17:00+05:30,425.2,430.65,424.2,426.15,2860,449800,0.0,24239.5,23800.0,23700,ATM-9,CALL,24150,2026-07-17
2026-07-17 11:18:00+05:30,426.6,426.6,421.3,421.85,3770,451295,0.0,24236.9,23800.0,23700,ATM-9,CALL,24150,2026-07-17
2026-07-17 11:19:00+05:30,421.5,427.65,421.4,427.65,15730,452790,0.0,24241.65,23800.0,23700,ATM-9,CALL,24150,2026-07-17
2026-07-17 11:20:00+05:30,427.5,427.65,426.05,426.45,2535,452920,0.0,24241.75,23800.0,23700,ATM-9,CALL,24150,2026-07-17
2026-07-17 11:21:00+05:30,426.35,427.3,425.55,427.3,1690,453050,0.0,24241.7,23800.0,23700,ATM-9,CALL,24150,2026-07-17
2026-07-17 11:22:00+05:30,433.9,436.0,427.3,432.95,14690,453505,0.0,24249.45,23800.0,23700,ATM-9,CALL,24150,2026-07-17
2026-07-17 11:23:00+05:30,433.75,433.75,423.5,425.1,3510,453505,0.0,24238.45,23800.0,23700,ATM-9,CALL,24150,2026-07-17
2026-07-17 11:24:00+05:30,425.75,433.05,422.3,430.3,3965,463190,0.0,24246.2,23800.0,23700,ATM-9,CALL,24150,2026-07-17
2026-07-17 11:25:00+05:30,432.75,432.75,427.75,430.0,2600,461890,0.0,24242.7,23800.0,23700,ATM-9,CALL,24150,2026-07-17
2026-07-17 11:26:00+05:30,428.05,430.0,425.0,427.0,910,461760,0.0,24241.4,23800.0,23700,ATM-9,CALL,24150,2026-07-17
2026-07-17 11:27:00+05:30,431.05,432.1,427.0,430.7,2470,460915,0.0,24243.5,23800.0,23700,ATM-9,CALL,24150,2026-07-17
2026-07-17 11:28:00+05:30,432.0,432.0,428.0,428.05,5980,465530,0.0,24245.2,23800.0,23700,ATM-9,CALL,24150,2026-07-17
2026-07-17 11:29:00+05:30,431.05,435.0,428.05,432.25,3055,465270,0.0,24243.0,23800.0,23700,ATM-9,CALL,24150,2026-07-17
2026-07-17 11:30:00+05:30,432.65,432.65,432.25,432.65,65,465270,0.0,24244.15,23800.0,23700,ATM-9,CALL,24150,2026-07-17
2026-07-17 11:31:00+05:30,430.8,432.65,428.0,430.8,715,465400,0.0,24246.2,23800.0,23700,ATM-9,CALL,24150,2026-07-17
2026-07-17 11:32:00+05:30,431.85,431.85,428.0,428.3,455,465465,0.0,24242.85,23800.0,23700,ATM-9,CALL,24150,2026-07-17
2026-07-17 11:33:00+05:30,428.0,431.8,428.0,431.8,585,465465,0.0,24248.95,23800.0,23700,ATM-9,CALL,24150,2026-07-17
2026-07-17 11:34:00+05:30,436.0,441.95,431.8,436.45,5070,464425,0.0,24252.6,23800.0,23700,ATM-9,CALL,24150,2026-07-17
2026-07-17 11:35:00+05:30,438.0,443.25,436.45,443.15,3250,464815,0.0,24258.55,23800.0,23700,ATM-9,CALL,24150,2026-07-17
2026-07-17 11:36:00+05:30,442.0,445.0,435.0,435.0,18525,477100,0.0,24250.85,23800.0,23700,ATM-9,CALL,24150,2026-07-17
2026-07-17 11:37:00+05:30,436.65,437.8,430.15,433.55,5655,474890,0.0,24246.9,23800.0,23700,ATM-9,CALL,24150,2026-07-17
2026-07-17 11:38:00+05:30,432.05,435.65,430.95,435.0,650,474890,0.0,24251.2,23800.0,23700,ATM-9,CALL,24150,2026-07-17
2026-07-17 11:39:00+05:30,440.0,443.6,435.0,443.6,3315,476255,0.0,24257.05,23800.0,23700,ATM-9,CALL,24150,2026-07-17
2026-07-17 11:40:00+05:30,443.0,444.0,440.0,442.8,3315,478985,0.0,24258.5,23800.0,23700,ATM-9,CALL,24150,2026-07-17
2026-07-17 11:41:00+05:30,446.0,448.4,442.8,447.9,9425,474630,0.0,24263.3,23800.0,23700,ATM-9,CALL,24150,2026-07-17
2026-07-17 11:42:00+05:30,450.55,450.65,444.2,445.5,2535,474630,0.0,24261.4,23800.0,23700,ATM-9,CALL,24150,2026-07-17
2026-07-17 11:43:00+05:30,445.45,449.55,445.0,447.0,1690,475410,0.0,24262.1,23800.0,23700,ATM-9,CALL,24150,2026-07-17
2026-07-17 11:44:00+05:30,447.3,454.0,447.0,450.1,7345,471510,0.0,24267.2,23800.0,23700,ATM-9,CALL,24150,2026-07-17
2026-07-17 11:45:00+05:30,452.0,455.15,450.1,455.15,5200,470145,0.0,24271.55,23800.0,23700,ATM-9,CALL,24150,2026-07-17
2026-07-17 11:46:00+05:30,454.9,455.15,450.15,450.6,2080,471055,0.0,24269.05,23800.0,23700,ATM-9,CALL,24150,2026-07-17
2026-07-17 11:47:00+05:30,450.5,450.6,447.0,447.4,2665,471510,0.0,24266.35,23800.0,23700,ATM-9,CALL,24150,2026-07-17
2026-07-17 11:48:00+05:30,451.0,453.25,447.4,450.3,1430,472095,0.0,24267.65,23800.0,23700,ATM-9,CALL,24150,2026-07-17
2026-07-17 11:49:00+05:30,452.0,453.05,450.0,450.0,1170,472810,0.0,24267.65,23800.0,23700,ATM-9,CALL,24150,2026-07-17
2026-07-17 11:50:00+05:30,450.0,451.8,450.0,451.8,130,472875,0.0,24270.6,23800.0,23700,ATM-9,CALL,24150,2026-07-17
2026-07-17 11:51:00+05:30,453.0,455.95,451.8,455.0,2665,471445,0.0,24272.35,23800.0,23700,ATM-9,CALL,24150,2026-07-17
2026-07-17 11:52:00+05:30,453.45,461.3,453.45,458.55,3770,470665,0.0,24273.85,23800.0,23700,ATM-9,CALL,24150,2026-07-17
2026-07-17 11:53:00+05:30,418.95,419.65,413.4,415.45,3250,130910,0.0,24278.7,23850.0,23700,ATM-9,CALL,24150,2026-07-17
2026-07-17 11:54:00+05:30,417.15,418.6,415.45,416.35,1885,131755,0.0,24279.0,23850.0,23700,ATM-9,CALL,24150,2026-07-17
2026-07-17 11:55:00+05:30,461.2,461.65,455.4,455.4,2860,470860,0.0,24274.8,23800.0,23700,ATM-9,CALL,24150,2026-07-17
2026-07-17 11:56:00+05:30,410.0,418.0,408.15,418.0,650,132340,0.0,24280.35,23850.0,23700,ATM-9,CALL,24150,2026-07-17
2026-07-17 11:57:00+05:30,417.45,418.0,415.0,415.0,975,132340,0.0,24279.35,23850.0,23700,ATM-9,CALL,24150,2026-07-17
2026-07-17 11:58:00+05:30,460.0,462.65,454.9,456.2,2730,472160,0.0,24275.0,23800.0,23700,ATM-9,CALL,24150,2026-07-17
2026-07-17 11:59:00+05:30,411.15,413.45,409.8,413.45,455,132470,0.0,24277.85,23850.0,23700,ATM-9,CALL,24150,2026-07-17
2026-07-17 12:00:00+05:30,457.0,459.7,447.65,447.65,4095,473330,0.0,24270.9,23800.0,23700,ATM-9,CALL,24150,2026-07-17
2026-07-17 12:01:00+05:30,450.0,451.8,446.45,447.75,4810,471055,0.0,24268.15,23800.0,23700,ATM-9,CALL,24150,2026-07-17
2026-07-17 12:02:00+05:30,448.7,449.0,446.0,447.7,2080,471315,0.0,24267.3,23800.0,23700,ATM-9,CALL,24150,2026-07-17
2026-07-17 12:03:00+05:30,410.4,410.85,402.95,410.85,195,132925,0.0,24275.5,23850.0,23700,ATM-9,CALL,24150,2026-07-17
2026-07-17 12:04:00+05:30,456.7,458.5,456.0,457.0,6045,469365,0.0,24274.85,23800.0,23700,ATM-9,CALL,24150,2026-07-17
2026-07-17 12:05:00+05:30,454.85,457.0,452.3,452.3,715,469170,0.0,24274.25,23800.0,23700,ATM-9,CALL,24150,2026-07-17
2026-07-17 12:06:00+05:30,451.75,452.7,446.5,446.5,2665,470340,0.0,24267.8,23800.0,23700,ATM-9,CALL,24150,2026-07-17
2026-07-17 12:07:00+05:30,446.6,447.7,441.65,441.65,3900,472290,0.0,24263.35,23800.0,23700,ATM-9,CALL,24150,2026-07-17
2026-07-17 12:08:00+05:30,443.3,448.0,441.65,448.0,2665,472875,0.0,24268.1,23800.0,23700,ATM-9,CALL,24150,2026-07-17
2026-07-17 12:09:00+05:30,448.4,453.15,448.0,453.15,2925,472875,0.0,24274.2,23800.0,23700,ATM-9,CALL,24150,2026-07-17
2026-07-17 12:10:00+05:30,453.0,459.0,453.0,456.35,5330,471965,0.0,24274.0,23800.0,23700,ATM-9,CALL,24150,2026-07-17
2026-07-17 12:11:00+05:30,453.7,456.35,450.45,451.65,1495,471965,0.0,24271.55,23800.0,23700,ATM-9,CALL,24150,2026-07-17
2026-07-17 12:12:00+05:30,404.4,407.6,404.4,407.6,390,132600,0.0,24275.9,23850.0,23700,ATM-9,CALL,24150,2026-07-17
2026-07-17 12:13:00+05:30,453.75,456.55,448.6,448.6,1690,472225,0.0,24270.5,23800.0,23700,ATM-9,CALL,24150,2026-07-17
2026-07-17 12:14:00+05:30,406.8,410.9,405.5,409.75,2210,132405,0.0,24276.55,23850.0,23700,ATM-9,CALL,24150,2026-07-17
2026-07-17 12:15:00+05:30,410.95,410.95,408.65,410.85,1105,133055,0.0,24280.5,23850.0,23700,ATM-9,CALL,24150,2026-07-17
2026-07-17 12:16:00+05:30,456.6,458.45,446.9,449.15,4810,476385,0.0,24274.3,23800.0,23700,ATM-9,CALL,24150,2026-07-17
2026-07-17 12:17:00+05:30,449.4,449.4,443.05,447.5,3770,476385,0.0,24272.2,23800.0,23700,ATM-9,CALL,24150,2026-07-17
2026-07-17 12:18:00+05:30,406.2,409.85,401.45,409.55,3120,133510,0.0,24275.65,23850.0,23700,ATM-9,CALL,24150,2026-07-17
2026-07-17 12:19:00+05:30,409.4,410.35,405.7,405.7,2535,134095,0.0,24275.45,23850.0,23700,ATM-9,CALL,24150,2026-07-17
2026-07-17 12:20:00+05:30,407.3,410.95,405.7,410.95,5200,134095,0.0,24280.75,23850.0,23700,ATM-9,CALL,24150,2026-07-17
2026-07-17 12:21:00+05:30,407.9,410.95,407.15,407.15,390,134355,0.0,24279.5,23850.0,23700,ATM-9,CALL,24150,2026-07-17
2026-07-17 12:22:00+05:30,449.2,452.4,447.3,451.1,2210,477815,0.0,24271.9,23800.0,23700,ATM-9,CALL,24150,2026-07-17
2026-07-17 12:23:00+05:30,410.95,415.0,406.55,412.8,585,133380,0.0,24281.05,23850.0,23700,ATM-9,CALL,24150,2026-07-17
2026-07-17 12:24:00+05:30,413.5,414.9,412.0,414.9,2275,133445,0.0,24281.75,23850.0,23700,ATM-9,CALL,24150,2026-07-17
2026-07-17 12:25:00+05:30,415.9,420.0,414.9,415.0,2535,134745,0.0,24278.7,23850.0,23700,ATM-9,CALL,24150,2026-07-17
2026-07-17 12:26:00+05:30,414.2,416.2,414.05,414.2,975,134095,0.0,24277.3,23850.0,23700,ATM-9,CALL,24150,2026-07-17
2026-07-17 12:27:00+05:30,414.45,414.45,414.2,414.45,65,134745,0.0,24278.55,23850.0,23700,ATM-9,CALL,24150,2026-07-17
2026-07-17 12:28:00+05:30,413.15,415.55,413.15,414.85,455,134680,0.0,24277.9,23850.0,23700,ATM-9,CALL,24150,2026-07-17
2026-07-17 12:29:00+05:30,412.15,414.85,412.15,412.15,65,134615,0.0,24277.65,23850.0,23700,ATM-9,CALL,24150,2026-07-17
2026-07-17 12:30:00+05:30,456.0,456.0,452.0,454.75,2340,478010,0.0,24274.55,23800.0,23700,ATM-9,CALL,24150,2026-07-17
2026-07-17 12:31:00+05:30,409.9,412.7,407.6,411.75,845,134290,0.0,24277.1,23850.0,23700,ATM-9,CALL,24150,2026-07-17
2026-07-17 12:32:00+05:30,455.2,456.85,454.0,454.0,780,478400,0.0,24273.75,23800.0,23700,ATM-9,CALL,24150,2026-07-17
2026-07-17 12:33:00+05:30,409.9,413.45,409.9,412.45,780,133965,0.0,24280.45,23850.0,23700,ATM-9,CALL,24150,2026-07-17
2026-07-17 12:34:00+05:30,415.85,416.5,412.45,416.0,1950,133835,0.0,24281.15,23850.0,23700,ATM-9,CALL,24150,2026-07-17
2026-07-17 12:35:00+05:30,414.35,416.0,414.35,414.35,455,133640,0.0,24281.3,23850.0,23700,ATM-9,CALL,24150,2026-07-17
2026-07-17 12:36:00+05:30,413.5,414.35,413.5,413.5,65,134095,0.0,24281.65,23850.0,23700,ATM-9,CALL,24150,2026-07-17
2026-07-17 12:37:00+05:30,413.45,413.5,410.0,410.0,195,134095,0.0,24278.9,23850.0,23700,ATM-9,CALL,24150,2026-07-17
2026-07-17 12:38:00+05:30,407.0,410.0,407.0,407.0,65,134160,0.0,24278.5,23850.0,23700,ATM-9,CALL,24150,2026-07-17
2026-07-17 12:39:00+05:30,407.0,407.0,407.0,407.0,0,134160,0.0,24277.75,23850.0,23700,ATM-9,CALL,24150,2026-07-17
2026-07-17 12:40:00+05:30,450.5,456.95,447.3,447.3,3380,473590,0.0,24266.55,23800.0,23700,ATM-9,CALL,24150,2026-07-17
2026-07-17 12:41:00+05:30,447.3,449.6,442.9,448.2,5525,472940,0.0,24269.05,23800.0,23700,ATM-9,CALL,24150,2026-07-17
2026-07-17 12:42:00+05:30,407.55,412.5,405.85,412.0,1170,132925,0.0,24280.15,23850.0,23700,ATM-9,CALL,24150,2026-07-17
2026-07-17 12:43:00+05:30,454.0,457.2,451.2,451.2,13910,474890,0.0,24275.0,23800.0,23700,ATM-9,CALL,24150,2026-07-17
2026-07-17 12:44:00+05:30,410.7,410.7,405.6,410.7,65,132665,0.0,24277.05,23850.0,23700,ATM-9,CALL,24150,2026-07-17
2026-07-17 12:45:00+05:30,415.0,418.4,410.7,417.8,11895,132665,0.0,24283.5,23850.0,23700,ATM-9,CALL,24150,2026-07-17
2026-07-17 12:46:00+05:30,417.95,418.75,416.4,416.4,585,140400,0.0,24282.25,23850.0,23700,ATM-9,CALL,24150,2026-07-17
2026-07-17 12:47:00+05:30,415.95,418.05,415.8,418.05,455,140140,0.0,24286.55,23850.0,23700,ATM-9,CALL,24150,2026-07-17
2026-07-17 12:48:00+05:30,418.6,421.05,414.9,414.9,10335,140140,0.0,24287.25,23850.0,23700,ATM-9,CALL,24150,2026-07-17
2026-07-17 12:49:00+05:30,423.95,439.2,414.9,432.7,8645,130975,0.0,24294.0,23850.0,23700,ATM-9,CALL,24150,2026-07-17
2026-07-17 12:50:00+05:30,426.5,432.7,417.3,417.75,2470,132015,0.0,24283.6,23850.0,23700,ATM-9,CALL,24150,2026-07-17
2026-07-17 12:51:00+05:30,413.7,417.75,412.8,417.25,2210,131560,0.0,24281.35,23850.0,23700,ATM-9,CALL,24150,2026-07-17
2026-07-17 12:52:00+05:30,415.8,417.25,413.65,413.65,1105,132405,0.0,24279.75,23850.0,23700,ATM-9,CALL,24150,2026-07-17
2026-07-17 12:53:00+05:30,455.0,458.4,449.45,449.45,4225,480350,0.0,24272.5,23800.0,23700,ATM-9,CALL,24150,2026-07-17
2026-07-17 12:54:00+05:30,451.55,452.85,448.0,449.9,3315,480675,0.0,24273.9,23800.0,23700,ATM-9,CALL,24150,2026-07-17
2026-07-17 12:55:00+05:30,449.15,455.75,447.1,447.1,2015,482105,0.0,24271.2,23800.0,23700,ATM-9,CALL,24150,2026-07-17
2026-07-17 12:56:00+05:30,446.4,451.45,446.4,451.45,715,482755,0.0,24274.55,23800.0,23700,ATM-9,CALL,24150,2026-07-17
2026-07-17 12:57:00+05:30,408.55,416.35,404.05,415.05,2470,132730,0.0,24280.35,23850.0,23700,ATM-9,CALL,24150,2026-07-17
2026-07-17 12:58:00+05:30,414.45,415.05,409.3,409.85,325,134095,0.0,24278.95,23850.0,23700,ATM-9,CALL,24150,2026-07-17
2026-07-17 12:59:00+05:30,412.5,416.1,409.85,416.1,1040,134225,0.0,24283.3,23850.0,23700,ATM-9,CALL,24150,2026-07-17
2026-07-17 13:00:00+05:30,419.85,419.85,414.0,414.4,780,134420,0.0,24282.8,23850.0,23700,ATM-9,CALL,24150,2026-07-17
2026-07-17 13:01:00+05:30,416.7,421.85,414.4,417.3,520,134485,0.0,24283.75,23850.0,23700,ATM-9,CALL,24150,2026-07-17
2026-07-17 13:02:00+05:30,417.5,417.5,413.9,413.9,650,134810,0.0,24278.65,23850.0,23700,ATM-9,CALL,24150,2026-07-17
2026-07-17 13:03:00+05:30,411.0,413.9,411.0,411.0,130,134485,0.0,24280.7,23850.0,23700,ATM-9,CALL,24150,2026-07-17
2026-07-17 13:04:00+05:30,413.3,413.3,411.0,413.3,65,134485,0.0,24279.85,23850.0,23700,ATM-9,CALL,24150,2026-07-17
2026-07-17 13:05:00+05:30,413.3,413.3,413.3,413.3,0,134485,0.0,24281.1,23850.0,23700,ATM-9,CALL,24150,2026-07-17
2026-07-17 13:06:00+05:30,414.6,414.6,413.3,414.6,2210,134680,0.0,24283.95,23850.0,23700,ATM-9,CALL,24150,2026-07-17
2026-07-17 13:07:00+05:30,414.05,416.05,407.0,407.0,780,135785,0.0,24276.45,23850.0,23700,ATM-9,CALL,24150,2026-07-17
2026-07-17 13:08:00+05:30,408.0,409.6,407.0,409.0,520,135915,0.0,24279.75,23850.0,23700,ATM-9,CALL,24150,2026-07-17
2026-07-17 13:09:00+05:30,409.0,409.95,409.0,409.65,1170,136045,0.0,24278.0,23850.0,23700,ATM-9,CALL,24150,2026-07-17
2026-07-17 13:10:00+05:30,409.65,409.65,409.65,409.65,0,136045,0.0,24279.5,23850.0,23700,ATM-9,CALL,24150,2026-07-17
2026-07-17 13:11:00+05:30,408.75,411.45,408.75,411.45,260,135720,0.0,24279.3,23850.0,23700,ATM-9,CALL,24150,2026-07-17
2026-07-17 13:12:00+05:30,408.5,411.45,406.35,406.35,585,135850,0.0,24277.35,23850.0,23700,ATM-9,CALL,24150,2026-07-17
2026-07-17 13:13:00+05:30,406.35,406.35,406.35,406.35,0,135850,0.0,24276.45,23850.0,23700,ATM-9,CALL,24150,2026-07-17
2026-07-17 13:14:00+05:30,410.65,413.05,406.35,413.05,325,135395,0.0,24282.55,23850.0,23700,ATM-9,CALL,24150,2026-07-17
2026-07-17 13:15:00+05:30,454.3,458.85,441.1,445.8,1885,475280,0.0,24271.9,23800.0,23700,ATM-9,CALL,24150,2026-07-17
2026-07-17 13:16:00+05:30,447.55,448.4,445.8,446.95,910,475800,0.0,24272.8,23800.0,23700,ATM-9,CALL,24150,2026-07-17
2026-07-17 13:17:00+05:30,405.0,405.3,401.65,405.3,1690,133250,0.0,24275.4,23850.0,23700,ATM-9,CALL,24150,2026-07-17
2026-07-17 13:18:00+05:30,449.5,449.5,448.0,449.5,65,476255,0.0,24272.55,23800.0,23700,ATM-9,CALL,24150,2026-07-17
2026-07-17 13:19:00+05:30,448.5,449.5,444.65,444.65,2665,476450,0.0,24274.35,23800.0,23700,ATM-9,CALL,24150,2026-07-17
2026-07-17 13:20:00+05:30,402.95,404.0,401.0,404.0,325,133315,0.0,24277.3,23850.0,23700,ATM-9,CALL,24150,2026-07-17
2026-07-17 13:21:00+05:30,403.75,404.0,400.9,400.9,325,132990,0.0,24277.45,23850.0,23700,ATM-9,CALL,24150,2026-07-17
2026-07-17 13:22:00+05:30,447.0,447.0,446.8,447.0,520,489060,0.0,24274.35,23800.0,23700,ATM-9,CALL,24150,2026-07-17
2026-07-17 13:23:00+05:30,447.05,447.05,442.15,442.15,910,488280,0.0,24269.05,23800.0,23700,ATM-9,CALL,24150,2026-07-17
2026-07-17 13:24:00+05:30,447.0,447.0,438.25,438.9,1495,488605,0.0,24266.45,23800.0,23700,ATM-9,CALL,24150,2026-07-17
2026-07-17 13:25:00+05:30,437.0,441.0,435.8,441.0,2665,488345,0.0,24268.65,23800.0,23700,ATM-9,CALL,24150,2026-07-17
2026-07-17 13:26:00+05:30,444.9,444.9,437.85,437.85,1560,487370,0.0,24265.0,23800.0,23700,ATM-9,CALL,24150,2026-07-17
2026-07-17 13:27:00+05:30,437.9,437.9,436.05,437.45,13650,488020,0.0,24261.85,23800.0,23700,ATM-9,CALL,24150,2026-07-17
2026-07-17 13:28:00+05:30,435.15,437.45,433.0,435.45,5330,477490,0.0,24260.65,23800.0,23700,ATM-9,CALL,24150,2026-07-17
2026-07-17 13:29:00+05:30,435.95,443.1,435.45,441.5,2860,478010,0.0,24267.3,23800.0,23700,ATM-9,CALL,24150,2026-07-17
2026-07-17 13:30:00+05:30,441.0,442.0,441.0,441.1,520,477880,0.0,24269.75,23800.0,23700,ATM-9,CALL,24150,2026-07-17
2026-07-17 13:31:00+05:30,443.35,445.25,438.2,439.95,1950,478010,0.0,24268.05,23800.0,23700,ATM-9,CALL,24150,2026-07-17
2026-07-17 13:32:00+05:30,436.85,441.0,435.95,439.5,975,478010,0.0,24266.5,23800.0,23700,ATM-9,CALL,24150,2026-07-17
2026-07-17 13:33:00+05:30,436.55,439.5,436.55,436.55,520,478270,0.0,24263.95,23800.0,23700,ATM-9,CALL,24150,2026-07-17
2026-07-17 13:34:00+05:30,438.45,440.0,434.25,440.0,1755,478725,0.0,24265.7,23800.0,23700,ATM-9,CALL,24150,2026-07-17
2026-07-17 13:35:00+05:30,440.45,442.65,440.0,442.0,1560,478595,0.0,24267.6,23800.0,23700,ATM-9,CALL,24150,2026-07-17
2026-07-17 13:36:00+05:30,444.0,448.0,442.0,443.05,1690,478205,0.0,24269.8,23800.0,23700,ATM-9,CALL,24150,2026-07-17
2026-07-17 13:37:00+05:30,444.2,444.2,435.5,435.5,1300,477685,0.0,24264.7,23800.0,23700,ATM-9,CALL,24150,2026-07-17
2026-07-17 13:38:00+05:30,435.0,439.2,435.0,436.25,325,477880,0.0,24265.8,23800.0,23700,ATM-9,CALL,24150,2026-07-17
2026-07-17 13:39:00+05:30,438.1,441.15,436.25,438.95,2080,478010,0.0,24269.5,23800.0,23700,ATM-9,CALL,24150,2026-07-17
2026-07-17 13:40:00+05:30,438.65,438.95,426.55,426.6,8580,479180,0.0,24258.25,23800.0,23700,ATM-9,CALL,24150,2026-07-17
2026-07-17 13:41:00+05:30,430.65,432.05,421.0,430.2,8710,478790,0.0,24254.65,23800.0,23700,ATM-9,CALL,24150,2026-07-17
2026-07-17 13:42:00+05:30,430.65,430.65,423.45,423.45,1755,477490,0.0,24251.2,23800.0,23700,ATM-9,CALL,24150,2026-07-17
2026-07-17 13:43:00+05:30,425.2,425.25,421.2,425.0,3380,477230,0.0,24248.35,23800.0,23700,ATM-9,CALL,24150,2026-07-17
2026-07-17 13:44:00+05:30,424.35,428.0,421.5,426.05,2990,478205,0.0,24254.25,23800.0,23700,ATM-9,CALL,24150,2026-07-17
2026-07-17 13:45:00+05:30,423.9,426.55,423.9,425.75,2275,477360,0.0,24252.4,23800.0,23700,ATM-9,CALL,24150,2026-07-17
2026-07-17 13:46:00+05:30,425.75,425.75,414.7,414.7,15275,478335,0.0,24245.1,23800.0,23700,ATM-9,CALL,24150,2026-07-17
2026-07-17 13:47:00+05:30,414.35,414.7,405.75,409.15,7085,476320,0.0,24238.7,23800.0,23700,ATM-9,CALL,24150,2026-07-17
2026-07-17 13:48:00+05:30,412.0,417.05,409.15,415.9,3185,474760,0.0,24247.05,23800.0,23700,ATM-9,CALL,24150,2026-07-17
2026-07-17 13:49:00+05:30,415.9,417.15,410.7,410.7,5200,476905,0.0,24239.95,23800.0,23700,ATM-9,CALL,24150,2026-07-17
2026-07-17 13:50:00+05:30,410.7,410.7,404.6,405.0,14690,477295,0.0,24227.05,23800.0,23700,ATM-9,CALL,24150,2026-07-17
2026-07-17 13:51:00+05:30,450.0,452.1,439.85,443.3,2665,54860,0.0,24215.95,23750.0,23700,ATM-9,CALL,24150,2026-07-17
2026-07-17 13:52:00+05:30,443.55,448.05,443.3,444.85,1560,53820,0.0,24222.35,23750.0,23700,ATM-9,CALL,24150,2026-07-17
2026-07-17 13:53:00+05:30,400.95,404.25,399.7,402.55,2405,474890,0.0,24229.25,23800.0,23700,ATM-9,CALL,24150,2026-07-17
2026-07-17 13:54:00+05:30,404.0,409.45,402.55,405.5,4225,476775,0.0,24232.0,23800.0,23700,ATM-9,CALL,24150,2026-07-17
2026-07-17 13:55:00+05:30,406.85,413.35,403.6,410.75,5330,477620,0.0,24236.5,23800.0,23700,ATM-9,CALL,24150,2026-07-17
2026-07-17 13:56:00+05:30,410.0,410.75,405.0,408.0,2340,475540,0.0,24232.75,23800.0,23700,ATM-9,CALL,24150,2026-07-17
2026-07-17 13:57:00+05:30,409.0,412.0,408.0,408.2,7215,475800,0.0,24233.7,23800.0,23700,ATM-9,CALL,24150,2026-07-17
2026-07-17 13:58:00+05:30,411.85,414.7,408.2,414.25,3510,476190,0.0,24237.6,23800.0,23700,ATM-9,CALL,24150,2026-07-17
2026-07-17 13:59:00+05:30,414.45,432.8,414.25,428.35,14430,473850,0.0,24250.1,23800.0,23700,ATM-9,CALL,24150,2026-07-17
2026-07-17 14:00:00+05:30,427.15,430.0,423.85,426.55,8125,472745,0.0,24248.8,23800.0,23700,ATM-9,CALL,24150,2026-07-17
2026-07-17 14:01:00+05:30,427.75,427.9,422.1,426.5,2860,468715,0.0,24246.8,23800.0,23700,ATM-9,CALL,24150,2026-07-17
2026-07-17 14:02:00+05:30,424.0,426.5,418.65,421.85,1820,468520,0.0,24243.6,23800.0,23700,ATM-9,CALL,24150,2026-07-17
2026-07-17 14:03:00+05:30,422.35,425.15,420.8,425.1,1820,468390,0.0,24246.25,23800.0,23700,ATM-9,CALL,24150,2026-07-17
2026-07-17 14:04:00+05:30,425.5,430.75,425.1,427.6,3705,468130,0.0,24250.35,23800.0,23700,ATM-9,CALL,24150,2026-07-17
2026-07-17 14:05:00+05:30,428.0,434.0,427.6,431.2,3510,468780,0.0,24254.7,23800.0,23700,ATM-9,CALL,24150,2026-07-17
2026-07-17 14:06:00+05:30,431.2,431.55,425.0,425.0,5005,467480,0.0,24249.65,23800.0,23700,ATM-9,CALL,24150,2026-07-17
2026-07-17 14:07:00+05:30,425.55,428.0,423.6,428.0,2730,467350,0.0,24251.05,23800.0,23700,ATM-9,CALL,24150,2026-07-17
2026-07-17 14:08:00+05:30,428.0,429.0,425.1,425.1,1365,468715,0.0,24251.1,23800.0,23700,ATM-9,CALL,24150,2026-07-17
2026-07-17 14:09:00+05:30,425.95,427.3,425.1,427.0,455,468845,0.0,24252.95,23800.0,23700,ATM-9,CALL,24150,2026-07-17
2026-07-17 14:10:00+05:30,430.0,430.0,427.0,429.15,13650,468585,0.0,24254.0,23800.0,23700,ATM-9,CALL,24150,2026-07-17
2026-07-17 14:11:00+05:30,430.0,441.0,429.15,441.0,8775,469170,0.0,24265.25,23800.0,23700,ATM-9,CALL,24150,2026-07-17
2026-07-17 14:12:00+05:30,441.35,450.0,441.0,449.3,7605,469235,0.0,24271.6,23800.0,23700,ATM-9,CALL,24150,2026-07-17
2026-07-17 14:13:00+05:30,405.0,416.0,404.4,413.0,5265,128180,0.0,24277.25,23850.0,23700,ATM-9,CALL,24150,2026-07-17
2026-07-17 14:14:00+05:30,416.45,421.15,413.0,421.0,4940,127400,0.0,24280.55,23850.0,23700,ATM-9,CALL,24150,2026-07-17
2026-07-17 14:15:00+05:30,376.45,450.6,375.95,450.6,100230,530725,0.0,24345.4,23900.0,23700,ATM-9,CALL,24150,2026-07-17
2026-07-17 14:16:00+05:30,453.8,474.1,435.9,472.2,74750,505700,0.0,24362.9,23900.0,23700,ATM-9,CALL,24150,2026-07-17
2026-07-17 14:17:00+05:30,472.35,477.1,449.2,453.05,47840,493220,0.0,24347.45,23900.0,23700,ATM-9,CALL,24150,2026-07-17
2026-07-17 14:18:00+05:30,445.45,453.05,434.15,435.95,29120,481130,0.0,24332.7,23900.0,23700,ATM-9,CALL,24150,2026-07-17
2026-07-17 14:19:00+05:30,476.75,481.3,455.45,455.45,4615,116285,0.0,24308.45,23850.0,23700,ATM-9,CALL,24150,2026-07-17
2026-07-17 14:20:00+05:30,458.15,465.9,453.35,453.35,6565,118300,0.0,24312.75,23850.0,23700,ATM-9,CALL,24150,2026-07-17
2026-07-17 14:21:00+05:30,455.1,460.35,448.55,450.0,5330,117195,0.0,24309.35,23850.0,23700,ATM-9,CALL,24150,2026-07-17
2026-07-17 14:22:00+05:30,444.4,450.0,440.95,441.25,2665,117650,0.0,24300.95,23850.0,23700,ATM-9,CALL,24150,2026-07-17
2026-07-17 14:23:00+05:30,435.6,441.25,432.9,434.05,1040,118235,0.0,24292.7,23850.0,23700,ATM-9,CALL,24150,2026-07-17
2026-07-17 14:24:00+05:30,430.85,437.7,430.3,437.25,3315,117585,0.0,24298.3,23850.0,23700,ATM-9,CALL,24150,2026-07-17
2026-07-17 14:25:00+05:30,437.7,451.85,436.45,451.85,2210,117325,0.0,24307.3,23850.0,23700,ATM-9,CALL,24150,2026-07-17
2026-07-17 14:26:00+05:30,453.2,456.35,451.1,453.05,2925,119405,0.0,24311.25,23850.0,23700,ATM-9,CALL,24150,2026-07-17
2026-07-17 14:27:00+05:30,453.9,458.75,452.8,458.75,4940,120120,0.0,24310.95,23850.0,23700,ATM-9,CALL,24150,2026-07-17
2026-07-17 14:28:00+05:30,456.05,461.7,456.05,458.25,3575,121225,0.0,24309.5,23850.0,23700,ATM-9,CALL,24150,2026-07-17
2026-07-17 14:29:00+05:30,450.7,458.25,428.9,433.0,9230,119665,0.0,24287.4,23850.0,23700,ATM-9,CALL,24150,2026-07-17
2026-07-17 14:30:00+05:30,435.0,449.65,433.0,448.6,10465,122785,0.0,24304.65,23850.0,23700,ATM-9,CALL,24150,2026-07-17
2026-07-17 14:31:00+05:30,448.65,450.7,440.0,442.5,1950,123045,0.0,24300.3,23850.0,23700,ATM-9,CALL,24150,2026-07-17
2026-07-17 14:32:00+05:30,442.55,445.05,439.7,440.95,4030,121875,0.0,24299.15,23850.0,23700,ATM-9,CALL,24150,2026-07-17
2026-07-17 14:33:00+05:30,440.05,441.7,438.6,441.7,260,121290,0.0,24295.55,23850.0,23700,ATM-9,CALL,24150,2026-07-17
2026-07-17 14:34:00+05:30,441.7,445.0,440.65,445.0,585,121290,0.0,24298.0,23850.0,23700,ATM-9,CALL,24150,2026-07-17
2026-07-17 14:35:00+05:30,443.1,446.15,443.1,446.15,390,121225,0.0,24298.65,23850.0,23700,ATM-9,CALL,24150,2026-07-17
2026-07-17 14:36:00+05:30,441.15,446.15,435.8,437.95,1235,121355,0.0,24293.25,23850.0,23700,ATM-9,CALL,24150,2026-07-17
2026-07-17 14:37:00+05:30,435.8,441.7,435.8,440.35,2340,121160,0.0,24293.05,23850.0,23700,ATM-9,CALL,24150,2026-07-17
2026-07-17 14:38:00+05:30,436.0,442.65,435.6,442.65,585,121095,0.0,24298.95,23850.0,23700,ATM-9,CALL,24150,2026-07-17
2026-07-17 14:39:00+05:30,443.45,444.25,440.5,444.25,975,121160,0.0,24297.9,23850.0,23700,ATM-9,CALL,24150,2026-07-17
2026-07-17 14:40:00+05:30,447.3,448.1,443.55,443.55,1300,120965,0.0,24302.0,23850.0,23700,ATM-9,CALL,24150,2026-07-17
2026-07-17 14:41:00+05:30,444.05,455.0,443.55,455.0,455,121030,0.0,24311.85,23850.0,23700,ATM-9,CALL,24150,2026-07-17
2026-07-17 14:42:00+05:30,456.15,456.15,449.9,453.7,780,120965,0.0,24310.4,23850.0,23700,ATM-9,CALL,24150,2026-07-17
2026-07-17 14:43:00+05:30,455.65,456.6,453.7,453.7,325,121160,0.0,24312.1,23850.0,23700,ATM-9,CALL,24150,2026-07-17
2026-07-17 14:44:00+05:30,461.4,464.05,453.7,463.65,2925,119145,0.0,24317.65,23850.0,23700,ATM-9,CALL,24150,2026-07-17
2026-07-17 14:45:00+05:30,461.2,463.65,459.25,460.0,2145,119860,0.0,24319.5,23850.0,23700,ATM-9,CALL,24150,2026-07-17
2026-07-17 14:46:00+05:30,415.35,423.4,411.0,420.45,8970,474110,0.0,24325.05,23900.0,23700,ATM-9,CALL,24150,2026-07-17
2026-07-17 14:47:00+05:30,462.1,467.45,462.1,463.0,845,120770,0.0,24321.6,23850.0,23700,ATM-9,CALL,24150,2026-07-17
2026-07-17 14:48:00+05:30,458.1,463.0,458.1,462.05,455,120510,0.0,24320.25,23850.0,23700,ATM-9,CALL,24150,2026-07-17
2026-07-17 14:49:00+05:30,463.95,464.05,462.05,463.3,390,120575,0.0,24324.0,23850.0,23700,ATM-9,CALL,24150,2026-07-17
2026-07-17 14:50:00+05:30,461.0,463.3,458.0,458.0,390,120575,0.0,24320.0,23850.0,23700,ATM-9,CALL,24150,2026-07-17
2026-07-17 14:51:00+05:30,462.15,462.15,455.7,456.05,455,120640,0.0,24317.05,23850.0,23700,ATM-9,CALL,24150,2026-07-17
2026-07-17 14:52:00+05:30,460.05,460.05,456.05,457.65,1625,120575,0.0,24319.6,23850.0,23700,ATM-9,CALL,24150,2026-07-17
2026-07-17 14:53:00+05:30,455.3,457.65,449.5,449.5,3380,119405,0.0,24320.5,23850.0,23700,ATM-9,CALL,24150,2026-07-17
2026-07-17 14:54:00+05:30,454.9,455.25,449.5,453.85,650,119535,0.0,24320.95,23850.0,23700,ATM-9,CALL,24150,2026-07-17
2026-07-17 14:55:00+05:30,410.0,420.6,407.4,419.1,2145,459745,0.0,24327.4,23900.0,23700,ATM-9,CALL,24150,2026-07-17
2026-07-17 14:56:00+05:30,470.95,471.75,458.6,458.6,2925,120120,0.0,24324.9,23850.0,23700,ATM-9,CALL,24150,2026-07-17
2026-07-17 14:57:00+05:30,462.1,463.0,455.75,460.1,1300,120120,0.0,24321.6,23850.0,23700,ATM-9,CALL,24150,2026-07-17
2026-07-17 14:58:00+05:30,457.45,460.1,454.3,454.3,520,120510,0.0,24315.85,23850.0,23700,ATM-9,CALL,24150,2026-07-17
2026-07-17 14:59:00+05:30,458.0,458.0,448.85,450.45,1430,119340,0.0,24311.75,23850.0,23700,ATM-9,CALL,24150,2026-07-17
2026-07-17 15:00:00+05:30,453.0,466.9,444.6,464.85,14560,111800,0.0,24323.7,23850.0,23700,ATM-9,CALL,24150,2026-07-17
2026-07-17 15:01:00+05:30,420.1,431.4,416.1,420.95,30160,442650,0.0,24325.6,23900.0,23700,ATM-9,CALL,24150,2026-07-17
2026-07-17 15:02:00+05:30,462.6,464.55,462.3,462.3,325,108615,0.0,24324.35,23850.0,23700,ATM-9,CALL,24150,2026-07-17
2026-07-17 15:03:00+05:30,462.45,463.9,455.85,455.85,1235,108290,0.0,24317.95,23850.0,23700,ATM-9,CALL,24150,2026-07-17
2026-07-17 15:04:00+05:30,454.5,458.75,454.5,458.35,390,107250,0.0,24322.05,23850.0,23700,ATM-9,CALL,24150,2026-07-17
2026-07-17 15:05:00+05:30,415.15,421.1,412.1,420.0,7280,436930,0.0,24327.55,23900.0,23700,ATM-9,CALL,24150,2026-07-17
2026-07-17 15:06:00+05:30,421.0,424.4,418.9,420.45,36010,435890,0.0,24330.2,23900.0,23700,ATM-9,CALL,24150,2026-07-17
2026-07-17 15:07:00+05:30,420.8,427.55,420.45,425.0,14885,413920,0.0,24334.3,23900.0,23700,ATM-9,CALL,24150,2026-07-17
2026-07-17 15:08:00+05:30,424.0,425.0,418.0,421.15,4680,412230,0.0,24332.1,23900.0,23700,ATM-9,CALL,24150,2026-07-17
2026-07-17 15:09:00+05:30,418.85,423.75,416.0,421.4,7475,410085,0.0,24333.55,23900.0,23700,ATM-9,CALL,24150,2026-07-17
2026-07-17 15:10:00+05:30,419.4,421.4,417.9,419.95,13455,406640,0.0,24331.75,23900.0,23700,ATM-9,CALL,24150,2026-07-17
2026-07-17 15:11:00+05:30,421.2,423.35,419.95,420.55,5720,402480,0.0,24332.25,23900.0,23700,ATM-9,CALL,24150,2026-07-17
2026-07-17 15:12:00+05:30,421.1,427.4,420.55,424.7,4485,399490,0.0,24336.05,23900.0,23700,ATM-9,CALL,24150,2026-07-17
2026-07-17 15:13:00+05:30,424.35,424.7,419.55,421.85,5850,399230,0.0,24334.9,23900.0,23700,ATM-9,CALL,24150,2026-07-17
2026-07-17 15:14:00+05:30,419.4,421.85,411.7,411.7,10335,397150,0.0,24328.75,23900.0,23700,ATM-9,CALL,24150,2026-07-17
2026-07-17 15:15:00+05:30,457.2,458.65,450.05,454.1,5200,105625,0.0,24323.85,23850.0,23700,ATM-9,CALL,24150,2026-07-17
2026-07-17 15:16:00+05:30,450.25,454.1,450.25,453.75,1300,105625,0.0,24322.9,23850.0,23700,ATM-9,CALL,24150,2026-07-17
2026-07-17 15:17:00+05:30,409.45,414.9,409.45,412.65,5655,391235,0.0,24325.55,23900.0,23700,ATM-9,CALL,24150,2026-07-17
2026-07-17 15:18:00+05:30,413.9,414.45,407.0,407.0,2210,391040,0.0,24328.8,23900.0,23700,ATM-9,CALL,24150,2026-07-17
2026-07-17 15:19:00+05:30,407.5,411.2,407.0,410.4,2210,390975,0.0,24329.0,23900.0,23700,ATM-9,CALL,24150,2026-07-17
2026-07-17 15:20:00+05:30,410.15,414.35,410.15,412.7,7410,386945,0.0,24332.95,23900.0,23700,ATM-9,CALL,24150,2026-07-17
2026-07-17 15:21:00+05:30,414.0,425.0,412.7,425.0,14820,381355,0.0,24333.15,23900.0,23700,ATM-9,CALL,24150,2026-07-17
2026-07-17 15:22:00+05:30,425.25,428.7,423.85,426.0,15665,377130,0.0,24336.85,23900.0,23700,ATM-9,CALL,24150,2026-07-17
2026-07-17 15:23:00+05:30,425.4,430.95,425.15,429.6,24050,371670,0.0,24337.95,23900.0,23700,ATM-9,CALL,24150,2026-07-17
2026-07-17 15:24:00+05:30,429.7,438.6,429.6,434.85,15990,365170,0.0,24342.8,23900.0,23700,ATM-9,CALL,24150,2026-07-17
2026-07-17 15:25:00+05:30,435.85,444.65,433.8,439.05,10205,359515,0.0,24345.0,23900.0,23700,ATM-9,CALL,24150,2026-07-17
2026-07-17 15:26:00+05:30,438.35,440.75,435.35,436.35,6565,359515,0.0,24342.8,23900.0,23700,ATM-9,CALL,24150,2026-07-17
2026-07-17 15:27:00+05:30,438.15,442.0,436.35,441.2,5200,357175,0.0,24344.0,23900.0,23700,ATM-9,CALL,24150,2026-07-17
2026-07-17 15:28:00+05:30,440.6,449.15,440.25,447.6,11115,351130,0.0,24339.4,23900.0,23700,ATM-9,CALL,24150,2026-07-17
2026-07-17 15:29:00+05:30,447.65,453.6,446.65,451.15,17160,343005,0.0,24346.7,23900.0,23700,ATM-9,CALL,24150,2026-07-17
2026-07-17 09:15:00+05:30,16.35,23.55,13.45,19.3,1341080,3336060,14.814615,24151.25,23700.0,23700,ATM-9,PUT,24150,2026-07-17
2026-07-17 09:16:00+05:30,18.8,19.85,18.25,18.25,1533870,3656705,15.020355,24171.0,23700.0,23700,ATM-9,PUT,24150,2026-07-17
2026-07-17 09:17:00+05:30,23.25,24.4,22.95,23.5,413660,2046525,15.065698,24176.15,23750.0,23700,ATM-9,PUT,24150,2026-07-17
2026-07-17 09:18:00+05:30,23.5,23.5,22.2,22.45,251095,2108015,15.120637,24187.4,23750.0,23700,ATM-9,PUT,24150,2026-07-17
2026-07-17 09:19:00+05:30,22.4,22.95,22.1,22.55,283985,2159755,15.151622,24187.85,23750.0,23700,ATM-9,PUT,24150,2026-07-17
2026-07-17 09:20:00+05:30,22.5,22.55,21.3,21.9,388050,2250430,15.0222,24187.75,23750.0,23700,ATM-9,PUT,24150,2026-07-17
2026-07-17 09:21:00+05:30,21.95,22.75,21.8,22.45,235300,2273960,15.086516,24185.75,23750.0,23700,ATM-9,PUT,24150,2026-07-17
2026-07-17 09:22:00+05:30,22.4,22.95,22.25,22.5,182000,2319070,15.16565,24188.75,23750.0,23700,ATM-9,PUT,24150,2026-07-17
2026-07-17 09:23:00+05:30,22.45,22.8,22.4,22.8,183950,2400580,15.16635,24186.15,23750.0,23700,ATM-9,PUT,24150,2026-07-17
2026-07-17 09:24:00+05:30,22.6,22.8,22.1,22.1,202215,2455180,15.160311,24191.9,23750.0,23700,ATM-9,PUT,24150,2026-07-17
2026-07-17 09:25:00+05:30,22.15,22.25,21.75,22.2,211770,2531425,15.338447,24198.85,23750.0,23700,ATM-9,PUT,24150,2026-07-17
2026-07-17 09:26:00+05:30,22.15,22.5,22.05,22.45,153075,2588365,15.410825,24199.8,23750.0,23700,ATM-9,PUT,24150,2026-07-17
2026-07-17 09:27:00+05:30,22.4,22.45,22.0,22.0,294775,2621255,15.390914,24202.85,23750.0,23700,ATM-9,PUT,24150,2026-07-17
2026-07-17 09:28:00+05:30,22.0,22.3,21.8,21.8,139360,2653885,15.395634,24204.8,23750.0,23700,ATM-9,PUT,24150,2026-07-17
2026-07-17 09:29:00+05:30,21.85,22.0,21.6,21.6,144950,2691585,15.472841,24210.0,23750.0,23700,ATM-9,PUT,24150,2026-07-17
2026-07-17 09:30:00+05:30,21.6,21.9,21.3,21.75,299520,2731040,15.363123,24203.7,23750.0,23700,ATM-9,PUT,24150,2026-07-17
2026-07-17 09:31:00+05:30,21.75,21.95,21.55,21.75,127010,2777840,15.210129,24196.85,23750.0,23700,ATM-9,PUT,24150,2026-07-17
2026-07-17 09:32:00+05:30,21.8,22.0,21.15,21.15,148590,2810730,15.277017,24205.2,23750.0,23700,ATM-9,PUT,24150,2026-07-17
2026-07-17 09:33:00+05:30,21.05,21.25,20.6,20.8,147745,2857140,15.328734,24210.7,23750.0,23700,ATM-9,PUT,24150,2026-07-17
2026-07-17 09:34:00+05:30,20.65,21.55,20.45,21.4,123045,2878070,15.361727,24206.6,23750.0,23700,ATM-9,PUT,24150,2026-07-17
2026-07-17 09:35:00+05:30,21.3,21.4,21.05,21.2,101465,2888210,15.332056,24207.05,23750.0,23700,ATM-9,PUT,24150,2026-07-17
2026-07-17 09:36:00+05:30,21.15,21.45,20.75,20.85,180440,2909010,15.313594,24209.4,23750.0,23700,ATM-9,PUT,24150,2026-07-17
2026-07-17 09:37:00+05:30,20.7,20.95,20.35,20.35,235690,2932865,15.362589,24216.25,23750.0,23700,ATM-9,PUT,24150,2026-07-17
2026-07-17 09:38:00+05:30,20.35,20.35,19.95,20.0,267865,2973555,15.406736,24221.55,23750.0,23700,ATM-9,PUT,24150,2026-07-17
2026-07-17 09:39:00+05:30,19.95,20.7,19.95,20.6,120575,3037255,15.481593,24219.15,23750.0,23700,ATM-9,PUT,24150,2026-07-17
2026-07-17 09:40:00+05:30,20.7,20.95,20.45,20.85,160355,3004170,15.577195,24221.05,23750.0,23700,ATM-9,PUT,24150,2026-07-17
2026-07-17 09:41:00+05:30,20.8,21.0,20.65,20.85,78195,2988310,15.603874,24222.2,23750.0,23700,ATM-9,PUT,24150,2026-07-17
2026-07-17 09:42:00+05:30,20.75,20.9,20.5,20.65,47385,2992795,15.618461,24224.7,23750.0,23700,ATM-9,PUT,24150,2026-07-17
2026-07-17 09:43:00+05:30,25.5,25.8,25.35,25.45,261885,7350395,15.407892,24225.15,23800.0,23700,ATM-9,PUT,24150,2026-07-17
2026-07-17 09:44:00+05:30,25.35,25.75,25.0,25.05,469300,7379060,15.477779,24231.3,23800.0,23700,ATM-9,PUT,24150,2026-07-17
2026-07-17 09:45:00+05:30,25.0,25.05,24.0,24.5,753740,7471165,15.449591,24234.5,23800.0,23700,ATM-9,PUT,24150,2026-07-17
2026-07-17 09:46:00+05:30,24.5,24.95,24.4,24.5,545155,7595965,15.610977,24241.45,23800.0,23700,ATM-9,PUT,24150,2026-07-17
2026-07-17 09:47:00+05:30,24.4,24.85,23.95,24.8,495885,7759180,15.551303,24236.35,23800.0,23700,ATM-9,PUT,24150,2026-07-17
2026-07-17 09:48:00+05:30,24.7,24.9,24.55,24.65,275730,7939425,15.609552,24240.05,23800.0,23700,ATM-9,PUT,24150,2026-07-17
2026-07-17 09:49:00+05:30,24.75,25.05,24.65,24.8,251290,7969520,15.565196,24236.85,23800.0,23700,ATM-9,PUT,24150,2026-07-17
2026-07-17 09:50:00+05:30,24.75,24.8,24.1,24.25,208455,7985965,15.608208,24243.2,23800.0,23700,ATM-9,PUT,24150,2026-07-17
2026-07-17 09:51:00+05:30,24.15,25.1,24.15,25.05,221390,8008845,15.430157,24228.9,23800.0,23700,ATM-9,PUT,24150,2026-07-17
2026-07-17 09:52:00+05:30,25.05,25.75,24.9,25.4,370500,8032635,15.520928,24229.95,23800.0,23700,ATM-9,PUT,24150,2026-07-17
2026-07-17 09:53:00+05:30,25.45,25.45,25.05,25.1,193635,8091785,15.539374,24233.1,23800.0,23700,ATM-9,PUT,24150,2026-07-17
2026-07-17 09:54:00+05:30,25.0,25.3,24.65,24.9,246285,8091330,15.662757,24240.0,23800.0,23700,ATM-9,PUT,24150,2026-07-17
2026-07-17 09:55:00+05:30,25.0,25.8,24.9,25.7,377650,8071375,15.585881,24230.2,23800.0,23700,ATM-9,PUT,24150,2026-07-17
2026-07-17 09:56:00+05:30,20.7,20.75,20.5,20.65,103155,3311685,15.599508,24223.1,23750.0,23700,ATM-9,PUT,24150,2026-07-17
2026-07-17 09:57:00+05:30,20.6,21.0,20.55,20.9,74035,3317925,15.569822,24219.35,23750.0,23700,ATM-9,PUT,24150,2026-07-17
2026-07-17 09:58:00+05:30,26.05,26.2,25.25,25.25,272740,8073260,15.47905,24229.05,23800.0,23700,ATM-9,PUT,24150,2026-07-17
2026-07-17 09:59:00+05:30,25.2,25.65,25.2,25.25,136175,8120645,15.475555,24228.85,23800.0,23700,ATM-9,PUT,24150,2026-07-17
2026-07-17 10:00:00+05:30,20.25,21.15,20.05,21.1,160160,3350620,15.666222,24221.65,23750.0,23700,ATM-9,PUT,24150,2026-07-17
2026-07-17 10:01:00+05:30,21.0,21.45,20.65,20.85,163540,3379545,15.40822,24212.35,23750.0,23700,ATM-9,PUT,24150,2026-07-17
2026-07-17 10:02:00+05:30,20.8,20.85,20.6,20.8,119730,3374475,15.478066,24215.9,23750.0,23700,ATM-9,PUT,24150,2026-07-17
2026-07-17 10:03:00+05:30,20.7,20.85,20.6,20.6,74165,3385915,15.41631,24214.95,23750.0,23700,ATM-9,PUT,24150,2026-07-17
2026-07-17 10:04:00+05:30,20.6,20.9,20.55,20.7,120705,3401450,15.428369,24214.5,23750.0,23700,ATM-9,PUT,24150,2026-07-17
2026-07-17 10:05:00+05:30,20.7,20.9,20.05,20.15,57330,3427060,15.464519,24221.3,23750.0,23700,ATM-9,PUT,24150,2026-07-17
2026-07-17 10:06:00+05:30,20.2,20.5,20.0,20.35,68705,3428685,15.539079,24222.7,23750.0,23700,ATM-9,PUT,24150,2026-07-17
2026-07-17 10:07:00+05:30,25.5,25.8,25.45,25.5,124540,8004230,15.4566,24225.65,23800.0,23700,ATM-9,PUT,24150,2026-07-17
2026-07-17 10:08:00+05:30,25.35,25.9,25.25,25.25,85865,8014760,15.456889,24227.6,23800.0,23700,ATM-9,PUT,24150,2026-07-17
2026-07-17 10:09:00+05:30,25.25,25.3,24.85,25.2,191100,8026525,15.550054,24231.95,23800.0,23700,ATM-9,PUT,24150,2026-07-17
2026-07-17 10:10:00+05:30,25.2,25.75,25.2,25.75,58500,7997080,15.623246,24230.65,23800.0,23700,ATM-9,PUT,24150,2026-07-17
2026-07-17 10:11:00+05:30,25.7,25.75,25.4,25.4,74555,7982975,15.620021,24233.25,23800.0,23700,ATM-9,PUT,24150,2026-07-17
2026-07-17 10:12:00+05:30,25.45,25.45,24.65,24.9,170755,8001565,15.681682,24239.9,23800.0,23700,ATM-9,PUT,24150,2026-07-17
2026-07-17 10:13:00+05:30,24.95,25.05,24.6,24.9,254540,8000135,15.826227,24246.1,23800.0,23700,ATM-9,PUT,24150,2026-07-17
2026-07-17 10:14:00+05:30,24.9,25.25,24.9,25.25,323765,7978035,15.748917,24239.85,23800.0,23700,ATM-9,PUT,24150,2026-07-17
2026-07-17 10:15:00+05:30,25.2,25.25,24.9,25.2,171535,8186100,15.876272,24245.7,23800.0,23700,ATM-9,PUT,24150,2026-07-17
2026-07-17 10:16:00+05:30,25.2,25.3,24.8,24.85,139815,8196045,15.844537,24247.15,23800.0,23700,ATM-9,PUT,24150,2026-07-17
2026-07-17 10:17:00+05:30,24.85,24.95,24.4,24.55,170755,8210215,15.93797,24253.65,23800.0,23700,ATM-9,PUT,24150,2026-07-17
2026-07-17 10:18:00+05:30,24.6,24.75,24.05,24.3,663455,8199230,16.366089,24274.45,23800.0,23700,ATM-9,PUT,24150,2026-07-17
2026-07-17 10:19:00+05:30,24.2,24.5,23.95,24.25,779025,8161790,16.346124,24273.95,23800.0,23700,ATM-9,PUT,24150,2026-07-17
2026-07-17 10:20:00+05:30,24.3,24.55,24.0,24.4,486330,8035300,16.212627,24266.75,23800.0,23700,ATM-9,PUT,24150,2026-07-17
2026-07-17 10:21:00+05:30,24.35,24.45,23.9,24.25,387075,8147425,16.219912,24268.3,23800.0,23700,ATM-9,PUT,24150,2026-07-17
2026-07-17 10:22:00+05:30,24.25,24.5,23.75,24.1,307060,8182720,16.069717,24262.95,23800.0,23700,ATM-9,PUT,24150,2026-07-17
2026-07-17 10:23:00+05:30,24.05,24.35,24.05,24.05,207025,8236670,15.966365,24258.8,23800.0,23700,ATM-9,PUT,24150,2026-07-17
2026-07-17 10:24:00+05:30,24.0,24.3,24.0,24.05,121550,8258770,15.894369,24255.6,23800.0,23700,ATM-9,PUT,24150,2026-07-17
2026-07-17 10:25:00+05:30,24.0,24.35,23.9,24.15,338585,8289710,16.104844,24263.9,23800.0,23700,ATM-9,PUT,24150,2026-07-17
2026-07-17 10:26:00+05:30,24.15,24.2,23.85,23.9,230815,8245250,16.099229,24265.75,23800.0,23700,ATM-9,PUT,24150,2026-07-17
2026-07-17 10:27:00+05:30,23.85,24.05,23.75,24.0,158795,8223865,16.163404,24267.65,23800.0,23700,ATM-9,PUT,24150,2026-07-17
2026-07-17 10:28:00+05:30,23.9,24.0,23.55,23.7,223340,8206510,16.233781,24273.3,23800.0,23700,ATM-9,PUT,24150,2026-07-17
2026-07-17 10:29:00+05:30,29.15,29.25,28.75,28.85,110240,4706000,16.196942,24281.55,23850.0,23700,ATM-9,PUT,24150,2026-07-17
2026-07-17 10:30:00+05:30,28.8,29.15,28.5,28.75,152230,4694430,16.129238,24279.4,23850.0,23700,ATM-9,PUT,24150,2026-07-17
2026-07-17 10:31:00+05:30,28.75,29.05,28.5,29.0,131560,4695665,16.262894,24283.1,23850.0,23700,ATM-9,PUT,24150,2026-07-17
2026-07-17 10:32:00+05:30,29.05,29.2,28.8,29.1,108940,4699045,16.331865,24285.2,23850.0,23700,ATM-9,PUT,24150,2026-07-17
2026-07-17 10:33:00+05:30,29.3,29.85,29.1,29.75,108745,4699825,16.314968,24279.65,23850.0,23700,ATM-9,PUT,24150,2026-07-17
2026-07-17 10:34:00+05:30,29.75,29.95,29.65,29.95,111215,4727125,16.462633,24284.3,23850.0,23700,ATM-9,PUT,24150,2026-07-17
2026-07-17 10:35:00+05:30,24.35,24.55,24.2,24.3,626535,8558420,16.335964,24272.2,23800.0,23700,ATM-9,PUT,24150,2026-07-17
2026-07-17 10:36:00+05:30,24.25,24.4,24.1,24.35,150150,8611850,16.353874,24272.5,23800.0,23700,ATM-9,PUT,24150,2026-07-17
2026-07-17 10:37:00+05:30,24.3,24.4,24.2,24.3,151840,8667165,16.225447,24267.25,23800.0,23700,ATM-9,PUT,24150,2026-07-17
2026-07-17 10:38:00+05:30,24.25,24.4,23.75,23.9,262340,8636940,16.160637,24267.8,23800.0,23700,ATM-9,PUT,24150,2026-07-17
2026-07-17 10:39:00+05:30,23.8,24.1,23.75,24.1,112970,8685300,16.188691,24267.25,23800.0,23700,ATM-9,PUT,24150,2026-07-17
2026-07-17 10:40:00+05:30,24.1,24.15,23.65,23.7,90935,8701030,16.138371,24268.45,23800.0,23700,ATM-9,PUT,24150,2026-07-17
2026-07-17 10:41:00+05:30,23.75,23.8,23.5,23.55,150605,8724365,16.162106,24270.75,23800.0,23700,ATM-9,PUT,24150,2026-07-17
2026-07-17 10:42:00+05:30,23.6,23.9,23.55,23.85,55315,8737365,16.188714,24269.25,23800.0,23700,ATM-9,PUT,24150,2026-07-17
2026-07-17 10:43:00+05:30,23.85,24.7,23.85,24.45,377390,8736260,15.823423,24248.15,23800.0,23700,ATM-9,PUT,24150,2026-07-17
2026-07-17 10:44:00+05:30,24.4,24.55,23.95,24.35,236860,8809255,16.057179,24259.1,23800.0,23700,ATM-9,PUT,24150,2026-07-17
2026-07-17 10:45:00+05:30,24.35,24.9,24.1,24.8,190450,8796840,16.011901,24253.3,23800.0,23700,ATM-9,PUT,24150,2026-07-17
2026-07-17 10:46:00+05:30,24.85,25.0,24.5,24.55,164905,8817965,15.946568,24252.5,23800.0,23700,ATM-9,PUT,24150,2026-07-17
2026-07-17 10:47:00+05:30,24.6,24.7,24.15,24.2,132080,8809580,15.923778,24254.4,23800.0,23700,ATM-9,PUT,24150,2026-07-17
2026-07-17 10:48:00+05:30,24.4,24.5,24.2,24.5,76700,8802430,15.964688,24253.6,23800.0,23700,ATM-9,PUT,24150,2026-07-17
2026-07-17 10:49:00+05:30,24.6,24.6,24.05,24.25,166140,8832850,15.832391,24249.9,23800.0,23700,ATM-9,PUT,24150,2026-07-17
2026-07-17 10:50:00+05:30,24.25,24.35,23.7,23.9,209885,8861580,15.792131,24251.05,23800.0,23700,ATM-9,PUT,24150,2026-07-17
2026-07-17 10:51:00+05:30,23.95,24.25,23.85,23.85,82875,8882120,15.734221,24248.9,23800.0,23700,ATM-9,PUT,24150,2026-07-17
2026-07-17 10:52:00+05:30,23.95,24.1,23.6,23.6,157300,8863400,15.752,24251.75,23800.0,23700,ATM-9,PUT,24150,2026-07-17
2026-07-17 10:53:00+05:30,23.6,23.65,23.15,23.45,287625,8857745,15.82553,24256.2,23800.0,23700,ATM-9,PUT,24150,2026-07-17
2026-07-17 10:54:00+05:30,23.35,23.85,23.25,23.55,208845,8867365,15.831564,24255.55,23800.0,23700,ATM-9,PUT,24150,2026-07-17
2026-07-17 10:55:00+05:30,23.6,23.9,23.5,23.5,67015,8881730,15.850359,24256.75,23800.0,23700,ATM-9,PUT,24150,2026-07-17
2026-07-17 10:56:00+05:30,23.5,23.9,23.3,23.65,180245,8929245,15.860493,24255.85,23800.0,23700,ATM-9,PUT,24150,2026-07-17
2026-07-17 10:57:00+05:30,23.45,23.7,23.4,23.5,64935,8938020,15.84706,24256.5,23800.0,23700,ATM-9,PUT,24150,2026-07-17
2026-07-17 10:58:00+05:30,23.55,23.55,23.1,23.1,76375,8942895,15.797649,24257.75,23800.0,23700,ATM-9,PUT,24150,2026-07-17
2026-07-17 10:59:00+05:30,23.25,23.4,23.05,23.1,71305,8953360,15.781764,24257.0,23800.0,23700,ATM-9,PUT,24150,2026-07-17
2026-07-17 11:00:00+05:30,23.1,23.15,22.75,22.95,247130,8982285,15.819129,24259.9,23800.0,23700,ATM-9,PUT,24150,2026-07-17
2026-07-17 11:01:00+05:30,22.95,23.3,22.9,23.1,134290,9029930,15.775052,24256.6,23800.0,23700,ATM-9,PUT,24150,2026-07-17
2026-07-17 11:02:00+05:30,23.15,23.65,23.1,23.6,105365,9067955,15.690582,24248.55,23800.0,23700,ATM-9,PUT,24150,2026-07-17
2026-07-17 11:03:00+05:30,23.65,23.65,23.35,23.35,58955,9086740,15.679457,24250.15,23800.0,23700,ATM-9,PUT,24150,2026-07-17
2026-07-17 11:04:00+05:30,23.3,23.45,23.1,23.15,162305,9084660,15.823933,24258.15,23800.0,23700,ATM-9,PUT,24150,2026-07-17
2026-07-17 11:05:00+05:30,23.15,23.25,22.9,23.15,104000,9089470,15.917407,24262.2,23800.0,23700,ATM-9,PUT,24150,2026-07-17
2026-07-17 11:06:00+05:30,23.2,23.5,23.05,23.1,58695,9086805,15.901823,24261.9,23800.0,23700,ATM-9,PUT,24150,2026-07-17
2026-07-17 11:07:00+05:30,23.05,24.05,23.0,24.05,111865,9061910,15.728902,24246.15,23800.0,23700,ATM-9,PUT,24150,2026-07-17
2026-07-17 11:08:00+05:30,24.0,24.5,23.95,24.15,207805,9073480,15.569138,24238.35,23800.0,23700,ATM-9,PUT,24150,2026-07-17
2026-07-17 11:09:00+05:30,24.25,24.35,23.8,23.8,152360,9069645,15.584831,24241.9,23800.0,23700,ATM-9,PUT,24150,2026-07-17
2026-07-17 11:10:00+05:30,23.9,24.45,23.75,24.35,157690,9057880,15.622623,24238.9,23800.0,23700,ATM-9,PUT,24150,2026-07-17
2026-07-17 11:11:00+05:30,24.35,24.35,23.9,24.15,160875,9071660,15.62825,24240.75,23800.0,23700,ATM-9,PUT,24150,2026-07-17
2026-07-17 11:12:00+05:30,24.2,24.35,24.1,24.15,80600,9072050,15.65142,24241.7,23800.0,23700,ATM-9,PUT,24150,2026-07-17
2026-07-17 11:13:00+05:30,24.1,24.75,24.1,24.6,503750,9032530,15.650764,24237.9,23800.0,23700,ATM-9,PUT,24150,2026-07-17
2026-07-17 11:14:00+05:30,24.45,24.75,23.9,24.15,140270,8843835,15.514832,24235.7,23800.0,23700,ATM-9,PUT,24150,2026-07-17
2026-07-17 11:15:00+05:30,24.15,24.45,24.05,24.3,90025,8825440,15.620153,24238.95,23800.0,23700,ATM-9,PUT,24150,2026-07-17
2026-07-17 11:16:00+05:30,24.2,24.8,24.2,24.6,104585,8825310,15.595033,24235.35,23800.0,23700,ATM-9,PUT,24150,2026-07-17
2026-07-17 11:17:00+05:30,24.65,24.65,23.8,24.0,182520,8830185,15.57756,24239.5,23800.0,23700,ATM-9,PUT,24150,2026-07-17
2026-07-17 11:18:00+05:30,24.05,24.5,24.0,24.45,104195,8820695,15.604852,24236.9,23800.0,23700,ATM-9,PUT,24150,2026-07-17
2026-07-17 11:19:00+05:30,24.5,24.55,23.95,24.2,398255,8858135,15.668258,24241.65,23800.0,23700,ATM-9,PUT,24150,2026-07-17
2026-07-17 11:20:00+05:30,24.1,24.3,23.9,24.25,187265,8876985,15.681397,24241.75,23800.0,23700,ATM-9,PUT,24150,2026-07-17
2026-07-17 11:21:00+05:30,24.25,24.25,24.0,24.0,170300,8936850,15.63321,24241.7,23800.0,23700,ATM-9,PUT,24150,2026-07-17
2026-07-17 11:22:00+05:30,24.0,24.0,23.3,23.6,164385,8878805,15.735234,24249.45,23800.0,23700,ATM-9,PUT,24150,2026-07-17
2026-07-17 11:23:00+05:30,23.85,24.5,23.6,24.2,139295,8902400,15.598882,24238.45,23800.0,23700,ATM-9,PUT,24150,2026-07-17
2026-07-17 11:24:00+05:30,24.15,24.4,23.7,23.9,88270,8896225,15.721348,24246.2,23800.0,23700,ATM-9,PUT,24150,2026-07-17
2026-07-17 11:25:00+05:30,23.95,24.25,23.75,24.25,57590,8908575,15.709399,24242.7,23800.0,23700,ATM-9,PUT,24150,2026-07-17
2026-07-17 11:26:00+05:30,24.2,24.5,24.0,24.0,57005,8909095,15.632244,24241.4,23800.0,23700,ATM-9,PUT,24150,2026-07-17
2026-07-17 11:27:00+05:30,23.95,24.0,23.7,23.85,61620,8919820,15.652911,24243.5,23800.0,23700,ATM-9,PUT,24150,2026-07-17
2026-07-17 11:28:00+05:30,23.85,24.1,23.8,24.0,32305,8915790,15.722493,24245.2,23800.0,23700,ATM-9,PUT,24150,2026-07-17
2026-07-17 11:29:00+05:30,24.0,24.15,23.55,24.1,65845,8908575,15.692187,24243.0,23800.0,23700,ATM-9,PUT,24150,2026-07-17
2026-07-17 11:30:00+05:30,24.1,24.1,23.7,23.85,54795,8912215,15.671515,24244.15,23800.0,23700,ATM-9,PUT,24150,2026-07-17
2026-07-17 11:31:00+05:30,23.8,23.95,23.65,23.7,56290,8922225,15.6908,24246.2,23800.0,23700,ATM-9,PUT,24150,2026-07-17
2026-07-17 11:32:00+05:30,23.7,23.95,23.6,23.65,44720,8929180,15.604978,24242.85,23800.0,23700,ATM-9,PUT,24150,2026-07-17
2026-07-17 11:33:00+05:30,23.7,23.9,23.35,23.45,81315,8955245,15.70754,24248.95,23800.0,23700,ATM-9,PUT,24150,2026-07-17
2026-07-17 11:34:00+05:30,23.4,23.45,22.85,23.3,201175,8938150,15.762983,24252.6,23800.0,23700,ATM-9,PUT,24150,2026-07-17
2026-07-17 11:35:00+05:30,23.35,23.35,22.95,23.05,121290,8918585,15.850709,24258.55,23800.0,23700,ATM-9,PUT,24150,2026-07-17
2026-07-17 11:36:00+05:30,23.25,23.9,23.05,23.75,255190,8830120,15.813734,24250.85,23800.0,23700,ATM-9,PUT,24150,2026-07-17
2026-07-17 11:37:00+05:30,23.7,24.2,23.6,24.1,394485,8808800,15.792044,24246.9,23800.0,23700,ATM-9,PUT,24150,2026-07-17
2026-07-17 11:38:00+05:30,24.1,24.1,23.5,23.5,139035,8824465,15.775123,24251.2,23800.0,23700,ATM-9,PUT,24150,2026-07-17
2026-07-17 11:39:00+05:30,23.5,23.7,23.45,23.5,92625,8820500,15.910653,24257.05,23800.0,23700,ATM-9,PUT,24150,2026-07-17
2026-07-17 11:40:00+05:30,23.4,23.85,23.3,23.6,261820,8786375,15.964908,24258.5,23800.0,23700,ATM-9,PUT,24150,2026-07-17
2026-07-17 11:41:00+05:30,23.5,23.8,23.35,23.45,187460,8768500,16.046333,24263.3,23800.0,23700,ATM-9,PUT,24150,2026-07-17
2026-07-17 11:42:00+05:30,23.45,23.6,23.25,23.5,129935,8751015,16.014019,24261.4,23800.0,23700,ATM-9,PUT,24150,2026-07-17
2026-07-17 11:43:00+05:30,23.5,23.55,23.25,23.25,73255,8749780,15.981503,24262.1,23800.0,23700,ATM-9,PUT,24150,2026-07-17
2026-07-17 11:44:00+05:30,23.3,23.3,22.9,23.2,132795,8737885,16.089159,24267.2,23800.0,23700,ATM-9,PUT,24150,2026-07-17
2026-07-17 11:45:00+05:30,23.1,23.2,22.8,22.8,126880,8738795,16.108692,24271.55,23800.0,23700,ATM-9,PUT,24150,2026-07-17
2026-07-17 11:46:00+05:30,22.9,23.3,22.8,23.05,66560,8733595,16.103631,24269.05,23800.0,23700,ATM-9,PUT,24150,2026-07-17
2026-07-17 11:47:00+05:30,23.1,23.35,23.05,23.15,76830,8759335,16.063452,24266.35,23800.0,23700,ATM-9,PUT,24150,2026-07-17
2026-07-17 11:48:00+05:30,23.25,23.35,23.0,23.1,167505,8754135,16.084284,24267.65,23800.0,23700,ATM-9,PUT,24150,2026-07-17
2026-07-17 11:49:00+05:30,23.1,23.1,22.85,22.85,194610,8607820,16.035133,24267.65,23800.0,23700,ATM-9,PUT,24150,2026-07-17
2026-07-17 11:50:00+05:30,22.8,22.95,22.75,22.85,58565,8617375,16.10345,24270.6,23800.0,23700,ATM-9,PUT,24150,2026-07-17
2026-07-17 11:51:00+05:30,22.85,23.0,22.65,22.9,45695,8608275,16.154591,24272.35,23800.0,23700,ATM-9,PUT,24150,2026-07-17
2026-07-17 11:52:00+05:30,22.9,22.9,22.6,22.7,52000,8595080,16.149253,24273.85,23800.0,23700,ATM-9,PUT,24150,2026-07-17
2026-07-17 11:53:00+05:30,27.95,28.4,27.7,28.05,60190,5087680,16.089427,24278.7,23850.0,23700,ATM-9,PUT,24150,2026-07-17
2026-07-17 11:54:00+05:30,28.05,28.2,27.95,28.15,47255,5083130,16.115821,24279.0,23850.0,23700,ATM-9,PUT,24150,2026-07-17
2026-07-17 11:55:00+05:30,22.8,23.35,22.8,23.2,145275,8545680,16.276007,24274.8,23800.0,23700,ATM-9,PUT,24150,2026-07-17
2026-07-17 11:56:00+05:30,28.6,28.75,28.35,28.6,50765,5078775,16.231312,24280.35,23850.0,23700,ATM-9,PUT,24150,2026-07-17
2026-07-17 11:57:00+05:30,28.65,29.25,28.45,28.95,137150,5056935,16.271004,24279.35,23850.0,23700,ATM-9,PUT,24150,2026-07-17
2026-07-17 11:58:00+05:30,23.9,24.0,23.3,23.55,151775,8479705,16.354845,24275.0,23800.0,23700,ATM-9,PUT,24150,2026-07-17
2026-07-17 11:59:00+05:30,28.95,28.95,28.65,28.8,32305,5066295,16.21076,24277.85,23850.0,23700,ATM-9,PUT,24150,2026-07-17
2026-07-17 12:00:00+05:30,23.65,23.75,23.3,23.65,98865,8466900,16.283727,24270.9,23800.0,23700,ATM-9,PUT,24150,2026-07-17
2026-07-17 12:01:00+05:30,23.6,23.65,23.3,23.35,131170,8489260,16.162052,24268.15,23800.0,23700,ATM-9,PUT,24150,2026-07-17
2026-07-17 12:02:00+05:30,23.4,23.55,23.3,23.35,46670,8497515,16.143873,24267.3,23800.0,23700,ATM-9,PUT,24150,2026-07-17
2026-07-17 12:03:00+05:30,28.75,28.9,28.5,28.6,49595,5093140,16.12363,24275.5,23850.0,23700,ATM-9,PUT,24150,2026-07-17
2026-07-17 12:04:00+05:30,23.1,23.5,23.05,23.5,45695,8488480,16.348954,24274.85,23800.0,23700,ATM-9,PUT,24150,2026-07-17
2026-07-17 12:05:00+05:30,23.65,23.75,23.4,23.65,81315,8479640,16.366633,24274.25,23800.0,23700,ATM-9,PUT,24150,2026-07-17
2026-07-17 12:06:00+05:30,23.6,23.75,23.55,23.65,53235,8492315,16.220287,24267.8,23800.0,23700,ATM-9,PUT,24150,2026-07-17
2026-07-17 12:07:00+05:30,23.55,23.8,23.55,23.75,44070,8502065,16.13933,24263.35,23800.0,23700,ATM-9,PUT,24150,2026-07-17
2026-07-17 12:08:00+05:30,23.65,23.9,23.45,23.45,99450,8540220,16.189692,24268.1,23800.0,23700,ATM-9,PUT,24150,2026-07-17
2026-07-17 12:09:00+05:30,23.4,23.55,23.2,23.5,115180,8540610,16.340434,24274.2,23800.0,23700,ATM-9,PUT,24150,2026-07-17
2026-07-17 12:10:00+05:30,23.55,23.85,23.35,23.85,150670,8512205,16.407285,24274.0,23800.0,23700,ATM-9,PUT,24150,2026-07-17
2026-07-17 12:11:00+05:30,23.75,23.9,23.6,23.75,380835,8774870,16.332458,24271.55,23800.0,23700,ATM-9,PUT,24150,2026-07-17
2026-07-17 12:12:00+05:30,29.15,29.4,28.9,28.9,49270,5083520,16.19785,24275.9,23850.0,23700,ATM-9,PUT,24150,2026-07-17
2026-07-17 12:13:00+05:30,23.6,23.85,23.5,23.7,42250,8781110,16.300937,24270.5,23800.0,23700,ATM-9,PUT,24150,2026-07-17
2026-07-17 12:14:00+05:30,29.1,29.2,28.75,28.75,34970,5092685,16.189291,24276.55,23850.0,23700,ATM-9,PUT,24150,2026-07-17
2026-07-17 12:15:00+05:30,28.7,28.95,28.65,28.75,24375,5092685,16.285511,24280.5,23850.0,23700,ATM-9,PUT,24150,2026-07-17
2026-07-17 12:16:00+05:30,23.45,23.8,23.35,23.65,49660,8739055,16.38172,24274.3,23800.0,23700,ATM-9,PUT,24150,2026-07-17
2026-07-17 12:17:00+05:30,23.7,23.9,23.6,23.65,66950,8747050,16.334924,24272.2,23800.0,23700,ATM-9,PUT,24150,2026-07-17
2026-07-17 12:18:00+05:30,29.05,29.15,28.7,28.95,21515,5098600,16.2082,24275.65,23850.0,23700,ATM-9,PUT,24150,2026-07-17
2026-07-17 12:19:00+05:30,28.95,29.35,28.95,29.2,23075,5100680,16.248978,24275.45,23850.0,23700,ATM-9,PUT,24150,2026-07-17
2026-07-17 12:20:00+05:30,29.35,29.65,29.05,29.6,161850,5076890,16.449054,24280.75,23850.0,23700,ATM-9,PUT,24150,2026-07-17
2026-07-17 12:21:00+05:30,29.6,29.6,29.4,29.45,20995,5066360,16.393576,24279.5,23850.0,23700,ATM-9,PUT,24150,2026-07-17
2026-07-17 12:22:00+05:30,24.05,24.2,23.95,24.0,63115,8720270,16.404303,24271.9,23800.0,23700,ATM-9,PUT,24150,2026-07-17
2026-07-17 12:23:00+05:30,29.45,29.5,29.1,29.35,21450,5057975,16.415779,24281.05,23850.0,23700,ATM-9,PUT,24150,2026-07-17
2026-07-17 12:24:00+05:30,29.3,29.45,29.1,29.15,27365,5057975,16.398337,24281.75,23850.0,23700,ATM-9,PUT,24150,2026-07-17
2026-07-17 12:25:00+05:30,29.2,29.55,29.05,29.5,79365,5056610,16.388166,24278.7,23850.0,23700,ATM-9,PUT,24150,2026-07-17
2026-07-17 12:26:00+05:30,29.5,29.65,29.2,29.35,54470,5045625,16.329037,24277.3,23850.0,23700,ATM-9,PUT,24150,2026-07-17
2026-07-17 12:27:00+05:30,29.4,29.45,29.1,29.15,44070,5046860,16.32499,24278.55,23850.0,23700,ATM-9,PUT,24150,2026-07-17
2026-07-17 12:28:00+05:30,29.25,29.5,29.15,29.35,20020,5056350,16.346059,24277.9,23850.0,23700,ATM-9,PUT,24150,2026-07-17
2026-07-17 12:29:00+05:30,29.5,29.8,29.35,29.65,19955,5054660,16.394345,24277.65,23850.0,23700,ATM-9,PUT,24150,2026-07-17
2026-07-17 12:30:00+05:30,24.3,24.5,24.3,24.4,176215,8678150,16.554975,24274.55,23800.0,23700,ATM-9,PUT,24150,2026-07-17
2026-07-17 12:31:00+05:30,29.75,30.0,29.6,29.6,41860,5075720,16.374734,24277.1,23850.0,23700,ATM-9,PUT,24150,2026-07-17
2026-07-17 12:32:00+05:30,24.2,24.45,24.15,24.35,40690,8673600,16.529207,24273.75,23800.0,23700,ATM-9,PUT,24150,2026-07-17
2026-07-17 12:33:00+05:30,29.9,30.0,29.7,29.7,66365,5071430,16.476036,24280.45,23850.0,23700,ATM-9,PUT,24150,2026-07-17
2026-07-17 12:34:00+05:30,29.7,29.85,29.45,29.85,97825,5061680,16.520776,24281.15,23850.0,23700,ATM-9,PUT,24150,2026-07-17
2026-07-17 12:35:00+05:30,29.85,29.9,29.6,29.75,34905,5044585,16.508006,24281.3,23850.0,23700,ATM-9,PUT,24150,2026-07-17
2026-07-17 12:36:00+05:30,29.75,29.8,29.55,29.6,42705,5044455,16.491179,24281.65,23850.0,23700,ATM-9,PUT,24150,2026-07-17
2026-07-17 12:37:00+05:30,29.55,29.75,29.35,29.65,37310,5050630,16.434769,24278.9,23850.0,23700,ATM-9,PUT,24150,2026-07-17
2026-07-17 12:38:00+05:30,29.65,29.7,29.35,29.5,28860,5040230,16.399809,24278.5,23850.0,23700,ATM-9,PUT,24150,2026-07-17
2026-07-17 12:39:00+05:30,29.45,29.6,29.2,29.4,27235,5044780,16.36521,24277.75,23850.0,23700,ATM-9,PUT,24150,2026-07-17
2026-07-17 12:40:00+05:30,24.2,24.35,23.95,24.35,76635,8628295,16.373372,24266.55,23800.0,23700,ATM-9,PUT,24150,2026-07-17
2026-07-17 12:41:00+05:30,24.25,24.35,23.95,23.95,306345,8586825,16.352986,24269.05,23800.0,23700,ATM-9,PUT,24150,2026-07-17
2026-07-17 12:42:00+05:30,29.2,29.3,28.95,29.05,47840,5090540,16.364748,24280.15,23850.0,23700,ATM-9,PUT,24150,2026-07-17
2026-07-17 12:43:00+05:30,23.7,24.0,23.65,23.85,27950,8488220,16.472334,24275.0,23800.0,23700,ATM-9,PUT,24150,2026-07-17
2026-07-17 12:44:00+05:30,29.1,29.3,29.0,29.0,16835,5066685,16.283528,24277.05,23850.0,23700,ATM-9,PUT,24150,2026-07-17
2026-07-17 12:45:00+05:30,28.85,29.15,28.65,28.75,29380,5067595,16.395539,24283.5,23850.0,23700,ATM-9,PUT,24150,2026-07-17
2026-07-17 12:46:00+05:30,29.0,29.2,28.75,28.95,26390,5064475,16.402588,24282.25,23850.0,23700,ATM-9,PUT,24150,2026-07-17
2026-07-17 12:47:00+05:30,28.9,29.15,28.9,28.95,24960,5064735,16.507401,24286.55,23850.0,23700,ATM-9,PUT,24150,2026-07-17
2026-07-17 12:48:00+05:30,29.0,29.15,28.8,28.8,42055,5057715,16.498522,24287.25,23850.0,23700,ATM-9,PUT,24150,2026-07-17
2026-07-17 12:49:00+05:30,28.65,28.85,26.65,27.65,420940,5038280,16.451837,24294.0,23850.0,23700,ATM-9,PUT,24150,2026-07-17
2026-07-17 12:50:00+05:30,27.7,29.0,27.65,28.65,134420,4988230,16.386318,24283.6,23850.0,23700,ATM-9,PUT,24150,2026-07-17
2026-07-17 12:51:00+05:30,29.05,29.55,28.65,28.95,94185,4984005,16.387254,24281.35,23850.0,23700,ATM-9,PUT,24150,2026-07-17
2026-07-17 12:52:00+05:30,29.0,29.6,28.95,29.4,43940,4987840,16.430137,24279.75,23850.0,23700,ATM-9,PUT,24150,2026-07-17
2026-07-17 12:53:00+05:30,24.1,24.35,23.95,24.2,105885,8655075,16.497599,24272.5,23800.0,23700,ATM-9,PUT,24150,2026-07-17
2026-07-17 12:54:00+05:30,24.2,24.7,24.1,24.35,159445,8652670,16.561013,24273.9,23800.0,23700,ATM-9,PUT,24150,2026-07-17
2026-07-17 12:55:00+05:30,24.35,24.55,23.75,24.5,122720,8688615,16.529706,24271.2,23800.0,23700,ATM-9,PUT,24150,2026-07-17
2026-07-17 12:56:00+05:30,24.55,24.55,24.0,24.1,73970,8652215,16.528754,24274.55,23800.0,23700,ATM-9,PUT,24150,2026-07-17
2026-07-17 12:57:00+05:30,29.4,29.5,28.45,29.0,58045,5028270,16.379699,24280.35,23850.0,23700,ATM-9,PUT,24150,2026-07-17
2026-07-17 12:58:00+05:30,29.05,29.25,28.65,28.9,26390,5021120,16.329279,24278.95,23850.0,23700,ATM-9,PUT,24150,2026-07-17
2026-07-17 12:59:00+05:30,28.85,28.9,28.55,28.65,35750,5028660,16.39056,24283.3,23850.0,23700,ATM-9,PUT,24150,2026-07-17
2026-07-17 13:00:00+05:30,28.3,29.05,28.3,28.95,25285,5034770,16.433707,24282.8,23850.0,23700,ATM-9,PUT,24150,2026-07-17
2026-07-17 13:01:00+05:30,28.85,28.95,28.2,28.55,36335,5034315,16.385912,24283.75,23850.0,23700,ATM-9,PUT,24150,2026-07-17
2026-07-17 13:02:00+05:30,28.45,28.7,28.25,28.55,35620,5031130,16.264354,24278.65,23850.0,23700,ATM-9,PUT,24150,2026-07-17
2026-07-17 13:03:00+05:30,28.6,28.95,28.4,28.75,25610,5035810,16.350989,24280.7,23850.0,23700,ATM-9,PUT,24150,2026-07-17
2026-07-17 13:04:00+05:30,28.6,28.75,28.35,28.6,19110,5032300,16.304807,24279.85,23850.0,23700,ATM-9,PUT,24150,2026-07-17
2026-07-17 13:05:00+05:30,28.7,28.95,28.6,28.6,18070,5033600,16.336207,24281.1,23850.0,23700,ATM-9,PUT,24150,2026-07-17
2026-07-17 13:06:00+05:30,28.6,28.7,28.3,28.45,35945,5033275,16.379039,24283.95,23850.0,23700,ATM-9,PUT,24150,2026-07-17
2026-07-17 13:07:00+05:30,28.45,29.2,28.3,29.2,42835,5031065,16.333739,24276.45,23850.0,23700,ATM-9,PUT,24150,2026-07-17
2026-07-17 13:08:00+05:30,29.15,29.2,28.8,29.05,36010,5017155,16.388157,24279.75,23850.0,23700,ATM-9,PUT,24150,2026-07-17
2026-07-17 13:09:00+05:30,29.05,29.2,28.9,29.2,38025,5019300,16.373846,24278.0,23850.0,23700,ATM-9,PUT,24150,2026-07-17
2026-07-17 13:10:00+05:30,29.05,29.2,28.8,29.0,13520,5016505,16.375722,24279.5,23850.0,23700,ATM-9,PUT,24150,2026-07-17
2026-07-17 13:11:00+05:30,28.9,29.0,28.6,28.9,25610,5017740,16.354259,24279.3,23850.0,23700,ATM-9,PUT,24150,2026-07-17
2026-07-17 13:12:00+05:30,28.95,29.15,28.65,29.15,9945,5008965,16.353009,24277.35,23850.0,23700,ATM-9,PUT,24150,2026-07-17
2026-07-17 13:13:00+05:30,29.25,29.3,28.8,28.85,20670,5009810,16.278918,24276.45,23850.0,23700,ATM-9,PUT,24150,2026-07-17
2026-07-17 13:14:00+05:30,28.85,29.0,28.6,28.8,22555,5016050,16.418639,24282.55,23850.0,23700,ATM-9,PUT,24150,2026-07-17
2026-07-17 13:15:00+05:30,23.7,24.75,23.65,24.2,163345,8944260,16.512131,24271.9,23800.0,23700,ATM-9,PUT,24150,2026-07-17
2026-07-17 13:16:00+05:30,24.25,24.25,23.85,23.85,235885,8761805,16.464187,24272.8,23800.0,23700,ATM-9,PUT,24150,2026-07-17
2026-07-17 13:17:00+05:30,29.3,29.6,29.15,29.3,55120,5048875,16.338766,24275.4,23850.0,23700,ATM-9,PUT,24150,2026-07-17
2026-07-17 13:18:00+05:30,23.9,24.2,23.65,23.85,59735,8678800,16.461004,24272.55,23800.0,23700,ATM-9,PUT,24150,2026-07-17
2026-07-17 13:19:00+05:30,23.9,24.1,23.8,24.0,58240,8676525,16.53388,24274.35,23800.0,23700,ATM-9,PUT,24150,2026-07-17
2026-07-17 13:20:00+05:30,29.45,29.45,28.85,29.1,29510,5046080,16.353074,24277.3,23850.0,23700,ATM-9,PUT,24150,2026-07-17
2026-07-17 13:21:00+05:30,29.1,29.35,28.95,29.1,19955,5044780,16.357987,24277.45,23850.0,23700,ATM-9,PUT,24150,2026-07-17
2026-07-17 13:22:00+05:30,23.65,23.8,23.5,23.6,93015,8701225,16.457282,24274.35,23800.0,23700,ATM-9,PUT,24150,2026-07-17
2026-07-17 13:23:00+05:30,23.6,24.05,23.4,24.05,86710,8698690,16.426673,24269.05,23800.0,23700,ATM-9,PUT,24150,2026-07-17
2026-07-17 13:24:00+05:30,24.0,24.45,23.8,24.45,109460,8697455,16.447189,24266.45,23800.0,23700,ATM-9,PUT,24150,2026-07-17
2026-07-17 13:25:00+05:30,24.35,24.6,23.7,23.7,285935,8711690,16.349971,24268.65,23800.0,23700,ATM-9,PUT,24150,2026-07-17
2026-07-17 13:26:00+05:30,23.65,24.3,23.55,24.1,214110,8724235,16.346745,24265.0,23800.0,23700,ATM-9,PUT,24150,2026-07-17
2026-07-17 13:27:00+05:30,24.05,24.45,24.05,24.45,134420,8727810,16.344167,24261.85,23800.0,23700,ATM-9,PUT,24150,2026-07-17
2026-07-17 13:28:00+05:30,24.3,24.45,24.15,24.3,152750,8812765,16.287955,24260.65,23800.0,23700,ATM-9,PUT,24150,2026-07-17
2026-07-17 13:29:00+05:30,24.3,24.35,23.7,24.0,110565,8845460,16.38394,24267.3,23800.0,23700,ATM-9,PUT,24150,2026-07-17
2026-07-17 13:30:00+05:30,23.85,24.1,23.5,23.65,87295,8831485,16.371717,24269.75,23800.0,23700,ATM-9,PUT,24150,2026-07-17
2026-07-17 13:31:00+05:30,23.6,23.8,23.3,23.65,119145,8790275,16.333778,24268.05,23800.0,23700,ATM-9,PUT,24150,2026-07-17
2026-07-17 13:32:00+05:30,23.65,24.05,23.6,23.65,56745,8780460,16.299273,24266.5,23800.0,23700,ATM-9,PUT,24150,2026-07-17
2026-07-17 13:33:00+05:30,23.8,24.0,23.65,23.8,50765,8780850,16.271618,24263.95,23800.0,23700,ATM-9,PUT,24150,2026-07-17
2026-07-17 13:34:00+05:30,23.7,23.95,23.55,23.7,70135,8785335,16.293371,24265.7,23800.0,23700,ATM-9,PUT,24150,2026-07-17
2026-07-17 13:35:00+05:30,23.55,23.7,23.3,23.45,66690,8789495,16.288276,24267.6,23800.0,23700,ATM-9,PUT,24150,2026-07-17
2026-07-17 13:36:00+05:30,23.35,23.45,22.6,23.2,353340,8678215,16.289672,24269.8,23800.0,23700,ATM-9,PUT,24150,2026-07-17
2026-07-17 13:37:00+05:30,23.15,23.6,23.0,23.5,79170,8563100,16.233968,24264.7,23800.0,23700,ATM-9,PUT,24150,2026-07-17
2026-07-17 13:38:00+05:30,23.5,23.6,23.25,23.55,38220,8550360,16.270698,24265.8,23800.0,23700,ATM-9,PUT,24150,2026-07-17
2026-07-17 13:39:00+05:30,23.55,23.55,23.2,23.25,56225,8557965,16.296748,24269.5,23800.0,23700,ATM-9,PUT,24150,2026-07-17
2026-07-17 13:40:00+05:30,23.4,24.4,23.25,24.25,121355,8550685,16.237556,24258.25,23800.0,23700,ATM-9,PUT,24150,2026-07-17
2026-07-17 13:41:00+05:30,24.2,24.75,23.75,23.8,260520,8558225,16.066042,24254.65,23800.0,23700,ATM-9,PUT,24150,2026-07-17
2026-07-17 13:42:00+05:30,23.7,24.7,23.7,24.35,127790,8606845,16.095294,24251.2,23800.0,23700,ATM-9,PUT,24150,2026-07-17
2026-07-17 13:43:00+05:30,24.4,24.6,23.8,23.8,129675,8597810,15.921893,24248.35,23800.0,23700,ATM-9,PUT,24150,2026-07-17
2026-07-17 13:44:00+05:30,23.9,24.3,23.4,23.55,157495,8610030,16.010843,24254.25,23800.0,23700,ATM-9,PUT,24150,2026-07-17
2026-07-17 13:45:00+05:30,23.6,24.0,23.55,23.8,141765,8612565,16.018738,24252.4,23800.0,23700,ATM-9,PUT,24150,2026-07-17
2026-07-17 13:46:00+05:30,23.8,24.45,23.6,24.35,237835,8595600,15.957555,24245.1,23800.0,23700,ATM-9,PUT,24150,2026-07-17
2026-07-17 13:47:00+05:30,24.3,24.5,23.8,23.8,471965,8525660,15.701421,24238.7,23800.0,23700,ATM-9,PUT,24150,2026-07-17
2026-07-17 13:48:00+05:30,23.8,24.05,23.3,23.45,567645,8413925,15.828601,24247.05,23800.0,23700,ATM-9,PUT,24150,2026-07-17
2026-07-17 13:49:00+05:30,23.55,23.95,23.4,23.9,402285,8232250,15.75273,24239.95,23800.0,23700,ATM-9,PUT,24150,2026-07-17
2026-07-17 13:50:00+05:30,23.95,24.5,23.8,24.3,383825,8189090,15.528171,24227.05,23800.0,23700,ATM-9,PUT,24150,2026-07-17
2026-07-17 13:51:00+05:30,19.6,20.05,19.45,19.55,319670,4000100,15.485637,24215.95,23750.0,23700,ATM-9,PUT,24150,2026-07-17
2026-07-17 13:52:00+05:30,19.6,19.6,19.0,19.05,229905,3947060,15.520161,24222.35,23750.0,23700,ATM-9,PUT,24150,2026-07-17
2026-07-17 13:53:00+05:30,23.85,23.85,23.2,23.45,227110,8140795,15.418825,24229.25,23800.0,23700,ATM-9,PUT,24150,2026-07-17
2026-07-17 13:54:00+05:30,23.2,23.55,22.8,23.05,370760,8111285,15.405863,24232.0,23800.0,23700,ATM-9,PUT,24150,2026-07-17
2026-07-17 13:55:00+05:30,23.15,23.45,22.25,22.6,243035,8074950,15.422621,24236.5,23800.0,23700,ATM-9,PUT,24150,2026-07-17
2026-07-17 13:56:00+05:30,22.65,23.35,22.6,22.9,225095,8083205,15.396143,24232.75,23800.0,23700,ATM-9,PUT,24150,2026-07-17
2026-07-17 13:57:00+05:30,22.7,23.15,22.4,22.9,225290,8054215,15.419515,24233.7,23800.0,23700,ATM-9,PUT,24150,2026-07-17
2026-07-17 13:58:00+05:30,22.75,23.0,22.5,22.65,145015,8078330,15.461812,24237.6,23800.0,23700,ATM-9,PUT,24150,2026-07-17
2026-07-17 13:59:00+05:30,22.7,22.7,21.25,21.6,391235,8020675,15.538818,24250.1,23800.0,23700,ATM-9,PUT,24150,2026-07-17
2026-07-17 14:00:00+05:30,21.9,22.15,21.6,21.7,179790,7958990,15.53075,24248.8,23800.0,23700,ATM-9,PUT,24150,2026-07-17
2026-07-17 14:01:00+05:30,21.75,22.15,21.6,21.9,130390,7954115,15.526905,24246.8,23800.0,23700,ATM-9,PUT,24150,2026-07-17
2026-07-17 14:02:00+05:30,21.75,22.15,21.65,21.9,136760,7935070,15.454354,24243.6,23800.0,23700,ATM-9,PUT,24150,2026-07-17
2026-07-17 14:03:00+05:30,21.9,22.0,21.6,21.7,109525,7981155,15.475764,24246.25,23800.0,23700,ATM-9,PUT,24150,2026-07-17
2026-07-17 14:04:00+05:30,21.75,21.75,21.3,21.5,142220,8000850,15.530041,24250.35,23800.0,23700,ATM-9,PUT,24150,2026-07-17
2026-07-17 14:05:00+05:30,21.5,21.5,20.65,20.9,246285,7963540,15.505871,24254.7,23800.0,23700,ATM-9,PUT,24150,2026-07-17
2026-07-17 14:06:00+05:30,21.0,21.4,20.85,21.35,140205,7890805,15.48542,24249.65,23800.0,23700,ATM-9,PUT,24150,2026-07-17
2026-07-17 14:07:00+05:30,21.45,21.45,21.05,21.05,263055,8049860,15.456361,24251.05,23800.0,23700,ATM-9,PUT,24150,2026-07-17
2026-07-17 14:08:00+05:30,21.15,21.6,21.0,21.3,72930,8078785,15.510722,24251.1,23800.0,23700,ATM-9,PUT,24150,2026-07-17
2026-07-17 14:09:00+05:30,21.3,21.4,21.15,21.15,35880,8083205,15.523085,24252.95,23800.0,23700,ATM-9,PUT,24150,2026-07-17
2026-07-17 14:10:00+05:30,21.15,21.3,20.9,21.0,127465,8069425,15.516965,24254.0,23800.0,23700,ATM-9,PUT,24150,2026-07-17
2026-07-17 14:11:00+05:30,21.0,21.05,20.0,20.05,390000,8032180,15.571703,24265.25,23800.0,23700,ATM-9,PUT,24150,2026-07-17
2026-07-17 14:12:00+05:30,20.15,20.15,19.35,19.45,685100,7873450,15.585092,24271.6,23800.0,23700,ATM-9,PUT,24150,2026-07-17
2026-07-17 14:13:00+05:30,24.15,24.15,23.35,23.6,199615,4690075,15.394567,24277.25,23850.0,23700,ATM-9,PUT,24150,2026-07-17
2026-07-17 14:14:00+05:30,23.6,24.15,23.6,23.8,168935,4671745,15.512212,24280.55,23850.0,23700,ATM-9,PUT,24150,2026-07-17
2026-07-17 14:15:00+05:30,29.65,29.95,23.05,23.3,1322555,7032675,15.731066,24345.4,23900.0,23700,ATM-9,PUT,24150,2026-07-17
2026-07-17 14:16:00+05:30,22.0,24.9,21.35,24.3,1726465,6921005,16.336759,24362.9,23900.0,23700,ATM-9,PUT,24150,2026-07-17
2026-07-17 14:17:00+05:30,24.05,25.2,23.95,24.4,1197625,6910410,15.997557,24347.45,23900.0,23700,ATM-9,PUT,24150,2026-07-17
2026-07-17 14:18:00+05:30,24.85,26.25,24.4,25.15,1064440,6892340,15.796259,24332.7,23900.0,23700,ATM-9,PUT,24150,2026-07-17
2026-07-17 14:19:00+05:30,20.8,21.3,20.45,21.3,563745,4351230,15.661142,24308.45,23850.0,23700,ATM-9,PUT,24150,2026-07-17
2026-07-17 14:20:00+05:30,21.1,22.55,20.9,22.4,303680,4318990,15.98824,24312.75,23850.0,23700,ATM-9,PUT,24150,2026-07-17
2026-07-17 14:21:00+05:30,22.25,23.45,22.1,22.95,324545,4278755,16.0232,24309.35,23850.0,23700,ATM-9,PUT,24150,2026-07-17
2026-07-17 14:22:00+05:30,23.0,23.95,22.85,23.95,217815,4269720,16.029295,24300.95,23850.0,23700,ATM-9,PUT,24150,2026-07-17
2026-07-17 14:23:00+05:30,24.45,25.2,23.65,25.2,292890,4254705,16.080262,24292.7,23850.0,23700,ATM-9,PUT,24150,2026-07-17
2026-07-17 14:24:00+05:30,25.05,25.2,23.15,23.2,266890,4268875,15.821188,24298.3,23850.0,23700,ATM-9,PUT,24150,2026-07-17
2026-07-17 14:25:00+05:30,23.2,23.5,22.1,22.7,231465,4280380,15.930256,24307.3,23850.0,23700,ATM-9,PUT,24150,2026-07-17
2026-07-17 14:26:00+05:30,22.85,22.9,22.05,22.05,364195,4160715,15.889433,24311.25,23850.0,23700,ATM-9,PUT,24150,2026-07-17
2026-07-17 14:27:00+05:30,22.2,22.4,21.4,21.45,136110,4055935,15.759422,24310.95,23850.0,23700,ATM-9,PUT,24150,2026-07-17
2026-07-17 14:28:00+05:30,21.45,21.7,21.0,21.7,130780,4055220,15.779491,24309.5,23850.0,23700,ATM-9,PUT,24150,2026-07-17
2026-07-17 14:29:00+05:30,21.55,23.7,21.55,23.2,357695,4021160,15.573385,24287.4,23850.0,23700,ATM-9,PUT,24150,2026-07-17
2026-07-17 14:30:00+05:30,23.15,23.2,21.7,21.95,234780,4060615,15.722321,24304.65,23850.0,23700,ATM-9,PUT,24150,2026-07-17
2026-07-17 14:31:00+05:30,21.8,22.5,21.65,22.4,98215,4063930,15.715224,24300.3,23850.0,23700,ATM-9,PUT,24150,2026-07-17
2026-07-17 14:32:00+05:30,22.3,22.45,21.85,22.05,131495,4069845,15.61867,24299.15,23850.0,23700,ATM-9,PUT,24150,2026-07-17
2026-07-17 14:33:00+05:30,22.1,22.55,22.05,22.35,64480,4075630,15.597724,24295.55,23850.0,23700,ATM-9,PUT,24150,2026-07-17
2026-07-17 14:34:00+05:30,22.35,22.55,21.95,22.15,128115,4082845,15.614992,24298.0,23850.0,23700,ATM-9,PUT,24150,2026-07-17
2026-07-17 14:35:00+05:30,22.15,22.35,22.0,22.15,107185,4094545,15.631235,24298.65,23850.0,23700,ATM-9,PUT,24150,2026-07-17
2026-07-17 14:36:00+05:30,22.1,22.7,22.1,22.5,100880,4102085,15.578417,24293.25,23850.0,23700,ATM-9,PUT,24150,2026-07-17
2026-07-17 14:37:00+05:30,22.55,22.7,22.1,22.55,80795,4104035,15.585078,24293.05,23850.0,23700,ATM-9,PUT,24150,2026-07-17
2026-07-17 14:38:00+05:30,22.6,22.85,21.85,22.0,102830,4092985,15.611258,24298.95,23850.0,23700,ATM-9,PUT,24150,2026-07-17
2026-07-17 14:39:00+05:30,21.95,22.2,21.7,21.9,164515,4041635,15.567826,24297.9,23850.0,23700,ATM-9,PUT,24150,2026-07-17
2026-07-17 14:40:00+05:30,21.85,22.15,21.75,22.0,182715,3993860,15.684037,24302.0,23850.0,23700,ATM-9,PUT,24150,2026-07-17
2026-07-17 14:41:00+05:30,22.1,22.3,21.45,21.5,121615,3980080,15.807924,24311.85,23850.0,23700,ATM-9,PUT,24150,2026-07-17
2026-07-17 14:42:00+05:30,21.55,21.85,21.3,21.3,78845,3958500,15.734235,24310.4,23850.0,23700,ATM-9,PUT,24150,2026-07-17
2026-07-17 14:43:00+05:30,21.3,21.3,20.75,21.1,154830,3951350,15.732297,24312.1,23850.0,23700,ATM-9,PUT,24150,2026-07-17
2026-07-17 14:44:00+05:30,21.05,21.1,20.35,20.45,98345,3953365,15.72153,24317.65,23850.0,23700,ATM-9,PUT,24150,2026-07-17
2026-07-17 14:45:00+05:30,20.5,20.85,20.45,20.65,88595,3947970,15.807481,24319.5,23850.0,23700,ATM-9,PUT,24150,2026-07-17
2026-07-17 14:46:00+05:30,25.45,25.85,24.55,24.7,296010,6595225,15.563968,24325.05,23900.0,23700,ATM-9,PUT,24150,2026-07-17
2026-07-17 14:47:00+05:30,20.05,20.4,19.9,20.2,74295,3952910,15.760701,24321.6,23850.0,23700,ATM-9,PUT,24150,2026-07-17
2026-07-17 14:48:00+05:30,20.1,20.65,19.3,19.3,220935,3942380,15.535149,24320.25,23850.0,23700,ATM-9,PUT,24150,2026-07-17
2026-07-17 14:49:00+05:30,19.35,19.35,18.75,18.85,480740,3866070,15.520338,24324.0,23850.0,23700,ATM-9,PUT,24150,2026-07-17
2026-07-17 14:50:00+05:30,18.6,19.25,18.35,19.15,364845,3593070,15.498914,24320.0,23850.0,23700,ATM-9,PUT,24150,2026-07-17
2026-07-17 14:51:00+05:30,19.2,19.55,18.85,19.55,145405,3593590,15.521904,24317.05,23850.0,23700,ATM-9,PUT,24150,2026-07-17
2026-07-17 14:52:00+05:30,19.45,19.55,19.15,19.5,84370,3596385,15.569484,24319.6,23850.0,23700,ATM-9,PUT,24150,2026-07-17
2026-07-17 14:53:00+05:30,19.5,19.55,18.55,18.55,331110,3586440,15.380128,24320.5,23850.0,23700,ATM-9,PUT,24150,2026-07-17
2026-07-17 14:54:00+05:30,18.7,19.05,18.55,18.7,240370,3472755,15.424983,24320.95,23850.0,23700,ATM-9,PUT,24150,2026-07-17
2026-07-17 14:55:00+05:30,23.5,24.05,23.4,23.6,297310,6378905,15.418464,24327.4,23900.0,23700,ATM-9,PUT,24150,2026-07-17
2026-07-17 14:56:00+05:30,18.8,19.5,18.3,19.45,278330,3422380,15.682334,24324.9,23850.0,23700,ATM-9,PUT,24150,2026-07-17
2026-07-17 14:57:00+05:30,19.4,19.8,19.35,19.55,72605,3408990,15.631569,24321.6,23850.0,23700,ATM-9,PUT,24150,2026-07-17
2026-07-17 14:58:00+05:30,19.7,20.2,19.55,20.1,104650,3393650,15.622978,24315.85,23850.0,23700,ATM-9,PUT,24150,2026-07-17
2026-07-17 14:59:00+05:30,20.05,20.1,19.65,19.85,122005,3370055,15.477522,24311.75,23850.0,23700,ATM-9,PUT,24150,2026-07-17
2026-07-17 15:00:00+05:30,19.9,20.1,18.45,18.7,428090,3351985,15.493654,24323.7,23850.0,23700,ATM-9,PUT,24150,2026-07-17
2026-07-17 15:01:00+05:30,23.2,23.7,22.55,23.45,576940,6297590,15.354172,24325.6,23900.0,23700,ATM-9,PUT,24150,2026-07-17
2026-07-17 15:02:00+05:30,18.95,19.7,18.85,19.4,113620,3259555,15.666466,24324.35,23850.0,23700,ATM-9,PUT,24150,2026-07-17
2026-07-17 15:03:00+05:30,19.45,19.65,19.15,19.65,80470,3269370,15.578853,24317.95,23850.0,23700,ATM-9,PUT,24150,2026-07-17
2026-07-17 15:04:00+05:30,19.7,19.7,18.95,19.05,121095,3247985,15.539908,24322.05,23850.0,23700,ATM-9,PUT,24150,2026-07-17
2026-07-17 15:05:00+05:30,23.7,23.8,23.0,23.05,301535,6303895,15.326455,24327.55,23900.0,23700,ATM-9,PUT,24150,2026-07-17
2026-07-17 15:06:00+05:30,23.0,23.05,22.4,22.6,742820,6168760,15.300638,24330.2,23900.0,23700,ATM-9,PUT,24150,2026-07-17
2026-07-17 15:07:00+05:30,22.55,22.85,21.9,22.25,666510,6066385,15.327418,24334.3,23900.0,23700,ATM-9,PUT,24150,2026-07-17
2026-07-17 15:08:00+05:30,22.35,22.65,22.15,22.2,243230,5987800,15.26741,24332.1,23900.0,23700,ATM-9,PUT,24150,2026-07-17
2026-07-17 15:09:00+05:30,22.2,22.45,21.8,22.4,437450,5975645,15.342492,24333.55,23900.0,23700,ATM-9,PUT,24150,2026-07-17
2026-07-17 15:10:00+05:30,22.4,23.15,22.4,22.8,650975,6079450,15.381478,24331.75,23900.0,23700,ATM-9,PUT,24150,2026-07-17
2026-07-17 15:11:00+05:30,22.8,22.85,22.3,22.4,259025,6066515,15.314637,24332.25,23900.0,23700,ATM-9,PUT,24150,2026-07-17
2026-07-17 15:12:00+05:30,22.45,22.45,21.55,21.85,376610,5992285,15.293363,24336.05,23900.0,23700,ATM-9,PUT,24150,2026-07-17
2026-07-17 15:13:00+05:30,21.85,22.4,21.85,22.2,201955,6010420,15.33862,24334.9,23900.0,23700,ATM-9,PUT,24150,2026-07-17
2026-07-17 15:14:00+05:30,22.35,23.3,22.2,23.0,301535,6025630,15.355704,24328.75,23900.0,23700,ATM-9,PUT,24150,2026-07-17
2026-07-17 15:15:00+05:30,18.75,20.1,18.35,19.95,588640,3655925,15.792331,24323.85,23850.0,23700,ATM-9,PUT,24150,2026-07-17
2026-07-17 15:16:00+05:30,19.95,20.6,19.85,20.0,418990,3701945,15.783072,24322.9,23850.0,23700,ATM-9,PUT,24150,2026-07-17
2026-07-17 15:17:00+05:30,24.8,24.85,24.05,24.5,221130,5761015,15.575827,24325.55,23900.0,23700,ATM-9,PUT,24150,2026-07-17
2026-07-17 15:18:00+05:30,24.4,24.5,24.15,24.2,183040,5743270,15.596295,24328.8,23900.0,23700,ATM-9,PUT,24150,2026-07-17
2026-07-17 15:19:00+05:30,24.1,24.7,24.0,24.7,195130,5704855,15.698632,24329.0,23900.0,23700,ATM-9,PUT,24150,2026-07-17
2026-07-17 15:20:00+05:30,25.1,25.5,24.3,24.4,514670,5545475,15.735693,24332.95,23900.0,23700,ATM-9,PUT,24150,2026-07-17
2026-07-17 15:21:00+05:30,24.35,25.05,22.9,23.15,374400,5501860,15.497123,24333.15,23900.0,23700,ATM-9,PUT,24150,2026-07-17
2026-07-17 15:22:00+05:30,23.1,24.05,22.7,23.8,458640,5401630,15.713304,24336.85,23900.0,23700,ATM-9,PUT,24150,2026-07-17
2026-07-17 15:23:00+05:30,23.75,24.25,23.3,23.5,376415,5417555,15.681364,24337.95,23900.0,23700,ATM-9,PUT,24150,2026-07-17
2026-07-17 15:24:00+05:30,23.5,23.85,23.35,23.75,340535,5475990,15.845783,24342.8,23900.0,23700,ATM-9,PUT,24150,2026-07-17
2026-07-17 15:25:00+05:30,24.1,24.9,23.75,24.5,575315,5421715,16.04604,24345.0,23900.0,23700,ATM-9,PUT,24150,2026-07-17
2026-07-17 15:26:00+05:30,24.55,24.65,23.85,24.3,415935,5423210,15.956385,24342.8,23900.0,23700,ATM-9,PUT,24150,2026-07-17
2026-07-17 15:27:00+05:30,24.5,24.6,23.85,24.2,347685,5378230,15.966334,24344.0,23900.0,23700,ATM-9,PUT,24150,2026-07-17
2026-07-17 15:28:00+05:30,24.1,24.2,22.75,22.85,577590,5366855,15.592399,24339.4,23900.0,23700,ATM-9,PUT,24150,2026-07-17
2026-07-17 15:29:00+05:30,23.4,23.45,21.7,22.2,1020435,5374395,15.632283,24346.7,23900.0,23700,ATM-9,PUT,24150,2026-07-17
2026-07-17 09:15:00+05:30,372.1,401.55,355.95,401.55,5265,42835,0.0,24151.25,23750.0,23750,ATM-8,CALL,24150,2026-07-17
2026-07-17 09:16:00+05:30,410.45,419.5,401.55,419.5,10790,42835,0.0,24171.0,23750.0,23750,ATM-8,CALL,24150,2026-07-17
2026-07-17 09:17:00+05:30,382.8,388.0,379.35,381.65,38935,353340,0.0,24176.15,23800.0,23750,ATM-8,CALL,24150,2026-07-17
2026-07-17 09:18:00+05:30,384.2,398.0,381.65,398.0,32955,349440,0.0,24187.4,23800.0,23750,ATM-8,CALL,24150,2026-07-17
2026-07-17 09:19:00+05:30,399.0,403.3,393.3,397.35,30550,352300,0.0,24187.85,23800.0,23750,ATM-8,CALL,24150,2026-07-17
2026-07-17 09:20:00+05:30,395.05,404.0,394.15,396.5,21060,354380,0.0,24187.75,23800.0,23750,ATM-8,CALL,24150,2026-07-17
2026-07-17 09:21:00+05:30,398.5,398.75,391.9,394.8,12480,355290,0.0,24185.75,23800.0,23750,ATM-8,CALL,24150,2026-07-17
2026-07-17 09:22:00+05:30,394.55,399.05,392.0,399.05,9425,358020,0.0,24188.75,23800.0,23750,ATM-8,CALL,24150,2026-07-17
2026-07-17 09:23:00+05:30,398.0,399.3,393.6,393.6,8450,359515,0.0,24186.15,23800.0,23750,ATM-8,CALL,24150,2026-07-17
2026-07-17 09:24:00+05:30,394.4,403.0,392.0,402.95,10205,361010,0.0,24191.9,23800.0,23750,ATM-8,CALL,24150,2026-07-17
2026-07-17 09:25:00+05:30,402.2,411.2,402.0,409.6,27690,362830,0.0,24198.85,23800.0,23750,ATM-8,CALL,24150,2026-07-17
2026-07-17 09:26:00+05:30,409.0,411.7,404.7,405.65,12610,366470,0.0,24199.8,23800.0,23750,ATM-8,CALL,24150,2026-07-17
2026-07-17 09:27:00+05:30,406.3,414.4,403.7,410.45,20995,367705,0.0,24202.85,23800.0,23750,ATM-8,CALL,24150,2026-07-17
2026-07-17 09:28:00+05:30,411.85,412.1,408.9,411.9,8190,373555,0.0,24204.8,23800.0,23750,ATM-8,CALL,24150,2026-07-17
2026-07-17 09:29:00+05:30,411.05,417.95,410.0,417.95,21190,374400,0.0,24210.0,23800.0,23750,ATM-8,CALL,24150,2026-07-17
2026-07-17 09:30:00+05:30,418.0,420.0,407.0,407.4,17355,379600,0.0,24203.7,23800.0,23750,ATM-8,CALL,24150,2026-07-17
2026-07-17 09:31:00+05:30,410.9,412.0,401.9,402.6,10270,381615,0.0,24196.85,23800.0,23750,ATM-8,CALL,24150,2026-07-17
2026-07-17 09:32:00+05:30,403.8,409.4,398.55,409.4,20150,382915,0.0,24205.2,23800.0,23750,ATM-8,CALL,24150,2026-07-17
2026-07-17 09:33:00+05:30,410.6,417.3,409.4,413.9,12935,379535,0.0,24210.7,23800.0,23750,ATM-8,CALL,24150,2026-07-17
2026-07-17 09:34:00+05:30,417.0,421.1,407.55,409.4,16445,380120,0.0,24206.6,23800.0,23750,ATM-8,CALL,24150,2026-07-17
2026-07-17 09:35:00+05:30,410.35,410.8,408.85,409.75,2730,382330,0.0,24207.05,23800.0,23750,ATM-8,CALL,24150,2026-07-17
2026-07-17 09:36:00+05:30,410.45,411.2,404.55,409.6,5070,382915,0.0,24209.4,23800.0,23750,ATM-8,CALL,24150,2026-07-17
2026-07-17 09:37:00+05:30,412.0,418.0,409.5,417.4,6500,383500,0.0,24216.25,23800.0,23750,ATM-8,CALL,24150,2026-07-17
2026-07-17 09:38:00+05:30,419.4,422.95,415.05,421.4,9880,382005,0.0,24221.55,23800.0,23750,ATM-8,CALL,24150,2026-07-17
2026-07-17 09:39:00+05:30,421.4,423.4,417.2,417.2,6890,381615,0.0,24219.15,23800.0,23750,ATM-8,CALL,24150,2026-07-17
2026-07-17 09:40:00+05:30,418.1,423.0,416.6,420.2,6955,383500,0.0,24221.05,23800.0,23750,ATM-8,CALL,24150,2026-07-17
2026-07-17 09:41:00+05:30,422.0,422.55,417.35,417.35,5850,385775,0.0,24222.2,23800.0,23750,ATM-8,CALL,24150,2026-07-17
2026-07-17 09:42:00+05:30,421.05,423.4,417.35,421.1,4225,386490,0.0,24224.7,23800.0,23750,ATM-8,CALL,24150,2026-07-17
2026-07-17 09:43:00+05:30,379.0,382.8,378.15,380.3,2405,137085,0.0,24225.15,23850.0,23750,ATM-8,CALL,24150,2026-07-17
2026-07-17 09:44:00+05:30,386.1,386.1,376.95,384.0,7345,137670,0.0,24231.3,23850.0,23750,ATM-8,CALL,24150,2026-07-17
2026-07-17 09:45:00+05:30,387.05,396.0,384.0,387.2,18525,135005,0.0,24234.5,23850.0,23750,ATM-8,CALL,24150,2026-07-17
2026-07-17 09:46:00+05:30,390.25,393.2,385.25,391.7,9750,128115,0.0,24241.45,23850.0,23750,ATM-8,CALL,24150,2026-07-17
2026-07-17 09:47:00+05:30,392.15,396.45,387.45,387.85,8450,128115,0.0,24236.35,23850.0,23750,ATM-8,CALL,24150,2026-07-17
2026-07-17 09:48:00+05:30,389.3,393.2,387.6,393.2,3055,126880,0.0,24240.05,23850.0,23750,ATM-8,CALL,24150,2026-07-17
2026-07-17 09:49:00+05:30,392.15,393.2,386.95,388.0,2340,127010,0.0,24236.85,23850.0,23750,ATM-8,CALL,24150,2026-07-17
2026-07-17 09:50:00+05:30,388.7,393.75,388.0,393.25,2080,127465,0.0,24243.2,23850.0,23750,ATM-8,CALL,24150,2026-07-17
2026-07-17 09:51:00+05:30,389.25,393.25,380.0,380.5,2730,127010,0.0,24228.9,23850.0,23750,ATM-8,CALL,24150,2026-07-17
2026-07-17 09:52:00+05:30,382.5,382.8,378.65,379.15,3315,128375,0.0,24229.95,23850.0,23750,ATM-8,CALL,24150,2026-07-17
2026-07-17 09:53:00+05:30,378.55,384.75,378.55,384.2,2340,128505,0.0,24233.1,23850.0,23750,ATM-8,CALL,24150,2026-07-17
2026-07-17 09:54:00+05:30,386.3,395.7,384.2,395.7,3770,129415,0.0,24240.0,23850.0,23750,ATM-8,CALL,24150,2026-07-17
2026-07-17 09:55:00+05:30,387.85,395.7,380.2,380.2,2730,128440,0.0,24230.2,23850.0,23750,ATM-8,CALL,24150,2026-07-17
2026-07-17 09:56:00+05:30,423.5,424.5,417.0,419.2,11505,393705,0.0,24223.1,23800.0,23750,ATM-8,CALL,24150,2026-07-17
2026-07-17 09:57:00+05:30,418.55,419.2,411.0,415.75,6500,395135,0.0,24219.35,23800.0,23750,ATM-8,CALL,24150,2026-07-17
2026-07-17 09:58:00+05:30,370.65,377.75,370.65,377.3,2340,130065,0.0,24229.05,23850.0,23750,ATM-8,CALL,24150,2026-07-17
2026-07-17 09:59:00+05:30,379.55,380.75,376.9,380.75,1755,129415,0.0,24228.85,23850.0,23750,ATM-8,CALL,24150,2026-07-17
2026-07-17 10:00:00+05:30,426.6,428.0,414.1,414.1,5915,400985,0.0,24221.65,23800.0,23750,ATM-8,CALL,24150,2026-07-17
2026-07-17 10:01:00+05:30,414.05,420.05,403.4,405.9,26975,401505,0.0,24212.35,23800.0,23750,ATM-8,CALL,24150,2026-07-17
2026-07-17 10:02:00+05:30,408.3,411.0,405.9,409.4,16575,399815,0.0,24215.9,23800.0,23750,ATM-8,CALL,24150,2026-07-17
2026-07-17 10:03:00+05:30,407.5,410.0,405.95,410.0,8970,403650,0.0,24214.95,23800.0,23750,ATM-8,CALL,24150,2026-07-17
2026-07-17 10:04:00+05:30,410.15,411.05,405.3,406.65,11570,408785,0.0,24214.5,23800.0,23750,ATM-8,CALL,24150,2026-07-17
2026-07-17 10:05:00+05:30,408.2,417.25,405.9,415.15,6305,412490,0.0,24221.3,23800.0,23750,ATM-8,CALL,24150,2026-07-17
2026-07-17 10:06:00+05:30,415.6,419.4,413.55,413.55,7215,410735,0.0,24222.7,23800.0,23750,ATM-8,CALL,24150,2026-07-17
2026-07-17 10:07:00+05:30,371.4,373.0,370.05,373.0,975,132600,0.0,24225.65,23850.0,23750,ATM-8,CALL,24150,2026-07-17
2026-07-17 10:08:00+05:30,371.0,373.0,371.0,371.0,585,132925,0.0,24227.6,23850.0,23750,ATM-8,CALL,24150,2026-07-17
2026-07-17 10:09:00+05:30,382.8,382.8,371.0,378.3,2600,132080,0.0,24231.95,23850.0,23750,ATM-8,CALL,24150,2026-07-17
2026-07-17 10:10:00+05:30,378.65,379.0,375.9,379.0,1430,133250,0.0,24230.65,23850.0,23750,ATM-8,CALL,24150,2026-07-17
2026-07-17 10:11:00+05:30,376.25,379.0,376.2,377.25,1625,134160,0.0,24233.25,23850.0,23750,ATM-8,CALL,24150,2026-07-17
2026-07-17 10:12:00+05:30,380.0,389.0,377.25,389.0,1755,134810,0.0,24239.9,23850.0,23750,ATM-8,CALL,24150,2026-07-17
2026-07-17 10:13:00+05:30,388.85,394.05,388.8,390.0,2925,134745,0.0,24246.1,23850.0,23750,ATM-8,CALL,24150,2026-07-17
2026-07-17 10:14:00+05:30,387.45,390.0,385.6,385.6,1625,134485,0.0,24239.85,23850.0,23750,ATM-8,CALL,24150,2026-07-17
2026-07-17 10:15:00+05:30,384.75,390.95,384.25,390.95,2405,133835,0.0,24245.7,23850.0,23750,ATM-8,CALL,24150,2026-07-17
2026-07-17 10:16:00+05:30,392.0,393.9,390.95,393.9,585,133445,0.0,24247.15,23850.0,23750,ATM-8,CALL,24150,2026-07-17
2026-07-17 10:17:00+05:30,391.25,405.4,391.25,402.4,7930,133835,0.0,24253.65,23850.0,23750,ATM-8,CALL,24150,2026-07-17
2026-07-17 10:18:00+05:30,401.9,440.25,401.9,439.95,12025,131040,0.0,24274.45,23850.0,23750,ATM-8,CALL,24150,2026-07-17
2026-07-17 10:19:00+05:30,437.2,439.95,422.0,426.45,9425,126230,0.0,24273.95,23850.0,23750,ATM-8,CALL,24150,2026-07-17
2026-07-17 10:20:00+05:30,426.6,430.65,420.5,421.85,6240,126100,0.0,24266.75,23850.0,23750,ATM-8,CALL,24150,2026-07-17
2026-07-17 10:21:00+05:30,418.2,422.45,418.2,420.0,4225,125515,0.0,24268.3,23850.0,23750,ATM-8,CALL,24150,2026-07-17
2026-07-17 10:22:00+05:30,419.3,420.65,415.0,415.95,6760,122785,0.0,24262.95,23850.0,23750,ATM-8,CALL,24150,2026-07-17
2026-07-17 10:23:00+05:30,415.2,415.95,410.25,412.3,2600,123825,0.0,24258.8,23850.0,23750,ATM-8,CALL,24150,2026-07-17
2026-07-17 10:24:00+05:30,411.75,412.3,408.45,412.25,3575,124735,0.0,24255.6,23850.0,23750,ATM-8,CALL,24150,2026-07-17
2026-07-17 10:25:00+05:30,412.25,418.65,409.5,417.5,715,126685,0.0,24263.9,23850.0,23750,ATM-8,CALL,24150,2026-07-17
2026-07-17 10:26:00+05:30,415.0,417.5,414.65,415.5,5330,124735,0.0,24265.75,23850.0,23750,ATM-8,CALL,24150,2026-07-17
2026-07-17 10:27:00+05:30,417.55,421.0,415.5,419.3,3445,125060,0.0,24267.65,23850.0,23750,ATM-8,CALL,24150,2026-07-17
2026-07-17 10:28:00+05:30,421.6,425.0,419.3,424.6,1235,124865,0.0,24273.3,23850.0,23750,ATM-8,CALL,24150,2026-07-17
2026-07-17 10:29:00+05:30,379.8,389.9,379.65,389.9,18135,611650,0.0,24281.55,23900.0,23750,ATM-8,CALL,24150,2026-07-17
2026-07-17 10:30:00+05:30,388.25,389.9,381.7,387.05,10140,609050,0.0,24279.4,23900.0,23750,ATM-8,CALL,24150,2026-07-17
2026-07-17 10:31:00+05:30,387.85,391.8,387.05,391.4,26195,600210,0.0,24283.1,23900.0,23750,ATM-8,CALL,24150,2026-07-17
2026-07-17 10:32:00+05:30,391.0,399.1,390.75,392.65,13975,596635,0.0,24285.2,23900.0,23750,ATM-8,CALL,24150,2026-07-17
2026-07-17 10:33:00+05:30,391.0,392.65,383.35,387.6,12870,597545,0.0,24279.65,23900.0,23750,ATM-8,CALL,24150,2026-07-17
2026-07-17 10:34:00+05:30,387.3,390.0,386.6,390.0,2990,596895,0.0,24284.3,23900.0,23750,ATM-8,CALL,24150,2026-07-17
2026-07-17 10:35:00+05:30,436.15,436.2,420.9,421.6,2795,121160,0.0,24272.2,23850.0,23750,ATM-8,CALL,24150,2026-07-17
2026-07-17 10:36:00+05:30,419.1,422.25,418.75,422.0,2990,120770,0.0,24272.5,23850.0,23750,ATM-8,CALL,24150,2026-07-17
2026-07-17 10:37:00+05:30,420.7,422.0,413.95,413.95,2535,121290,0.0,24267.25,23850.0,23750,ATM-8,CALL,24150,2026-07-17
2026-07-17 10:38:00+05:30,414.4,415.9,411.55,414.95,1820,122135,0.0,24267.8,23850.0,23750,ATM-8,CALL,24150,2026-07-17
2026-07-17 10:39:00+05:30,416.35,418.2,414.95,414.95,2015,122785,0.0,24267.25,23850.0,23750,ATM-8,CALL,24150,2026-07-17
2026-07-17 10:40:00+05:30,414.4,417.7,414.4,417.7,1365,122980,0.0,24268.45,23850.0,23750,ATM-8,CALL,24150,2026-07-17
2026-07-17 10:41:00+05:30,416.4,419.4,416.4,418.85,4225,125515,0.0,24270.75,23850.0,23750,ATM-8,CALL,24150,2026-07-17
2026-07-17 10:42:00+05:30,418.55,420.0,415.4,417.2,1950,128830,0.0,24269.25,23850.0,23750,ATM-8,CALL,24150,2026-07-17
2026-07-17 10:43:00+05:30,416.6,417.2,397.3,397.3,2990,129675,0.0,24248.15,23850.0,23750,ATM-8,CALL,24150,2026-07-17
2026-07-17 10:44:00+05:30,401.0,407.4,397.3,404.95,2340,129415,0.0,24259.1,23850.0,23750,ATM-8,CALL,24150,2026-07-17
2026-07-17 10:45:00+05:30,405.9,406.5,396.9,396.9,5395,131625,0.0,24253.3,23850.0,23750,ATM-8,CALL,24150,2026-07-17
2026-07-17 10:46:00+05:30,396.0,399.9,396.0,398.25,2275,130975,0.0,24252.5,23850.0,23750,ATM-8,CALL,24150,2026-07-17
2026-07-17 10:47:00+05:30,398.4,403.3,398.25,403.3,1755,130715,0.0,24254.4,23850.0,23750,ATM-8,CALL,24150,2026-07-17
2026-07-17 10:48:00+05:30,401.1,403.3,400.8,400.8,585,130715,0.0,24253.6,23850.0,23750,ATM-8,CALL,24150,2026-07-17
2026-07-17 10:49:00+05:30,398.1,400.8,396.35,396.35,390,130845,0.0,24249.9,23850.0,23750,ATM-8,CALL,24150,2026-07-17
2026-07-17 10:50:00+05:30,395.9,399.45,394.75,399.45,390,130650,0.0,24251.05,23850.0,23750,ATM-8,CALL,24150,2026-07-17
2026-07-17 10:51:00+05:30,394.0,399.45,392.9,392.9,390,130780,0.0,24248.9,23850.0,23750,ATM-8,CALL,24150,2026-07-17
2026-07-17 10:52:00+05:30,390.55,395.4,389.8,395.4,780,130585,0.0,24251.75,23850.0,23750,ATM-8,CALL,24150,2026-07-17
2026-07-17 10:53:00+05:30,400.35,403.75,395.4,400.6,1170,129870,0.0,24256.2,23850.0,23750,ATM-8,CALL,24150,2026-07-17
2026-07-17 10:54:00+05:30,400.7,401.0,392.65,396.45,3770,130195,0.0,24255.55,23850.0,23750,ATM-8,CALL,24150,2026-07-17
2026-07-17 10:55:00+05:30,393.7,397.0,393.0,397.0,520,130195,0.0,24256.75,23850.0,23750,ATM-8,CALL,24150,2026-07-17
2026-07-17 10:56:00+05:30,397.0,403.65,395.1,397.6,585,130390,0.0,24255.85,23850.0,23750,ATM-8,CALL,24150,2026-07-17
2026-07-17 10:57:00+05:30,400.45,400.8,397.6,398.75,715,130715,0.0,24256.5,23850.0,23750,ATM-8,CALL,24150,2026-07-17
2026-07-17 10:58:00+05:30,397.25,402.05,397.25,402.05,520,130065,0.0,24257.75,23850.0,23750,ATM-8,CALL,24150,2026-07-17
2026-07-17 10:59:00+05:30,401.45,402.05,401.2,401.2,390,130000,0.0,24257.0,23850.0,23750,ATM-8,CALL,24150,2026-07-17
2026-07-17 11:00:00+05:30,402.25,406.7,401.2,405.25,1170,130390,0.0,24259.9,23850.0,23750,ATM-8,CALL,24150,2026-07-17
2026-07-17 11:01:00+05:30,404.7,406.15,400.0,400.0,1690,130390,0.0,24256.6,23850.0,23750,ATM-8,CALL,24150,2026-07-17
2026-07-17 11:02:00+05:30,395.35,400.0,392.75,393.15,2925,130195,0.0,24248.55,23850.0,23750,ATM-8,CALL,24150,2026-07-17
2026-07-17 11:03:00+05:30,394.8,395.25,393.15,395.2,715,132145,0.0,24250.15,23850.0,23750,ATM-8,CALL,24150,2026-07-17
2026-07-17 11:04:00+05:30,401.05,401.8,395.2,401.8,325,132275,0.0,24258.15,23850.0,23750,ATM-8,CALL,24150,2026-07-17
2026-07-17 11:05:00+05:30,404.6,406.95,401.8,405.6,1690,132535,0.0,24262.2,23850.0,23750,ATM-8,CALL,24150,2026-07-17
2026-07-17 11:06:00+05:30,402.75,405.6,401.0,405.0,390,133445,0.0,24261.9,23850.0,23750,ATM-8,CALL,24150,2026-07-17
2026-07-17 11:07:00+05:30,403.0,405.0,391.45,391.45,845,133315,0.0,24246.15,23850.0,23750,ATM-8,CALL,24150,2026-07-17
2026-07-17 11:08:00+05:30,388.85,391.45,382.3,385.0,1690,133250,0.0,24238.35,23850.0,23750,ATM-8,CALL,24150,2026-07-17
2026-07-17 11:09:00+05:30,386.45,388.7,385.0,388.7,585,133510,0.0,24241.9,23850.0,23750,ATM-8,CALL,24150,2026-07-17
2026-07-17 11:10:00+05:30,388.05,388.7,383.65,383.65,1495,134030,0.0,24238.9,23850.0,23750,ATM-8,CALL,24150,2026-07-17
2026-07-17 11:11:00+05:30,383.65,389.05,383.65,388.25,3900,134745,0.0,24240.75,23850.0,23750,ATM-8,CALL,24150,2026-07-17
2026-07-17 11:12:00+05:30,387.15,388.25,386.45,388.0,650,133055,0.0,24241.7,23850.0,23750,ATM-8,CALL,24150,2026-07-17
2026-07-17 11:13:00+05:30,382.55,388.0,380.2,380.3,2015,132925,0.0,24237.9,23850.0,23750,ATM-8,CALL,24150,2026-07-17
2026-07-17 11:14:00+05:30,382.0,386.55,380.3,386.55,1885,132470,0.0,24235.7,23850.0,23750,ATM-8,CALL,24150,2026-07-17
2026-07-17 11:15:00+05:30,386.55,386.55,386.55,386.55,0,132470,0.0,24238.95,23850.0,23750,ATM-8,CALL,24150,2026-07-17
2026-07-17 11:16:00+05:30,386.4,386.55,380.0,381.0,1885,132145,0.0,24235.35,23850.0,23750,ATM-8,CALL,24150,2026-07-17
2026-07-17 11:17:00+05:30,381.4,384.1,380.85,382.4,1170,132665,0.0,24239.5,23850.0,23750,ATM-8,CALL,24150,2026-07-17
2026-07-17 11:18:00+05:30,380.0,382.4,377.95,377.95,1105,132730,0.0,24236.9,23850.0,23750,ATM-8,CALL,24150,2026-07-17
2026-07-17 11:19:00+05:30,377.35,383.6,377.35,383.1,1170,132990,0.0,24241.65,23850.0,23750,ATM-8,CALL,24150,2026-07-17
2026-07-17 11:20:00+05:30,382.05,383.95,382.05,383.25,910,132990,0.0,24241.75,23850.0,23750,ATM-8,CALL,24150,2026-07-17
2026-07-17 11:21:00+05:30,381.65,383.25,381.0,381.0,585,133055,0.0,24241.7,23850.0,23750,ATM-8,CALL,24150,2026-07-17
2026-07-17 11:22:00+05:30,385.0,391.95,381.0,385.35,1040,133055,0.0,24249.45,23850.0,23750,ATM-8,CALL,24150,2026-07-17
2026-07-17 11:23:00+05:30,385.0,385.35,379.85,381.1,845,132340,0.0,24238.45,23850.0,23750,ATM-8,CALL,24150,2026-07-17
2026-07-17 11:24:00+05:30,378.6,381.5,378.6,381.5,585,132665,0.0,24246.2,23850.0,23750,ATM-8,CALL,24150,2026-07-17
2026-07-17 11:25:00+05:30,386.8,386.8,381.5,385.8,520,131950,0.0,24242.7,23850.0,23750,ATM-8,CALL,24150,2026-07-17
2026-07-17 11:26:00+05:30,381.7,385.8,381.4,381.4,260,131950,0.0,24241.4,23850.0,23750,ATM-8,CALL,24150,2026-07-17
2026-07-17 11:27:00+05:30,385.8,386.95,381.4,386.4,650,131040,0.0,24243.5,23850.0,23750,ATM-8,CALL,24150,2026-07-17
2026-07-17 11:28:00+05:30,387.2,387.2,384.15,386.0,195,131040,0.0,24245.2,23850.0,23750,ATM-8,CALL,24150,2026-07-17
2026-07-17 11:29:00+05:30,388.6,388.6,386.0,386.0,650,131170,0.0,24243.0,23850.0,23750,ATM-8,CALL,24150,2026-07-17
2026-07-17 11:30:00+05:30,386.65,386.65,386.0,386.5,260,131040,0.0,24244.15,23850.0,23750,ATM-8,CALL,24150,2026-07-17
2026-07-17 11:31:00+05:30,383.05,386.5,383.05,385.85,325,130975,0.0,24246.2,23850.0,23750,ATM-8,CALL,24150,2026-07-17
2026-07-17 11:32:00+05:30,387.85,388.05,384.0,384.0,325,130975,0.0,24242.85,23850.0,23750,ATM-8,CALL,24150,2026-07-17
2026-07-17 11:33:00+05:30,385.45,385.5,384.0,385.5,195,130975,0.0,24248.95,23850.0,23750,ATM-8,CALL,24150,2026-07-17
2026-07-17 11:34:00+05:30,393.0,396.8,385.5,394.8,650,130975,0.0,24252.6,23850.0,23750,ATM-8,CALL,24150,2026-07-17
2026-07-17 11:35:00+05:30,395.95,398.25,394.8,398.25,2145,130975,0.0,24258.55,23850.0,23750,ATM-8,CALL,24150,2026-07-17
2026-07-17 11:36:00+05:30,396.7,399.75,391.35,391.35,1365,129610,0.0,24250.85,23850.0,23750,ATM-8,CALL,24150,2026-07-17
2026-07-17 11:37:00+05:30,393.6,393.6,386.6,387.95,2535,130455,0.0,24246.9,23850.0,23750,ATM-8,CALL,24150,2026-07-17
2026-07-17 11:38:00+05:30,387.95,393.95,387.95,393.95,390,130390,0.0,24251.2,23850.0,23750,ATM-8,CALL,24150,2026-07-17
2026-07-17 11:39:00+05:30,394.55,399.05,393.95,399.05,715,130195,0.0,24257.05,23850.0,23750,ATM-8,CALL,24150,2026-07-17
2026-07-17 11:40:00+05:30,397.3,399.05,397.0,398.7,455,130260,0.0,24258.5,23850.0,23750,ATM-8,CALL,24150,2026-07-17
2026-07-17 11:41:00+05:30,401.15,404.05,398.7,404.05,1300,130455,0.0,24263.3,23850.0,23750,ATM-8,CALL,24150,2026-07-17
2026-07-17 11:42:00+05:30,405.55,406.0,399.9,399.9,650,130455,0.0,24261.4,23850.0,23750,ATM-8,CALL,24150,2026-07-17
2026-07-17 11:43:00+05:30,402.25,404.65,399.2,403.05,910,130585,0.0,24262.1,23850.0,23750,ATM-8,CALL,24150,2026-07-17
2026-07-17 11:44:00+05:30,406.85,407.5,403.05,407.4,260,130585,0.0,24267.2,23850.0,23750,ATM-8,CALL,24150,2026-07-17
2026-07-17 11:45:00+05:30,409.35,409.55,407.4,409.55,585,130520,0.0,24271.55,23850.0,23750,ATM-8,CALL,24150,2026-07-17
2026-07-17 11:46:00+05:30,406.15,409.55,405.35,406.0,1495,130065,0.0,24269.05,23850.0,23750,ATM-8,CALL,24150,2026-07-17
2026-07-17 11:47:00+05:30,403.8,406.0,402.85,402.85,585,130065,0.0,24266.35,23850.0,23750,ATM-8,CALL,24150,2026-07-17
2026-07-17 11:48:00+05:30,407.35,408.25,402.85,408.25,260,130650,0.0,24267.65,23850.0,23750,ATM-8,CALL,24150,2026-07-17
2026-07-17 11:49:00+05:30,406.1,408.25,405.05,405.05,130,130845,0.0,24267.65,23850.0,23750,ATM-8,CALL,24150,2026-07-17
2026-07-17 11:50:00+05:30,405.05,405.05,405.05,405.05,0,130845,0.0,24270.6,23850.0,23750,ATM-8,CALL,24150,2026-07-17
2026-07-17 11:51:00+05:30,408.2,410.2,405.05,409.5,520,130780,0.0,24272.35,23850.0,23750,ATM-8,CALL,24150,2026-07-17
2026-07-17 11:52:00+05:30,410.2,415.0,409.5,413.4,650,130910,0.0,24273.85,23850.0,23750,ATM-8,CALL,24150,2026-07-17
2026-07-17 11:53:00+05:30,373.3,375.55,369.15,373.15,86645,574860,0.0,24278.7,23900.0,23750,ATM-8,CALL,24150,2026-07-17
2026-07-17 11:54:00+05:30,373.8,375.0,372.0,373.0,4420,573820,0.0,24279.0,23900.0,23750,ATM-8,CALL,24150,2026-07-17
2026-07-17 11:55:00+05:30,418.35,418.35,412.85,413.2,1365,131755,0.0,24274.8,23850.0,23750,ATM-8,CALL,24150,2026-07-17
2026-07-17 11:56:00+05:30,367.0,375.0,363.65,371.65,6110,571480,0.0,24280.35,23900.0,23750,ATM-8,CALL,24150,2026-07-17
2026-07-17 11:57:00+05:30,372.6,374.65,371.65,373.2,5070,571480,0.0,24279.35,23900.0,23750,ATM-8,CALL,24150,2026-07-17
2026-07-17 11:58:00+05:30,412.95,415.0,409.8,409.8,260,132470,0.0,24275.0,23850.0,23750,ATM-8,CALL,24150,2026-07-17
2026-07-17 11:59:00+05:30,367.05,369.05,366.2,368.1,21060,561925,0.0,24277.85,23900.0,23750,ATM-8,CALL,24150,2026-07-17
2026-07-17 12:00:00+05:30,411.7,413.45,404.85,404.85,455,132145,0.0,24270.9,23850.0,23750,ATM-8,CALL,24150,2026-07-17
2026-07-17 12:01:00+05:30,404.85,407.15,403.0,403.0,910,132665,0.0,24268.15,23850.0,23750,ATM-8,CALL,24150,2026-07-17
2026-07-17 12:02:00+05:30,403.65,403.65,402.9,402.95,325,132860,0.0,24267.3,23850.0,23750,ATM-8,CALL,24150,2026-07-17
2026-07-17 12:03:00+05:30,361.0,368.0,359.25,367.75,4745,564200,0.0,24275.5,23900.0,23750,ATM-8,CALL,24150,2026-07-17
2026-07-17 12:04:00+05:30,413.25,414.05,410.85,413.0,1365,133575,0.0,24274.85,23850.0,23750,ATM-8,CALL,24150,2026-07-17
2026-07-17 12:05:00+05:30,408.3,413.0,408.3,408.75,975,133380,0.0,24274.25,23850.0,23750,ATM-8,CALL,24150,2026-07-17
2026-07-17 12:06:00+05:30,408.05,408.75,405.65,405.65,195,133380,0.0,24267.8,23850.0,23750,ATM-8,CALL,24150,2026-07-17
2026-07-17 12:07:00+05:30,403.2,405.65,401.9,402.8,780,133120,0.0,24263.35,23850.0,23750,ATM-8,CALL,24150,2026-07-17
2026-07-17 12:08:00+05:30,398.8,402.8,396.1,400.4,650,133055,0.0,24268.1,23850.0,23750,ATM-8,CALL,24150,2026-07-17
2026-07-17 12:09:00+05:30,404.85,406.9,400.4,406.6,1235,133055,0.0,24274.2,23850.0,23750,ATM-8,CALL,24150,2026-07-17
2026-07-17 12:10:00+05:30,411.1,413.55,406.6,409.5,1950,132925,0.0,24274.0,23850.0,23750,ATM-8,CALL,24150,2026-07-17
2026-07-17 12:11:00+05:30,408.25,409.5,406.6,406.6,130,132925,0.0,24271.55,23850.0,23750,ATM-8,CALL,24150,2026-07-17
2026-07-17 12:12:00+05:30,361.25,366.5,361.1,365.7,3055,567060,0.0,24275.9,23900.0,23750,ATM-8,CALL,24150,2026-07-17
2026-07-17 12:13:00+05:30,408.65,409.7,405.5,405.5,585,132470,0.0,24270.5,23850.0,23750,ATM-8,CALL,24150,2026-07-17
2026-07-17 12:14:00+05:30,362.0,367.7,360.0,366.1,2730,567515,0.0,24276.55,23900.0,23750,ATM-8,CALL,24150,2026-07-17
2026-07-17 12:15:00+05:30,367.0,367.95,366.1,367.8,1040,567060,0.0,24280.5,23900.0,23750,ATM-8,CALL,24150,2026-07-17
2026-07-17 12:16:00+05:30,412.0,412.9,404.55,404.55,260,132210,0.0,24274.3,23850.0,23750,ATM-8,CALL,24150,2026-07-17
2026-07-17 12:17:00+05:30,404.2,404.55,400.4,401.45,2665,132210,0.0,24272.2,23850.0,23750,ATM-8,CALL,24150,2026-07-17
2026-07-17 12:18:00+05:30,361.0,366.0,360.0,366.0,1365,568425,0.0,24275.65,23900.0,23750,ATM-8,CALL,24150,2026-07-17
2026-07-17 12:19:00+05:30,365.85,366.0,362.25,362.25,1430,568425,0.0,24275.45,23900.0,23750,ATM-8,CALL,24150,2026-07-17
2026-07-17 12:20:00+05:30,363.0,366.0,362.25,366.0,5070,571740,0.0,24280.75,23900.0,23750,ATM-8,CALL,24150,2026-07-17
2026-07-17 12:21:00+05:30,365.65,366.0,362.7,362.7,1560,571740,0.0,24279.5,23900.0,23750,ATM-8,CALL,24150,2026-07-17
2026-07-17 12:22:00+05:30,406.25,407.15,403.15,406.55,1690,134095,0.0,24271.9,23850.0,23750,ATM-8,CALL,24150,2026-07-17
2026-07-17 12:23:00+05:30,365.0,371.0,363.0,369.6,10270,571415,0.0,24281.05,23900.0,23750,ATM-8,CALL,24150,2026-07-17
2026-07-17 12:24:00+05:30,370.0,371.2,368.45,370.0,4095,571415,0.0,24281.75,23900.0,23750,ATM-8,CALL,24150,2026-07-17
2026-07-17 12:25:00+05:30,369.5,377.35,369.2,369.2,19045,570700,0.0,24278.7,23900.0,23750,ATM-8,CALL,24150,2026-07-17
2026-07-17 12:26:00+05:30,370.1,372.1,367.75,369.85,3900,571480,0.0,24277.3,23900.0,23750,ATM-8,CALL,24150,2026-07-17
2026-07-17 12:27:00+05:30,366.55,372.0,366.55,369.85,1820,573170,0.0,24278.55,23900.0,23750,ATM-8,CALL,24150,2026-07-17
2026-07-17 12:28:00+05:30,372.0,372.0,369.4,369.4,2145,573105,0.0,24277.9,23900.0,23750,ATM-8,CALL,24150,2026-07-17
2026-07-17 12:29:00+05:30,370.4,370.4,366.2,367.4,2340,573950,0.0,24277.65,23900.0,23750,ATM-8,CALL,24150,2026-07-17
2026-07-17 12:30:00+05:30,407.05,412.15,407.05,407.6,845,134680,0.0,24274.55,23850.0,23750,ATM-8,CALL,24150,2026-07-17
2026-07-17 12:31:00+05:30,366.9,369.0,365.0,369.0,1040,574405,0.0,24277.1,23900.0,23750,ATM-8,CALL,24150,2026-07-17
2026-07-17 12:32:00+05:30,411.15,413.5,410.7,413.45,715,134355,0.0,24273.75,23850.0,23750,ATM-8,CALL,24150,2026-07-17
2026-07-17 12:33:00+05:30,366.25,369.75,366.0,369.75,2665,579800,0.0,24280.45,23900.0,23750,ATM-8,CALL,24150,2026-07-17
2026-07-17 12:34:00+05:30,370.6,373.5,369.75,371.0,4940,580255,0.0,24281.15,23900.0,23750,ATM-8,CALL,24150,2026-07-17
2026-07-17 12:35:00+05:30,370.5,371.5,369.0,369.4,1950,581295,0.0,24281.3,23900.0,23750,ATM-8,CALL,24150,2026-07-17
2026-07-17 12:36:00+05:30,370.0,370.95,368.25,370.35,12740,581685,0.0,24281.65,23900.0,23750,ATM-8,CALL,24150,2026-07-17
2026-07-17 12:37:00+05:30,369.2,371.0,365.9,366.3,2080,577785,0.0,24278.9,23900.0,23750,ATM-8,CALL,24150,2026-07-17
2026-07-17 12:38:00+05:30,366.0,367.25,362.8,365.95,2535,577915,0.0,24278.5,23900.0,23750,ATM-8,CALL,24150,2026-07-17
2026-07-17 12:39:00+05:30,367.0,368.4,365.1,365.5,10790,578370,0.0,24277.75,23900.0,23750,ATM-8,CALL,24150,2026-07-17
2026-07-17 12:40:00+05:30,408.25,409.9,403.8,404.0,455,134160,0.0,24266.55,23850.0,23750,ATM-8,CALL,24150,2026-07-17
2026-07-17 12:41:00+05:30,404.0,405.85,399.85,405.85,3120,134095,0.0,24269.05,23850.0,23750,ATM-8,CALL,24150,2026-07-17
2026-07-17 12:42:00+05:30,362.55,368.8,362.4,368.4,7930,578370,0.0,24280.15,23900.0,23750,ATM-8,CALL,24150,2026-07-17
2026-07-17 12:43:00+05:30,413.0,413.0,405.6,405.6,1040,132665,0.0,24275.0,23850.0,23750,ATM-8,CALL,24150,2026-07-17
2026-07-17 12:44:00+05:30,365.0,368.0,363.0,368.0,1300,581230,0.0,24277.05,23900.0,23750,ATM-8,CALL,24150,2026-07-17
2026-07-17 12:45:00+05:30,368.0,375.9,368.0,374.9,14170,581685,0.0,24283.5,23900.0,23750,ATM-8,CALL,24150,2026-07-17
2026-07-17 12:46:00+05:30,374.35,374.9,370.0,370.25,5590,582530,0.0,24282.25,23900.0,23750,ATM-8,CALL,24150,2026-07-17
2026-07-17 12:47:00+05:30,372.0,373.5,370.25,373.25,1040,581230,0.0,24286.55,23900.0,23750,ATM-8,CALL,24150,2026-07-17
2026-07-17 12:48:00+05:30,373.7,376.65,373.0,376.25,3315,581620,0.0,24287.25,23900.0,23750,ATM-8,CALL,24150,2026-07-17
2026-07-17 12:49:00+05:30,380.0,395.75,376.25,386.7,38415,581230,0.0,24294.0,23900.0,23750,ATM-8,CALL,24150,2026-07-17
2026-07-17 12:50:00+05:30,387.7,387.7,372.4,373.2,13910,575445,0.0,24283.6,23900.0,23750,ATM-8,CALL,24150,2026-07-17
2026-07-17 12:51:00+05:30,369.0,374.15,367.9,371.8,14430,575575,0.0,24281.35,23900.0,23750,ATM-8,CALL,24150,2026-07-17
2026-07-17 12:52:00+05:30,372.0,373.25,368.8,368.95,5135,575185,0.0,24279.75,23900.0,23750,ATM-8,CALL,24150,2026-07-17
2026-07-17 12:53:00+05:30,410.0,413.65,406.0,406.0,1365,132990,0.0,24272.5,23850.0,23750,ATM-8,CALL,24150,2026-07-17
2026-07-17 12:54:00+05:30,406.2,407.85,403.45,404.85,975,132405,0.0,24273.9,23850.0,23750,ATM-8,CALL,24150,2026-07-17
2026-07-17 12:55:00+05:30,405.05,409.55,403.0,403.0,650,132600,0.0,24271.2,23850.0,23750,ATM-8,CALL,24150,2026-07-17
2026-07-17 12:56:00+05:30,404.05,404.05,403.0,404.05,130,132665,0.0,24274.55,23850.0,23750,ATM-8,CALL,24150,2026-07-17
2026-07-17 12:57:00+05:30,365.0,372.0,364.0,367.75,8190,575185,0.0,24280.35,23900.0,23750,ATM-8,CALL,24150,2026-07-17
2026-07-17 12:58:00+05:30,367.8,370.0,365.45,365.45,1170,573885,0.0,24278.95,23900.0,23750,ATM-8,CALL,24150,2026-07-17
2026-07-17 12:59:00+05:30,366.55,371.9,365.45,371.65,4290,573560,0.0,24283.3,23900.0,23750,ATM-8,CALL,24150,2026-07-17
2026-07-17 13:00:00+05:30,373.0,375.6,370.0,370.4,5525,572975,0.0,24282.8,23900.0,23750,ATM-8,CALL,24150,2026-07-17
2026-07-17 13:01:00+05:30,371.9,377.2,370.4,373.4,2405,573885,0.0,24283.75,23900.0,23750,ATM-8,CALL,24150,2026-07-17
2026-07-17 13:02:00+05:30,373.35,373.4,367.4,367.4,2990,574405,0.0,24278.65,23900.0,23750,ATM-8,CALL,24150,2026-07-17
2026-07-17 13:03:00+05:30,367.25,369.15,364.55,367.6,2210,573885,0.0,24280.7,23900.0,23750,ATM-8,CALL,24150,2026-07-17
2026-07-17 13:04:00+05:30,368.0,371.25,367.5,368.0,3185,575185,0.0,24279.85,23900.0,23750,ATM-8,CALL,24150,2026-07-17
2026-07-17 13:05:00+05:30,367.35,368.6,366.45,368.6,910,575185,0.0,24281.1,23900.0,23750,ATM-8,CALL,24150,2026-07-17
2026-07-17 13:06:00+05:30,367.25,370.55,367.25,369.35,195,575185,0.0,24283.95,23900.0,23750,ATM-8,CALL,24150,2026-07-17
2026-07-17 13:07:00+05:30,370.55,372.4,362.5,363.4,2080,575120,0.0,24276.45,23900.0,23750,ATM-8,CALL,24150,2026-07-17
2026-07-17 13:08:00+05:30,363.6,366.1,363.4,364.5,1755,575250,0.0,24279.75,23900.0,23750,ATM-8,CALL,24150,2026-07-17
2026-07-17 13:09:00+05:30,365.5,366.0,363.95,363.95,1560,575445,0.0,24278.0,23900.0,23750,ATM-8,CALL,24150,2026-07-17
2026-07-17 13:10:00+05:30,365.3,366.85,363.95,366.85,1365,575250,0.0,24279.5,23900.0,23750,ATM-8,CALL,24150,2026-07-17
2026-07-17 13:11:00+05:30,366.9,369.0,365.25,369.0,845,575705,0.0,24279.3,23900.0,23750,ATM-8,CALL,24150,2026-07-17
2026-07-17 13:12:00+05:30,366.4,369.0,363.1,363.1,455,575640,0.0,24277.35,23900.0,23750,ATM-8,CALL,24150,2026-07-17
2026-07-17 13:13:00+05:30,362.2,364.75,362.2,364.5,910,575510,0.0,24276.45,23900.0,23750,ATM-8,CALL,24150,2026-07-17
2026-07-17 13:14:00+05:30,365.75,369.95,364.5,369.5,1690,575770,0.0,24282.55,23900.0,23750,ATM-8,CALL,24150,2026-07-17
2026-07-17 13:15:00+05:30,408.0,413.05,396.8,399.8,7280,135590,0.0,24271.9,23850.0,23750,ATM-8,CALL,24150,2026-07-17
2026-07-17 13:16:00+05:30,401.6,403.6,399.8,403.6,2600,133120,0.0,24272.8,23850.0,23750,ATM-8,CALL,24150,2026-07-17
2026-07-17 13:17:00+05:30,361.2,361.3,358.4,361.1,3640,575250,0.0,24275.4,23900.0,23750,ATM-8,CALL,24150,2026-07-17
2026-07-17 13:18:00+05:30,407.0,407.0,404.0,404.0,1105,133510,0.0,24272.55,23850.0,23750,ATM-8,CALL,24150,2026-07-17
2026-07-17 13:19:00+05:30,401.7,404.0,401.0,401.0,585,133380,0.0,24274.35,23850.0,23750,ATM-8,CALL,24150,2026-07-17
2026-07-17 13:20:00+05:30,358.95,361.15,357.3,361.05,6890,578045,0.0,24277.3,23900.0,23750,ATM-8,CALL,24150,2026-07-17
2026-07-17 13:21:00+05:30,358.35,361.05,356.65,356.65,1300,580840,0.0,24277.45,23900.0,23750,ATM-8,CALL,24150,2026-07-17
2026-07-17 13:22:00+05:30,400.7,401.05,400.7,401.05,260,133055,0.0,24274.35,23850.0,23750,ATM-8,CALL,24150,2026-07-17
2026-07-17 13:23:00+05:30,401.05,401.05,401.05,401.05,0,133055,0.0,24269.05,23850.0,23750,ATM-8,CALL,24150,2026-07-17
2026-07-17 13:24:00+05:30,399.4,401.6,393.75,394.0,4095,132600,0.0,24266.45,23850.0,23750,ATM-8,CALL,24150,2026-07-17
2026-07-17 13:25:00+05:30,394.0,394.9,389.7,394.9,1040,130585,0.0,24268.65,23850.0,23750,ATM-8,CALL,24150,2026-07-17
2026-07-17 13:26:00+05:30,400.55,400.55,393.9,393.9,715,130455,0.0,24265.0,23850.0,23750,ATM-8,CALL,24150,2026-07-17
2026-07-17 13:27:00+05:30,393.0,393.9,391.25,391.25,390,130455,0.0,24261.85,23850.0,23750,ATM-8,CALL,24150,2026-07-17
2026-07-17 13:28:00+05:30,391.25,392.75,390.2,392.75,845,130325,0.0,24260.65,23850.0,23750,ATM-8,CALL,24150,2026-07-17
2026-07-17 13:29:00+05:30,393.05,399.0,392.75,395.0,390,130715,0.0,24267.3,23850.0,23750,ATM-8,CALL,24150,2026-07-17
2026-07-17 13:30:00+05:30,396.4,396.6,395.0,396.5,325,130780,0.0,24269.75,23850.0,23750,ATM-8,CALL,24150,2026-07-17
2026-07-17 13:31:00+05:30,401.8,401.8,395.25,395.8,1235,130910,0.0,24268.05,23850.0,23750,ATM-8,CALL,24150,2026-07-17
2026-07-17 13:32:00+05:30,392.75,395.8,391.0,393.0,520,131040,0.0,24266.5,23850.0,23750,ATM-8,CALL,24150,2026-07-17
2026-07-17 13:33:00+05:30,392.35,393.0,390.75,392.45,390,130910,0.0,24263.95,23850.0,23750,ATM-8,CALL,24150,2026-07-17
2026-07-17 13:34:00+05:30,391.0,394.0,391.0,394.0,455,130910,0.0,24265.7,23850.0,23750,ATM-8,CALL,24150,2026-07-17
2026-07-17 13:35:00+05:30,396.2,396.2,394.0,396.2,130,130910,0.0,24267.6,23850.0,23750,ATM-8,CALL,24150,2026-07-17
2026-07-17 13:36:00+05:30,400.0,402.35,396.2,400.05,845,131105,0.0,24269.8,23850.0,23750,ATM-8,CALL,24150,2026-07-17
2026-07-17 13:37:00+05:30,400.55,400.55,390.9,390.9,2210,130975,0.0,24264.7,23850.0,23750,ATM-8,CALL,24150,2026-07-17
2026-07-17 13:38:00+05:30,391.75,391.75,390.9,391.75,130,130390,0.0,24265.8,23850.0,23750,ATM-8,CALL,24150,2026-07-17
2026-07-17 13:39:00+05:30,394.45,394.45,391.75,394.45,130,130390,0.0,24269.5,23850.0,23750,ATM-8,CALL,24150,2026-07-17
2026-07-17 13:40:00+05:30,393.05,394.45,383.6,385.05,1430,130390,0.0,24258.25,23850.0,23750,ATM-8,CALL,24150,2026-07-17
2026-07-17 13:41:00+05:30,385.95,386.5,376.15,386.5,1300,130065,0.0,24254.65,23850.0,23750,ATM-8,CALL,24150,2026-07-17
2026-07-17 13:42:00+05:30,385.0,386.5,378.85,379.7,2210,129480,0.0,24251.2,23850.0,23750,ATM-8,CALL,24150,2026-07-17
2026-07-17 13:43:00+05:30,380.5,380.65,377.5,378.2,1040,129285,0.0,24248.35,23850.0,23750,ATM-8,CALL,24150,2026-07-17
2026-07-17 13:44:00+05:30,380.2,382.95,376.35,381.8,910,129415,0.0,24254.25,23850.0,23750,ATM-8,CALL,24150,2026-07-17
2026-07-17 13:45:00+05:30,379.9,382.3,379.9,382.3,260,129415,0.0,24252.4,23850.0,23750,ATM-8,CALL,24150,2026-07-17
2026-07-17 13:46:00+05:30,379.0,382.3,369.9,369.9,3510,129220,0.0,24245.1,23850.0,23750,ATM-8,CALL,24150,2026-07-17
2026-07-17 13:47:00+05:30,370.0,370.25,363.0,365.3,3640,130195,0.0,24238.7,23850.0,23750,ATM-8,CALL,24150,2026-07-17
2026-07-17 13:48:00+05:30,365.55,372.0,365.3,371.4,4030,130000,0.0,24247.05,23850.0,23750,ATM-8,CALL,24150,2026-07-17
2026-07-17 13:49:00+05:30,370.4,371.4,366.2,366.75,3900,130065,0.0,24239.95,23850.0,23750,ATM-8,CALL,24150,2026-07-17
2026-07-17 13:50:00+05:30,366.2,367.75,359.45,362.1,3445,131430,0.0,24227.05,23850.0,23750,ATM-8,CALL,24150,2026-07-17
2026-07-17 13:51:00+05:30,406.0,406.0,394.45,398.7,16575,475930,0.0,24215.95,23800.0,23750,ATM-8,CALL,24150,2026-07-17
2026-07-17 13:52:00+05:30,402.3,404.05,398.7,400.65,5720,473460,0.0,24222.35,23800.0,23750,ATM-8,CALL,24150,2026-07-17
2026-07-17 13:53:00+05:30,356.1,359.2,356.0,358.9,2080,129610,0.0,24229.25,23850.0,23750,ATM-8,CALL,24150,2026-07-17
2026-07-17 13:54:00+05:30,359.25,364.1,357.75,361.45,5850,130000,0.0,24232.0,23850.0,23750,ATM-8,CALL,24150,2026-07-17
2026-07-17 13:55:00+05:30,362.1,368.1,359.65,367.3,2795,129545,0.0,24236.5,23850.0,23750,ATM-8,CALL,24150,2026-07-17
2026-07-17 13:56:00+05:30,364.85,367.3,360.6,362.4,1950,127855,0.0,24232.75,23850.0,23750,ATM-8,CALL,24150,2026-07-17
2026-07-17 13:57:00+05:30,367.2,368.25,362.4,364.1,2535,128245,0.0,24233.7,23850.0,23750,ATM-8,CALL,24150,2026-07-17
2026-07-17 13:58:00+05:30,366.4,369.8,364.1,369.1,2405,127725,0.0,24237.6,23850.0,23750,ATM-8,CALL,24150,2026-07-17
2026-07-17 13:59:00+05:30,369.9,386.7,369.1,385.2,3900,127205,0.0,24250.1,23850.0,23750,ATM-8,CALL,24150,2026-07-17
2026-07-17 14:00:00+05:30,383.2,385.2,380.0,383.15,4940,127335,0.0,24248.8,23850.0,23750,ATM-8,CALL,24150,2026-07-17
2026-07-17 14:01:00+05:30,382.75,383.15,377.6,380.55,2990,126685,0.0,24246.8,23850.0,23750,ATM-8,CALL,24150,2026-07-17
2026-07-17 14:02:00+05:30,378.15,380.55,374.05,378.6,1430,126490,0.0,24243.6,23850.0,23750,ATM-8,CALL,24150,2026-07-17
2026-07-17 14:03:00+05:30,378.4,380.5,376.5,380.5,1040,126165,0.0,24246.25,23850.0,23750,ATM-8,CALL,24150,2026-07-17
2026-07-17 14:04:00+05:30,381.9,385.0,380.5,382.8,1105,126620,0.0,24250.35,23850.0,23750,ATM-8,CALL,24150,2026-07-17
2026-07-17 14:05:00+05:30,382.7,389.0,382.5,386.0,2405,126490,0.0,24254.7,23850.0,23750,ATM-8,CALL,24150,2026-07-17
2026-07-17 14:06:00+05:30,385.75,386.65,381.35,381.95,2600,126685,0.0,24249.65,23850.0,23750,ATM-8,CALL,24150,2026-07-17
2026-07-17 14:07:00+05:30,379.95,383.1,379.0,383.1,1820,126295,0.0,24251.05,23850.0,23750,ATM-8,CALL,24150,2026-07-17
2026-07-17 14:08:00+05:30,383.15,383.15,379.05,380.2,520,126035,0.0,24251.1,23850.0,23750,ATM-8,CALL,24150,2026-07-17
2026-07-17 14:09:00+05:30,380.2,380.2,380.2,380.2,0,126035,0.0,24252.95,23850.0,23750,ATM-8,CALL,24150,2026-07-17
2026-07-17 14:10:00+05:30,384.35,386.0,380.2,385.1,4680,126100,0.0,24254.0,23850.0,23750,ATM-8,CALL,24150,2026-07-17
2026-07-17 14:11:00+05:30,387.0,396.3,385.1,393.5,6370,129155,0.0,24265.25,23850.0,23750,ATM-8,CALL,24150,2026-07-17
2026-07-17 14:12:00+05:30,395.2,405.0,393.5,404.65,3185,128765,0.0,24271.6,23850.0,23750,ATM-8,CALL,24150,2026-07-17
2026-07-17 14:13:00+05:30,359.5,371.25,359.5,369.25,20085,547820,0.0,24277.25,23900.0,23750,ATM-8,CALL,24150,2026-07-17
2026-07-17 14:14:00+05:30,369.75,376.6,368.0,376.05,17355,541840,0.0,24280.55,23900.0,23750,ATM-8,CALL,24150,2026-07-17
2026-07-17 14:15:00+05:30,333.25,404.5,333.25,403.85,56940,382460,0.0,24345.4,23950.0,23750,ATM-8,CALL,24150,2026-07-17
2026-07-17 14:16:00+05:30,408.6,428.6,392.4,425.65,37180,369590,0.0,24362.9,23950.0,23750,ATM-8,CALL,24150,2026-07-17
2026-07-17 14:17:00+05:30,427.4,433.3,404.3,406.05,28730,364650,0.0,24347.45,23950.0,23750,ATM-8,CALL,24150,2026-07-17
2026-07-17 14:18:00+05:30,397.2,406.05,388.15,390.0,22945,359450,0.0,24332.7,23950.0,23750,ATM-8,CALL,24150,2026-07-17
2026-07-17 14:19:00+05:30,434.0,435.95,409.85,409.85,22230,481390,0.0,24308.45,23900.0,23750,ATM-8,CALL,24150,2026-07-17
2026-07-17 14:20:00+05:30,410.7,422.25,409.0,409.1,19890,485225,0.0,24312.75,23900.0,23750,ATM-8,CALL,24150,2026-07-17
2026-07-17 14:21:00+05:30,409.9,416.0,402.0,404.55,24180,486525,0.0,24309.35,23900.0,23750,ATM-8,CALL,24150,2026-07-17
2026-07-17 14:22:00+05:30,399.2,404.55,394.5,394.5,28015,486330,0.0,24300.95,23900.0,23750,ATM-8,CALL,24150,2026-07-17
2026-07-17 14:23:00+05:30,391.1,395.45,386.9,386.9,13585,490490,0.0,24292.7,23900.0,23750,ATM-8,CALL,24150,2026-07-17
2026-07-17 14:24:00+05:30,387.2,393.2,386.0,393.2,11570,492440,0.0,24298.3,23900.0,23750,ATM-8,CALL,24150,2026-07-17
2026-07-17 14:25:00+05:30,393.0,409.0,392.1,405.2,26455,494650,0.0,24307.3,23900.0,23750,ATM-8,CALL,24150,2026-07-17
2026-07-17 14:26:00+05:30,403.7,413.4,403.7,410.0,27820,493285,0.0,24311.25,23900.0,23750,ATM-8,CALL,24150,2026-07-17
2026-07-17 14:27:00+05:30,409.1,412.9,407.0,410.15,10985,491465,0.0,24310.95,23900.0,23750,ATM-8,CALL,24150,2026-07-17
2026-07-17 14:28:00+05:30,413.1,419.0,410.15,411.9,17550,487110,0.0,24309.5,23900.0,23750,ATM-8,CALL,24150,2026-07-17
2026-07-17 14:29:00+05:30,405.0,411.9,383.75,388.5,25675,482885,0.0,24287.4,23900.0,23750,ATM-8,CALL,24150,2026-07-17
2026-07-17 14:30:00+05:30,389.2,406.25,387.85,402.95,21320,483535,0.0,24304.65,23900.0,23750,ATM-8,CALL,24150,2026-07-17
2026-07-17 14:31:00+05:30,405.0,405.35,395.75,398.0,7280,484380,0.0,24300.3,23900.0,23750,ATM-8,CALL,24150,2026-07-17
2026-07-17 14:32:00+05:30,397.5,399.85,394.05,394.15,8970,486135,0.0,24299.15,23900.0,23750,ATM-8,CALL,24150,2026-07-17
2026-07-17 14:33:00+05:30,394.4,399.5,394.15,399.5,3380,486915,0.0,24295.55,23900.0,23750,ATM-8,CALL,24150,2026-07-17
2026-07-17 14:34:00+05:30,398.0,401.7,395.85,399.6,2535,486525,0.0,24298.0,23900.0,23750,ATM-8,CALL,24150,2026-07-17
2026-07-17 14:35:00+05:30,400.95,400.95,399.0,400.95,910,487240,0.0,24298.65,23900.0,23750,ATM-8,CALL,24150,2026-07-17
2026-07-17 14:36:00+05:30,396.1,400.95,390.95,393.85,5265,486005,0.0,24293.25,23900.0,23750,ATM-8,CALL,24150,2026-07-17
2026-07-17 14:37:00+05:30,392.45,397.5,392.3,395.95,4355,487240,0.0,24293.05,23900.0,23750,ATM-8,CALL,24150,2026-07-17
2026-07-17 14:38:00+05:30,392.2,401.25,389.9,398.35,7735,486265,0.0,24298.95,23900.0,23750,ATM-8,CALL,24150,2026-07-17
2026-07-17 14:39:00+05:30,397.65,399.0,395.15,399.0,2795,488345,0.0,24297.9,23900.0,23750,ATM-8,CALL,24150,2026-07-17
2026-07-17 14:40:00+05:30,400.4,403.45,399.0,399.95,7020,486135,0.0,24302.0,23900.0,23750,ATM-8,CALL,24150,2026-07-17
2026-07-17 14:41:00+05:30,400.35,412.45,399.05,412.45,9360,484575,0.0,24311.85,23900.0,23750,ATM-8,CALL,24150,2026-07-17
2026-07-17 14:42:00+05:30,410.5,412.45,404.95,408.6,7215,483210,0.0,24310.4,23900.0,23750,ATM-8,CALL,24150,2026-07-17
2026-07-17 14:43:00+05:30,410.55,416.4,408.0,408.85,10140,480935,0.0,24312.1,23900.0,23750,ATM-8,CALL,24150,2026-07-17
2026-07-17 14:44:00+05:30,409.35,419.65,408.85,416.55,15990,478075,0.0,24317.65,23900.0,23750,ATM-8,CALL,24150,2026-07-17
2026-07-17 14:45:00+05:30,417.0,417.55,414.4,414.55,7215,476450,0.0,24319.5,23900.0,23750,ATM-8,CALL,24150,2026-07-17
2026-07-17 14:46:00+05:30,372.0,378.4,369.0,376.5,3965,338520,0.0,24325.05,23950.0,23750,ATM-8,CALL,24150,2026-07-17
2026-07-17 14:47:00+05:30,420.1,421.0,416.1,417.05,5655,473850,0.0,24321.6,23900.0,23750,ATM-8,CALL,24150,2026-07-17
2026-07-17 14:48:00+05:30,417.55,418.35,412.0,417.45,4550,473525,0.0,24320.25,23900.0,23750,ATM-8,CALL,24150,2026-07-17
2026-07-17 14:49:00+05:30,418.55,419.35,416.3,416.3,2015,472420,0.0,24324.0,23900.0,23750,ATM-8,CALL,24150,2026-07-17
2026-07-17 14:50:00+05:30,416.1,417.65,409.5,414.65,10920,466245,0.0,24320.0,23900.0,23750,ATM-8,CALL,24150,2026-07-17
2026-07-17 14:51:00+05:30,414.3,417.95,408.9,410.95,3055,465205,0.0,24317.05,23900.0,23750,ATM-8,CALL,24150,2026-07-17
2026-07-17 14:52:00+05:30,411.35,415.1,410.95,412.65,4290,463385,0.0,24319.6,23900.0,23750,ATM-8,CALL,24150,2026-07-17
2026-07-17 14:53:00+05:30,410.8,413.0,404.9,413.0,10075,462735,0.0,24320.5,23900.0,23750,ATM-8,CALL,24150,2026-07-17
2026-07-17 14:54:00+05:30,410.1,413.0,407.4,407.4,520,462735,0.0,24320.95,23900.0,23750,ATM-8,CALL,24150,2026-07-17
2026-07-17 14:55:00+05:30,367.95,374.0,366.4,374.0,6370,338000,0.0,24327.4,23950.0,23750,ATM-8,CALL,24150,2026-07-17
2026-07-17 14:56:00+05:30,424.0,426.8,413.3,415.4,13065,457470,0.0,24324.9,23900.0,23750,ATM-8,CALL,24150,2026-07-17
2026-07-17 14:57:00+05:30,416.35,417.85,410.95,414.4,2340,456820,0.0,24321.6,23900.0,23750,ATM-8,CALL,24150,2026-07-17
2026-07-17 14:58:00+05:30,413.1,414.4,408.85,410.0,4810,455065,0.0,24315.85,23900.0,23750,ATM-8,CALL,24150,2026-07-17
2026-07-17 14:59:00+05:30,412.0,413.6,403.6,406.9,2535,454155,0.0,24311.75,23900.0,23750,ATM-8,CALL,24150,2026-07-17
2026-07-17 15:00:00+05:30,408.75,421.5,399.1,418.85,27495,454870,0.0,24323.7,23900.0,23750,ATM-8,CALL,24150,2026-07-17
2026-07-17 15:01:00+05:30,375.75,388.1,370.85,375.25,23595,331240,0.0,24325.6,23950.0,23750,ATM-8,CALL,24150,2026-07-17
2026-07-17 15:02:00+05:30,419.0,421.6,414.8,417.25,3900,441870,0.0,24324.35,23900.0,23750,ATM-8,CALL,24150,2026-07-17
2026-07-17 15:03:00+05:30,417.75,419.15,410.0,410.95,8320,439725,0.0,24317.95,23900.0,23750,ATM-8,CALL,24150,2026-07-17
2026-07-17 15:04:00+05:30,408.0,413.65,408.0,412.1,6110,436930,0.0,24322.05,23900.0,23750,ATM-8,CALL,24150,2026-07-17
2026-07-17 15:05:00+05:30,371.9,376.6,368.9,376.45,9425,322530,0.0,24327.55,23950.0,23750,ATM-8,CALL,24150,2026-07-17
2026-07-17 15:06:00+05:30,376.35,380.0,374.7,377.35,3900,321230,0.0,24330.2,23950.0,23750,ATM-8,CALL,24150,2026-07-17
2026-07-17 15:07:00+05:30,377.35,383.0,377.35,381.6,8385,319410,0.0,24334.3,23950.0,23750,ATM-8,CALL,24150,2026-07-17
2026-07-17 15:08:00+05:30,379.9,381.6,374.05,375.5,3705,315705,0.0,24332.1,23950.0,23750,ATM-8,CALL,24150,2026-07-17
2026-07-17 15:09:00+05:30,373.0,378.0,373.0,376.95,3510,313560,0.0,24333.55,23950.0,23750,ATM-8,CALL,24150,2026-07-17
2026-07-17 15:10:00+05:30,376.15,377.0,373.7,374.85,10595,313495,0.0,24331.75,23950.0,23750,ATM-8,CALL,24150,2026-07-17
2026-07-17 15:11:00+05:30,377.0,379.1,374.85,377.25,6175,315770,0.0,24332.25,23950.0,23750,ATM-8,CALL,24150,2026-07-17
2026-07-17 15:12:00+05:30,377.25,383.6,377.0,380.8,3835,315055,0.0,24336.05,23950.0,23750,ATM-8,CALL,24150,2026-07-17
2026-07-17 15:13:00+05:30,378.1,380.8,375.95,378.9,2990,313105,0.0,24334.9,23950.0,23750,ATM-8,CALL,24150,2026-07-17
2026-07-17 15:14:00+05:30,375.9,378.9,369.4,369.4,6045,311545,0.0,24328.75,23950.0,23750,ATM-8,CALL,24150,2026-07-17
2026-07-17 15:15:00+05:30,412.05,412.05,404.9,408.15,8645,393640,0.0,24323.85,23900.0,23750,ATM-8,CALL,24150,2026-07-17
2026-07-17 15:16:00+05:30,406.95,409.9,405.9,409.9,5850,393640,0.0,24322.9,23900.0,23750,ATM-8,CALL,24150,2026-07-17
2026-07-17 15:17:00+05:30,365.35,370.6,365.25,368.6,1170,308945,0.0,24325.55,23950.0,23750,ATM-8,CALL,24150,2026-07-17
2026-07-17 15:18:00+05:30,369.0,370.6,365.95,367.45,1235,309400,0.0,24328.8,23950.0,23750,ATM-8,CALL,24150,2026-07-17
2026-07-17 15:19:00+05:30,363.65,367.45,363.65,366.95,975,309400,0.0,24329.0,23950.0,23750,ATM-8,CALL,24150,2026-07-17
2026-07-17 15:20:00+05:30,366.35,370.25,365.75,368.2,7410,305825,0.0,24332.95,23950.0,23750,ATM-8,CALL,24150,2026-07-17
2026-07-17 15:21:00+05:30,368.4,380.0,368.2,380.0,3250,304005,0.0,24333.15,23950.0,23750,ATM-8,CALL,24150,2026-07-17
2026-07-17 15:22:00+05:30,382.15,383.55,380.0,380.8,18850,293215,0.0,24336.85,23950.0,23750,ATM-8,CALL,24150,2026-07-17
2026-07-17 15:23:00+05:30,381.05,386.0,380.8,384.3,20605,279045,0.0,24337.95,23950.0,23750,ATM-8,CALL,24150,2026-07-17
2026-07-17 15:24:00+05:30,385.6,395.0,384.3,391.0,9100,273000,0.0,24342.8,23950.0,23750,ATM-8,CALL,24150,2026-07-17
2026-07-17 15:25:00+05:30,391.05,395.85,387.9,394.25,9490,267280,0.0,24345.0,23950.0,23750,ATM-8,CALL,24150,2026-07-17
2026-07-17 15:26:00+05:30,394.25,397.0,391.4,393.0,4030,266955,0.0,24342.8,23950.0,23750,ATM-8,CALL,24150,2026-07-17
2026-07-17 15:27:00+05:30,394.2,398.9,393.0,396.7,2925,264680,0.0,24344.0,23950.0,23750,ATM-8,CALL,24150,2026-07-17
2026-07-17 15:28:00+05:30,396.7,405.25,396.7,405.25,3965,262925,0.0,24339.4,23950.0,23750,ATM-8,CALL,24150,2026-07-17
2026-07-17 15:29:00+05:30,402.9,409.5,400.25,406.55,11310,258570,0.0,24346.7,23950.0,23750,ATM-8,CALL,24150,2026-07-17
2026-07-17 09:15:00+05:30,30.75,30.75,23.7,24.7,744705,1477515,14.709667,24151.25,23750.0,23750,ATM-8,PUT,24150,2026-07-17
2026-07-17 09:16:00+05:30,23.9,25.05,23.3,23.3,1324635,1757405,14.907941,24171.0,23750.0,23750,ATM-8,PUT,24150,2026-07-17
2026-07-17 09:17:00+05:30,29.2,30.85,28.95,29.5,905775,5484635,14.920422,24176.15,23800.0,23750,ATM-8,PUT,24150,2026-07-17
2026-07-17 09:18:00+05:30,29.2,29.5,27.95,28.1,623740,5636020,14.957054,24187.4,23800.0,23750,ATM-8,PUT,24150,2026-07-17
2026-07-17 09:19:00+05:30,28.1,28.8,27.7,28.3,794235,5800015,15.003348,24187.85,23800.0,23750,ATM-8,PUT,24150,2026-07-17
2026-07-17 09:20:00+05:30,28.2,28.3,26.8,27.65,590005,5946785,14.890082,24187.75,23800.0,23750,ATM-8,PUT,24150,2026-07-17
2026-07-17 09:21:00+05:30,27.65,28.55,27.65,28.1,661765,6073275,14.920613,24185.75,23800.0,23750,ATM-8,PUT,24150,2026-07-17
2026-07-17 09:22:00+05:30,27.95,28.75,27.95,28.05,626405,6234995,14.985392,24188.75,23800.0,23750,ATM-8,PUT,24150,2026-07-17
2026-07-17 09:23:00+05:30,28.05,28.55,28.0,28.4,292045,6410040,14.983898,24186.15,23800.0,23750,ATM-8,PUT,24150,2026-07-17
2026-07-17 09:24:00+05:30,28.4,28.4,27.6,27.7,278980,6463470,15.002784,24191.9,23800.0,23750,ATM-8,PUT,24150,2026-07-17
2026-07-17 09:25:00+05:30,27.8,27.85,27.15,27.65,475150,6532435,15.161607,24198.85,23800.0,23750,ATM-8,PUT,24150,2026-07-17
2026-07-17 09:26:00+05:30,27.55,28.05,27.5,28.0,571285,6586190,15.246511,24199.8,23800.0,23750,ATM-8,PUT,24150,2026-07-17
2026-07-17 09:27:00+05:30,27.85,28.0,27.3,27.4,885560,6542900,15.215483,24202.85,23800.0,23750,ATM-8,PUT,24150,2026-07-17
2026-07-17 09:28:00+05:30,27.4,27.7,27.1,27.2,316615,6636695,15.22775,24204.8,23800.0,23750,ATM-8,PUT,24150,2026-07-17
2026-07-17 09:29:00+05:30,27.2,27.35,26.8,26.9,407940,6670495,15.299,24210.0,23800.0,23750,ATM-8,PUT,24150,2026-07-17
2026-07-17 09:30:00+05:30,26.8,27.3,26.4,27.1,1033435,6745050,15.186177,24203.7,23800.0,23750,ATM-8,PUT,24150,2026-07-17
2026-07-17 09:31:00+05:30,27.1,27.4,26.9,27.25,358215,7150520,15.050521,24196.85,23800.0,23750,ATM-8,PUT,24150,2026-07-17
2026-07-17 09:32:00+05:30,27.2,27.5,26.4,26.4,459745,7179575,15.099479,24205.2,23800.0,23750,ATM-8,PUT,24150,2026-07-17
2026-07-17 09:33:00+05:30,26.35,26.65,25.7,25.9,592020,7179315,15.140339,24210.7,23800.0,23750,ATM-8,PUT,24150,2026-07-17
2026-07-17 09:34:00+05:30,25.8,26.85,25.55,26.6,559650,7058415,15.170625,24206.6,23800.0,23750,ATM-8,PUT,24150,2026-07-17
2026-07-17 09:35:00+05:30,26.55,26.75,26.25,26.5,167180,7174050,15.164521,24207.05,23800.0,23750,ATM-8,PUT,24150,2026-07-17
2026-07-17 09:36:00+05:30,26.3,26.8,25.9,25.95,241800,7208370,15.122177,24209.4,23800.0,23750,ATM-8,PUT,24150,2026-07-17
2026-07-17 09:37:00+05:30,25.85,26.1,25.35,25.45,244270,7209930,15.193094,24216.25,23800.0,23750,ATM-8,PUT,24150,2026-07-17
2026-07-17 09:38:00+05:30,25.25,25.5,24.85,24.95,412815,7237490,15.225697,24221.55,23800.0,23750,ATM-8,PUT,24150,2026-07-17
2026-07-17 09:39:00+05:30,24.95,25.75,24.9,25.7,302640,7239440,15.309058,24219.15,23800.0,23750,ATM-8,PUT,24150,2026-07-17
2026-07-17 09:40:00+05:30,25.7,26.0,25.4,25.95,311870,7252505,15.400439,24221.05,23800.0,23750,ATM-8,PUT,24150,2026-07-17
2026-07-17 09:41:00+05:30,25.85,26.1,25.65,26.0,208650,7314255,15.437682,24222.2,23800.0,23750,ATM-8,PUT,24150,2026-07-17
2026-07-17 09:42:00+05:30,25.8,26.0,25.5,25.5,154115,7344545,15.405474,24224.7,23800.0,23750,ATM-8,PUT,24150,2026-07-17
2026-07-17 09:43:00+05:30,31.55,31.8,31.2,31.3,135915,3732105,15.192593,24225.15,23850.0,23750,ATM-8,PUT,24150,2026-07-17
2026-07-17 09:44:00+05:30,31.25,31.8,30.8,30.95,203645,3764280,15.287704,24231.3,23850.0,23750,ATM-8,PUT,24150,2026-07-17
2026-07-17 09:45:00+05:30,30.65,30.95,29.65,30.3,518765,3922750,15.259407,24234.5,23850.0,23750,ATM-8,PUT,24150,2026-07-17
2026-07-17 09:46:00+05:30,30.15,30.75,30.1,30.15,237510,3983200,15.404965,24241.45,23850.0,23750,ATM-8,PUT,24150,2026-07-17
2026-07-17 09:47:00+05:30,30.05,30.65,29.6,30.55,176865,4043130,15.348601,24236.35,23850.0,23750,ATM-8,PUT,24150,2026-07-17
2026-07-17 09:48:00+05:30,30.55,30.8,30.25,30.45,175305,4082065,15.423458,24240.05,23850.0,23750,ATM-8,PUT,24150,2026-07-17
2026-07-17 09:49:00+05:30,30.4,30.9,30.4,30.65,100360,4092075,15.379779,24236.85,23850.0,23750,ATM-8,PUT,24150,2026-07-17
2026-07-17 09:50:00+05:30,30.65,30.65,29.85,30.0,185185,4102150,15.426876,24243.2,23850.0,23750,ATM-8,PUT,24150,2026-07-17
2026-07-17 09:51:00+05:30,29.9,31.4,29.9,31.2,159770,4105335,15.277784,24228.9,23850.0,23750,ATM-8,PUT,24150,2026-07-17
2026-07-17 09:52:00+05:30,31.0,31.75,30.85,31.4,202670,4141475,15.33767,24229.95,23850.0,23750,ATM-8,PUT,24150,2026-07-17
2026-07-17 09:53:00+05:30,31.4,31.45,30.95,30.95,78390,4173910,15.3422,24233.1,23850.0,23750,ATM-8,PUT,24150,2026-07-17
2026-07-17 09:54:00+05:30,30.9,31.15,30.35,30.85,106015,4186520,15.495951,24240.0,23850.0,23750,ATM-8,PUT,24150,2026-07-17
2026-07-17 09:55:00+05:30,30.85,31.95,30.8,31.95,182780,4175535,15.43731,24230.2,23850.0,23750,ATM-8,PUT,24150,2026-07-17
2026-07-17 09:56:00+05:30,25.8,25.9,25.6,25.75,280345,7963410,15.430287,24223.1,23800.0,23750,ATM-8,PUT,24150,2026-07-17
2026-07-17 09:57:00+05:30,25.7,26.25,25.7,26.0,285285,8006050,15.389272,24219.35,23800.0,23750,ATM-8,PUT,24150,2026-07-17
2026-07-17 09:58:00+05:30,32.35,32.5,31.3,31.35,160095,4211545,15.314107,24229.05,23850.0,23750,ATM-8,PUT,24150,2026-07-17
2026-07-17 09:59:00+05:30,31.25,31.7,31.2,31.2,71825,4233775,15.285665,24228.85,23850.0,23750,ATM-8,PUT,24150,2026-07-17
2026-07-17 10:00:00+05:30,25.2,26.35,25.0,26.3,237705,8144435,15.501524,24221.65,23800.0,23750,ATM-8,PUT,24150,2026-07-17
2026-07-17 10:01:00+05:30,26.3,26.7,25.7,26.05,643110,8150220,15.238176,24212.35,23800.0,23750,ATM-8,PUT,24150,2026-07-17
2026-07-17 10:02:00+05:30,26.05,26.05,25.8,25.95,400140,7939100,15.304783,24215.9,23800.0,23750,ATM-8,PUT,24150,2026-07-17
2026-07-17 10:03:00+05:30,26.0,26.15,25.85,25.85,148070,7966725,15.265342,24214.95,23800.0,23750,ATM-8,PUT,24150,2026-07-17
2026-07-17 10:04:00+05:30,25.8,26.0,25.7,25.95,200590,8008650,15.274114,24214.5,23800.0,23750,ATM-8,PUT,24150,2026-07-17
2026-07-17 10:05:00+05:30,25.95,26.15,25.15,25.25,152555,8007415,15.306339,24221.3,23800.0,23750,ATM-8,PUT,24150,2026-07-17
2026-07-17 10:06:00+05:30,25.3,25.5,25.05,25.5,141700,7994480,15.386443,24222.7,23800.0,23750,ATM-8,PUT,24150,2026-07-17
2026-07-17 10:07:00+05:30,31.7,32.15,31.6,31.6,160225,3942770,15.281246,24225.65,23850.0,23750,ATM-8,PUT,24150,2026-07-17
2026-07-17 10:08:00+05:30,31.6,32.1,31.4,31.4,52845,3896750,15.297916,24227.6,23850.0,23750,ATM-8,PUT,24150,2026-07-17
2026-07-17 10:09:00+05:30,31.35,31.5,30.75,31.3,67470,3901755,15.390049,24231.95,23850.0,23750,ATM-8,PUT,24150,2026-07-17
2026-07-17 10:10:00+05:30,31.25,32.05,31.2,31.95,48360,3888885,15.465764,24230.65,23850.0,23750,ATM-8,PUT,24150,2026-07-17
2026-07-17 10:11:00+05:30,31.8,32.05,31.5,31.6,50180,3893435,15.473839,24233.25,23850.0,23750,ATM-8,PUT,24150,2026-07-17
2026-07-17 10:12:00+05:30,31.5,31.6,30.55,30.8,102635,3878810,15.506034,24239.9,23850.0,23750,ATM-8,PUT,24150,2026-07-17
2026-07-17 10:13:00+05:30,30.75,31.0,30.45,30.9,105495,3868540,15.675705,24246.1,23850.0,23750,ATM-8,PUT,24150,2026-07-17
2026-07-17 10:14:00+05:30,30.85,31.3,30.8,31.25,61165,3870295,15.582068,24239.85,23850.0,23750,ATM-8,PUT,24150,2026-07-17
2026-07-17 10:15:00+05:30,31.15,31.3,30.8,31.3,801450,3871790,15.735155,24245.7,23850.0,23750,ATM-8,PUT,24150,2026-07-17
2026-07-17 10:16:00+05:30,31.15,31.3,30.65,30.75,135915,4431440,15.679712,24247.15,23850.0,23750,ATM-8,PUT,24150,2026-07-17
2026-07-17 10:17:00+05:30,30.75,30.8,30.1,30.4,212485,4486170,15.780141,24253.65,23850.0,23750,ATM-8,PUT,24150,2026-07-17
2026-07-17 10:18:00+05:30,30.45,30.55,29.3,29.6,425750,4610450,16.145732,24274.45,23850.0,23750,ATM-8,PUT,24150,2026-07-17
2026-07-17 10:19:00+05:30,29.55,30.1,29.35,29.8,291980,4627090,16.169785,24273.95,23850.0,23750,ATM-8,PUT,24150,2026-07-17
2026-07-17 10:20:00+05:30,29.75,30.15,29.5,30.05,319605,4637295,16.041034,24266.75,23850.0,23750,ATM-8,PUT,24150,2026-07-17
2026-07-17 10:21:00+05:30,30.0,30.05,29.4,29.9,220870,4681365,16.05371,24268.3,23850.0,23750,ATM-8,PUT,24150,2026-07-17
2026-07-17 10:22:00+05:30,29.8,30.0,29.25,29.75,237055,4672070,15.900063,24262.95,23850.0,23750,ATM-8,PUT,24150,2026-07-17
2026-07-17 10:23:00+05:30,29.75,29.95,29.65,29.7,155740,4693065,15.792461,24258.8,23850.0,23750,ATM-8,PUT,24150,2026-07-17
2026-07-17 10:24:00+05:30,29.7,30.0,29.65,29.7,105365,4702165,15.716272,24255.6,23850.0,23750,ATM-8,PUT,24150,2026-07-17
2026-07-17 10:25:00+05:30,29.55,30.05,29.5,29.7,120380,4721860,15.91794,24263.9,23850.0,23750,ATM-8,PUT,24150,2026-07-17
2026-07-17 10:26:00+05:30,29.75,29.8,29.45,29.45,64545,4722055,15.920401,24265.75,23850.0,23750,ATM-8,PUT,24150,2026-07-17
2026-07-17 10:27:00+05:30,29.45,29.6,29.25,29.5,62335,4704375,15.975985,24267.65,23850.0,23750,ATM-8,PUT,24150,2026-07-17
2026-07-17 10:28:00+05:30,29.55,29.55,29.0,29.15,118625,4713735,16.051652,24273.3,23850.0,23750,ATM-8,PUT,24150,2026-07-17
2026-07-17 10:29:00+05:30,35.8,35.85,35.2,35.25,297635,7059845,16.009664,24281.55,23900.0,23750,ATM-8,PUT,24150,2026-07-17
2026-07-17 10:30:00+05:30,35.25,35.65,34.9,35.2,460005,7145970,15.94879,24279.4,23900.0,23750,ATM-8,PUT,24150,2026-07-17
2026-07-17 10:31:00+05:30,35.1,35.35,34.75,35.35,294450,7238335,16.066923,24283.1,23900.0,23750,ATM-8,PUT,24150,2026-07-17
2026-07-17 10:32:00+05:30,35.35,35.55,35.1,35.55,283400,7237685,16.152646,24285.2,23900.0,23750,ATM-8,PUT,24150,2026-07-17
2026-07-17 10:33:00+05:30,35.5,36.4,35.5,36.25,315185,7255170,16.123679,24279.65,23900.0,23750,ATM-8,PUT,24150,2026-07-17
2026-07-17 10:34:00+05:30,36.3,36.5,36.2,36.4,117260,7287085,16.266157,24284.3,23900.0,23750,ATM-8,PUT,24150,2026-07-17
2026-07-17 10:35:00+05:30,29.9,30.2,29.85,29.9,104715,4757675,16.164639,24272.2,23850.0,23750,ATM-8,PUT,24150,2026-07-17
2026-07-17 10:36:00+05:30,29.85,30.1,29.7,30.0,79625,4774770,16.190444,24272.5,23850.0,23750,ATM-8,PUT,24150,2026-07-17
2026-07-17 10:37:00+05:30,29.95,30.1,29.85,29.9,54275,4783155,16.04779,24267.25,23850.0,23750,ATM-8,PUT,24150,2026-07-17
2026-07-17 10:38:00+05:30,29.9,30.1,29.4,29.4,72410,4790760,15.975472,24267.8,23850.0,23750,ATM-8,PUT,24150,2026-07-17
2026-07-17 10:39:00+05:30,29.4,29.75,29.35,29.7,88920,4786535,16.015576,24267.25,23850.0,23750,ATM-8,PUT,24150,2026-07-17
2026-07-17 10:40:00+05:30,29.75,29.8,29.2,29.2,49985,4785430,15.958625,24268.45,23850.0,23750,ATM-8,PUT,24150,2026-07-17
2026-07-17 10:41:00+05:30,29.25,29.35,29.05,29.1,48490,4788225,15.997539,24270.75,23850.0,23750,ATM-8,PUT,24150,2026-07-17
2026-07-17 10:42:00+05:30,29.1,29.55,29.05,29.55,41405,4787120,16.041317,24269.25,23850.0,23750,ATM-8,PUT,24150,2026-07-17
2026-07-17 10:43:00+05:30,29.5,30.7,29.45,30.45,205855,4790305,15.685414,24248.15,23850.0,23750,ATM-8,PUT,24150,2026-07-17
2026-07-17 10:44:00+05:30,30.1,30.5,29.7,30.1,189085,4798820,15.893529,24259.1,23850.0,23750,ATM-8,PUT,24150,2026-07-17
2026-07-17 10:45:00+05:30,30.2,30.95,29.95,30.9,99515,4803435,15.889727,24253.3,23850.0,23750,ATM-8,PUT,24150,2026-07-17
2026-07-17 10:46:00+05:30,30.8,31.0,30.3,30.6,112515,4815460,15.820598,24252.5,23850.0,23750,ATM-8,PUT,24150,2026-07-17
2026-07-17 10:47:00+05:30,30.5,30.65,29.95,30.1,68250,4825210,15.782974,24254.4,23850.0,23750,ATM-8,PUT,24150,2026-07-17
2026-07-17 10:48:00+05:30,30.2,30.5,30.0,30.4,46605,4835805,15.815846,24253.6,23850.0,23750,ATM-8,PUT,24150,2026-07-17
2026-07-17 10:49:00+05:30,30.5,30.55,30.0,30.1,75790,4847310,15.675807,24249.9,23850.0,23750,ATM-8,PUT,24150,2026-07-17
2026-07-17 10:50:00+05:30,30.1,30.35,29.4,29.75,116935,4849195,15.645238,24251.05,23850.0,23750,ATM-8,PUT,24150,2026-07-17
2026-07-17 10:51:00+05:30,29.85,30.2,29.75,29.9,64415,4891835,15.619729,24248.9,23850.0,23750,ATM-8,PUT,24150,2026-07-17
2026-07-17 10:52:00+05:30,29.85,30.05,29.5,29.5,57590,4899700,15.621727,24251.75,23850.0,23750,ATM-8,PUT,24150,2026-07-17
2026-07-17 10:53:00+05:30,29.45,29.5,28.8,29.05,124865,4931095,15.652975,24256.2,23850.0,23750,ATM-8,PUT,24150,2026-07-17
2026-07-17 10:54:00+05:30,29.2,29.85,28.95,29.35,180180,4924335,15.690366,24255.55,23850.0,23750,ATM-8,PUT,24150,2026-07-17
2026-07-17 10:55:00+05:30,29.35,29.85,29.35,29.35,22555,4932265,15.720599,24256.75,23850.0,23750,ATM-8,PUT,24150,2026-07-17
2026-07-17 10:56:00+05:30,29.25,29.7,29.0,29.35,55315,4932395,15.700003,24255.85,23850.0,23750,ATM-8,PUT,24150,2026-07-17
2026-07-17 10:57:00+05:30,29.3,29.5,29.15,29.25,45500,4934345,15.699628,24256.5,23850.0,23750,ATM-8,PUT,24150,2026-07-17
2026-07-17 10:58:00+05:30,29.25,29.3,28.7,28.75,51545,4943640,15.644114,24257.75,23850.0,23750,ATM-8,PUT,24150,2026-07-17
2026-07-17 10:59:00+05:30,29.0,29.1,28.65,28.7,33605,4942795,15.618496,24257.0,23850.0,23750,ATM-8,PUT,24150,2026-07-17
2026-07-17 11:00:00+05:30,28.7,28.85,28.25,28.6,93925,4945135,15.672057,24259.9,23850.0,23750,ATM-8,PUT,24150,2026-07-17
2026-07-17 11:01:00+05:30,28.65,28.95,28.5,28.9,50895,4922580,15.646056,24256.6,23850.0,23750,ATM-8,PUT,24150,2026-07-17
2026-07-17 11:02:00+05:30,28.85,29.6,28.85,29.55,50960,4924465,15.564337,24248.55,23850.0,23750,ATM-8,PUT,24150,2026-07-17
2026-07-17 11:03:00+05:30,29.4,29.55,29.15,29.25,51675,4956705,15.552854,24250.15,23850.0,23750,ATM-8,PUT,24150,2026-07-17
2026-07-17 11:04:00+05:30,29.2,29.25,28.8,28.85,54535,4962035,15.678323,24258.15,23850.0,23750,ATM-8,PUT,24150,2026-07-17
2026-07-17 11:05:00+05:30,28.85,28.9,28.5,28.85,79560,4999345,15.777154,24262.2,23850.0,23750,ATM-8,PUT,24150,2026-07-17
2026-07-17 11:06:00+05:30,29.0,29.25,28.65,28.65,44200,4985695,15.736094,24261.9,23850.0,23750,ATM-8,PUT,24150,2026-07-17
2026-07-17 11:07:00+05:30,28.65,30.05,28.55,29.95,61685,4982835,15.580052,24246.15,23850.0,23750,ATM-8,PUT,24150,2026-07-17
2026-07-17 11:08:00+05:30,30.0,30.7,29.95,30.35,137215,5003765,15.457825,24238.35,23850.0,23750,ATM-8,PUT,24150,2026-07-17
2026-07-17 11:09:00+05:30,30.25,30.5,29.75,29.9,68315,5005000,15.469984,24241.9,23850.0,23750,ATM-8,PUT,24150,2026-07-17
2026-07-17 11:10:00+05:30,29.85,30.65,29.8,30.5,57590,5014100,15.498929,24238.9,23850.0,23750,ATM-8,PUT,24150,2026-07-17
2026-07-17 11:11:00+05:30,30.5,30.55,29.9,30.15,85410,5040815,15.486514,24240.75,23850.0,23750,ATM-8,PUT,24150,2026-07-17
2026-07-17 11:12:00+05:30,30.25,30.45,30.0,30.15,39390,5043155,15.510986,24241.7,23850.0,23750,ATM-8,PUT,24150,2026-07-17
2026-07-17 11:13:00+05:30,30.1,31.05,30.1,30.85,96850,5090215,15.536538,24237.9,23850.0,23750,ATM-8,PUT,24150,2026-07-17
2026-07-17 11:14:00+05:30,30.65,31.05,29.9,30.2,98020,5094180,15.374411,24235.7,23850.0,23750,ATM-8,PUT,24150,2026-07-17
2026-07-17 11:15:00+05:30,30.3,30.55,30.1,30.45,33995,5090475,15.497618,24238.95,23850.0,23750,ATM-8,PUT,24150,2026-07-17
2026-07-17 11:16:00+05:30,30.35,31.05,30.3,30.8,80600,5094895,15.468767,24235.35,23850.0,23750,ATM-8,PUT,24150,2026-07-17
2026-07-17 11:17:00+05:30,30.95,30.95,29.85,30.15,111215,5107115,15.462873,24239.5,23850.0,23750,ATM-8,PUT,24150,2026-07-17
2026-07-17 11:18:00+05:30,30.1,30.75,30.1,30.55,27495,5104190,15.467469,24236.9,23850.0,23750,ATM-8,PUT,24150,2026-07-17
2026-07-17 11:19:00+05:30,30.7,30.8,30.0,30.2,69030,5123625,15.526458,24241.65,23850.0,23750,ATM-8,PUT,24150,2026-07-17
2026-07-17 11:20:00+05:30,30.15,30.4,29.95,30.35,54665,5137145,15.55546,24241.75,23850.0,23750,ATM-8,PUT,24150,2026-07-17
2026-07-17 11:21:00+05:30,30.2,30.4,30.0,30.05,42770,5133440,15.504623,24241.7,23850.0,23750,ATM-8,PUT,24150,2026-07-17
2026-07-17 11:22:00+05:30,29.95,30.05,29.25,29.5,84825,5102565,15.601299,24249.45,23850.0,23750,ATM-8,PUT,24150,2026-07-17
2026-07-17 11:23:00+05:30,29.7,30.7,29.5,30.3,40170,5098730,15.469429,24238.45,23850.0,23750,ATM-8,PUT,24150,2026-07-17
2026-07-17 11:24:00+05:30,30.15,30.6,29.65,29.95,56030,5108805,15.601374,24246.2,23850.0,23750,ATM-8,PUT,24150,2026-07-17
2026-07-17 11:25:00+05:30,29.85,30.35,29.7,30.2,43550,5130580,15.559306,24242.7,23850.0,23750,ATM-8,PUT,24150,2026-07-17
2026-07-17 11:26:00+05:30,30.25,30.65,30.0,30.05,58370,5115435,15.50315,24241.4,23850.0,23750,ATM-8,PUT,24150,2026-07-17
2026-07-17 11:27:00+05:30,30.0,30.05,29.55,29.85,59150,5113680,15.521799,24243.5,23850.0,23750,ATM-8,PUT,24150,2026-07-17
2026-07-17 11:28:00+05:30,29.8,30.05,29.7,29.9,20605,5120115,15.57312,24245.2,23850.0,23750,ATM-8,PUT,24150,2026-07-17
2026-07-17 11:29:00+05:30,29.95,30.15,29.4,30.1,49595,5123950,15.554424,24243.0,23850.0,23750,ATM-8,PUT,24150,2026-07-17
2026-07-17 11:30:00+05:30,29.95,30.1,29.55,29.8,68120,5123755,15.532728,24244.15,23850.0,23750,ATM-8,PUT,24150,2026-07-17
2026-07-17 11:31:00+05:30,29.7,29.95,29.5,29.6,34190,5130840,15.549846,24246.2,23850.0,23750,ATM-8,PUT,24150,2026-07-17
2026-07-17 11:32:00+05:30,29.6,29.95,29.5,29.55,64740,5131880,15.460577,24242.85,23850.0,23750,ATM-8,PUT,24150,2026-07-17
2026-07-17 11:33:00+05:30,29.55,29.9,29.15,29.25,58630,5140655,15.559106,24248.95,23850.0,23750,ATM-8,PUT,24150,2026-07-17
2026-07-17 11:34:00+05:30,29.3,29.3,28.5,29.2,127205,5126810,15.640442,24252.6,23850.0,23750,ATM-8,PUT,24150,2026-07-17
2026-07-17 11:35:00+05:30,29.05,29.2,28.6,28.65,51805,5123755,15.68999,24258.55,23850.0,23750,ATM-8,PUT,24150,2026-07-17
2026-07-17 11:36:00+05:30,28.85,29.75,28.65,29.75,66820,5111860,15.695059,24250.85,23850.0,23750,ATM-8,PUT,24150,2026-07-17
2026-07-17 11:37:00+05:30,29.55,30.2,29.35,29.95,58825,5107895,15.633949,24246.9,23850.0,23750,ATM-8,PUT,24150,2026-07-17
2026-07-17 11:38:00+05:30,29.9,29.95,29.15,29.25,213005,5148650,15.619809,24251.2,23850.0,23750,ATM-8,PUT,24150,2026-07-17
2026-07-17 11:39:00+05:30,29.2,29.35,29.05,29.05,35880,5152550,15.728379,24257.05,23850.0,23750,ATM-8,PUT,24150,2026-07-17
2026-07-17 11:40:00+05:30,29.05,29.55,28.9,29.2,68965,5130840,15.790863,24258.5,23850.0,23750,ATM-8,PUT,24150,2026-07-17
2026-07-17 11:41:00+05:30,29.25,29.4,28.9,29.0,96980,5090085,15.873346,24263.3,23850.0,23750,ATM-8,PUT,24150,2026-07-17
2026-07-17 11:42:00+05:30,28.85,29.2,28.75,29.1,31525,5090085,15.846099,24261.4,23850.0,23750,ATM-8,PUT,24150,2026-07-17
2026-07-17 11:43:00+05:30,28.95,29.1,28.7,28.75,50180,5101460,15.802905,24262.1,23850.0,23750,ATM-8,PUT,24150,2026-07-17
2026-07-17 11:44:00+05:30,28.8,28.8,28.25,28.5,58760,5080335,15.882971,24267.2,23850.0,23750,ATM-8,PUT,24150,2026-07-17
2026-07-17 11:45:00+05:30,28.5,28.6,28.1,28.25,47320,5073770,15.94427,24271.55,23850.0,23750,ATM-8,PUT,24150,2026-07-17
2026-07-17 11:46:00+05:30,28.2,28.75,28.15,28.4,61295,5089825,15.912159,24269.05,23850.0,23750,ATM-8,PUT,24150,2026-07-17
2026-07-17 11:47:00+05:30,28.4,28.9,28.4,28.65,39260,5092750,15.89267,24266.35,23850.0,23750,ATM-8,PUT,24150,2026-07-17
2026-07-17 11:48:00+05:30,28.85,28.85,28.3,28.45,30160,5095610,15.889801,24267.65,23850.0,23750,ATM-8,PUT,24150,2026-07-17
2026-07-17 11:49:00+05:30,28.45,28.55,28.25,28.35,26130,5101200,15.873278,24267.65,23850.0,23750,ATM-8,PUT,24150,2026-07-17
2026-07-17 11:50:00+05:30,28.25,28.45,28.1,28.2,42965,5099965,15.918666,24270.6,23850.0,23750,ATM-8,PUT,24150,2026-07-17
2026-07-17 11:51:00+05:30,28.15,28.35,28.0,28.35,91000,5112185,15.988628,24272.35,23850.0,23750,ATM-8,PUT,24150,2026-07-17
2026-07-17 11:52:00+05:30,28.2,28.35,27.85,28.0,26000,5092685,15.963229,24273.85,23850.0,23750,ATM-8,PUT,24150,2026-07-17
2026-07-17 11:53:00+05:30,34.4,34.9,34.0,34.6,193700,7948980,15.93601,24278.7,23900.0,23750,ATM-8,PUT,24150,2026-07-17
2026-07-17 11:54:00+05:30,34.45,34.7,34.3,34.7,80535,7944560,15.960795,24279.0,23900.0,23750,ATM-8,PUT,24150,2026-07-17
2026-07-17 11:55:00+05:30,28.15,28.65,28.05,28.5,54795,5069675,16.079095,24274.8,23850.0,23750,ATM-8,PUT,24150,2026-07-17
2026-07-17 11:56:00+05:30,35.0,35.35,34.65,34.95,123500,7923825,16.03733,24280.35,23900.0,23750,ATM-8,PUT,24150,2026-07-17
2026-07-17 11:57:00+05:30,34.95,35.7,34.85,35.7,193310,7874230,16.13225,24279.35,23900.0,23750,ATM-8,PUT,24150,2026-07-17
2026-07-17 11:58:00+05:30,29.15,29.35,28.65,28.85,57460,5055115,16.149887,24275.0,23850.0,23750,ATM-8,PUT,24150,2026-07-17
2026-07-17 11:59:00+05:30,35.35,35.45,35.1,35.4,33475,7861815,16.049031,24277.85,23900.0,23750,ATM-8,PUT,24150,2026-07-17
2026-07-17 12:00:00+05:30,28.95,29.25,28.6,29.15,36270,5069025,16.106608,24270.9,23850.0,23750,ATM-8,PUT,24150,2026-07-17
2026-07-17 12:01:00+05:30,29.1,29.15,28.75,28.85,91845,5083130,15.988506,24268.15,23850.0,23750,ATM-8,PUT,24150,2026-07-17
2026-07-17 12:02:00+05:30,28.85,29.0,28.75,28.75,29900,5093920,15.951552,24267.3,23850.0,23750,ATM-8,PUT,24150,2026-07-17
2026-07-17 12:03:00+05:30,35.45,35.45,35.0,35.1,86840,7922850,15.946549,24275.5,23900.0,23750,ATM-8,PUT,24150,2026-07-17
2026-07-17 12:04:00+05:30,28.5,28.85,28.45,28.85,35945,5091905,16.153722,24274.85,23850.0,23750,ATM-8,PUT,24150,2026-07-17
2026-07-17 12:05:00+05:30,29.1,29.2,28.85,29.15,54340,5087095,16.193675,24274.25,23850.0,23750,ATM-8,PUT,24150,2026-07-17
2026-07-17 12:06:00+05:30,29.1,29.3,28.95,29.2,46085,5082415,16.047871,24267.8,23850.0,23750,ATM-8,PUT,24150,2026-07-17
2026-07-17 12:07:00+05:30,29.2,29.35,29.0,29.25,45955,5082025,15.950037,24263.35,23850.0,23750,ATM-8,PUT,24150,2026-07-17
2026-07-17 12:08:00+05:30,29.3,29.45,28.85,28.85,54990,5081765,15.995896,24268.1,23850.0,23750,ATM-8,PUT,24150,2026-07-17
2026-07-17 12:09:00+05:30,28.85,29.05,28.55,28.85,58175,5088980,16.144278,24274.2,23850.0,23750,ATM-8,PUT,24150,2026-07-17
2026-07-17 12:10:00+05:30,28.85,29.25,28.65,29.25,129480,5090475,16.211549,24274.0,23850.0,23750,ATM-8,PUT,24150,2026-07-17
2026-07-17 12:11:00+05:30,29.25,29.4,28.95,29.15,57330,5084755,16.135942,24271.55,23850.0,23750,ATM-8,PUT,24150,2026-07-17
2026-07-17 12:12:00+05:30,35.8,36.0,35.4,35.4,88660,8015150,16.015288,24275.9,23900.0,23750,ATM-8,PUT,24150,2026-07-17
2026-07-17 12:13:00+05:30,28.85,29.3,28.75,29.15,18525,5082155,16.113039,24270.5,23850.0,23750,ATM-8,PUT,24150,2026-07-17
2026-07-17 12:14:00+05:30,35.75,35.9,35.1,35.35,38870,8001695,16.026387,24276.55,23900.0,23750,ATM-8,PUT,24150,2026-07-17
2026-07-17 12:15:00+05:30,35.15,35.45,35.1,35.1,39910,8007805,16.088392,24280.5,23900.0,23750,ATM-8,PUT,24150,2026-07-17
2026-07-17 12:16:00+05:30,28.7,29.25,28.65,29.15,38155,5094765,16.2086,24274.3,23850.0,23750,ATM-8,PUT,24150,2026-07-17
2026-07-17 12:17:00+05:30,29.1,29.4,29.0,29.1,26130,5098730,16.15027,24272.2,23850.0,23750,ATM-8,PUT,24150,2026-07-17
2026-07-17 12:18:00+05:30,35.7,35.75,35.2,35.45,56225,7964450,16.024184,24275.65,23900.0,23750,ATM-8,PUT,24150,2026-07-17
2026-07-17 12:19:00+05:30,35.55,35.95,35.45,35.85,53625,7953920,16.08352,24275.45,23900.0,23750,ATM-8,PUT,24150,2026-07-17
2026-07-17 12:20:00+05:30,35.85,36.25,35.5,36.1,204100,7878195,16.259715,24280.75,23900.0,23750,ATM-8,PUT,24150,2026-07-17
2026-07-17 12:21:00+05:30,36.05,36.15,35.85,35.85,48555,7858630,16.189495,24279.5,23900.0,23750,ATM-8,PUT,24150,2026-07-17
2026-07-17 12:22:00+05:30,29.45,29.75,29.35,29.5,47515,5058300,16.219809,24271.9,23850.0,23750,ATM-8,PUT,24150,2026-07-17
2026-07-17 12:23:00+05:30,36.05,36.15,35.55,35.8,49530,7856875,16.22362,24281.05,23900.0,23750,ATM-8,PUT,24150,2026-07-17
2026-07-17 12:24:00+05:30,35.65,36.0,35.55,35.8,255255,7856875,16.242722,24281.75,23900.0,23750,ATM-8,PUT,24150,2026-07-17
2026-07-17 12:25:00+05:30,35.7,36.1,35.45,36.1,356980,7771010,16.213539,24278.7,23900.0,23750,ATM-8,PUT,24150,2026-07-17
2026-07-17 12:26:00+05:30,36.05,36.25,35.8,35.95,152620,7682610,16.155282,24277.3,23900.0,23750,ATM-8,PUT,24150,2026-07-17
2026-07-17 12:27:00+05:30,35.95,35.95,35.5,35.8,29055,7714070,16.164766,24278.55,23900.0,23750,ATM-8,PUT,24150,2026-07-17
2026-07-17 12:28:00+05:30,35.75,36.05,35.6,35.85,90740,7720960,16.157303,24277.9,23900.0,23750,ATM-8,PUT,24150,2026-07-17
2026-07-17 12:29:00+05:30,35.9,36.35,35.85,36.2,35165,7762885,16.207409,24277.65,23900.0,23750,ATM-8,PUT,24150,2026-07-17
2026-07-17 12:30:00+05:30,29.7,30.0,29.65,29.85,89245,5057715,16.35568,24274.55,23850.0,23750,ATM-8,PUT,24150,2026-07-17
2026-07-17 12:31:00+05:30,36.45,36.6,36.1,36.1,58695,7779915,16.180041,24277.1,23900.0,23750,ATM-8,PUT,24150,2026-07-17
2026-07-17 12:32:00+05:30,29.65,29.9,29.55,29.85,19760,5079360,16.338782,24273.75,23850.0,23750,ATM-8,PUT,24150,2026-07-17
2026-07-17 12:33:00+05:30,36.5,36.55,36.15,36.25,93470,7779590,16.291996,24280.45,23900.0,23750,ATM-8,PUT,24150,2026-07-17
2026-07-17 12:34:00+05:30,36.25,36.25,35.85,36.25,79365,7742865,16.311169,24281.15,23900.0,23750,ATM-8,PUT,24150,2026-07-17
2026-07-17 12:35:00+05:30,36.3,36.35,36.05,36.3,26780,7703280,16.324166,24281.3,23900.0,23750,ATM-8,PUT,24150,2026-07-17
2026-07-17 12:36:00+05:30,36.2,36.3,36.0,36.2,23530,7702760,16.318565,24281.65,23900.0,23750,ATM-8,PUT,24150,2026-07-17
2026-07-17 12:37:00+05:30,36.15,36.35,35.8,36.1,64545,7698535,16.233618,24278.9,23900.0,23750,ATM-8,PUT,24150,2026-07-17
2026-07-17 12:38:00+05:30,36.25,36.35,36.0,36.05,52260,7698340,16.216719,24278.5,23900.0,23750,ATM-8,PUT,24150,2026-07-17
2026-07-17 12:39:00+05:30,36.05,36.2,35.75,36.0,25480,7705750,16.190855,24277.75,23900.0,23750,ATM-8,PUT,24150,2026-07-17
2026-07-17 12:40:00+05:30,29.45,29.9,29.35,29.9,29055,5054465,16.182362,24266.55,23850.0,23750,ATM-8,PUT,24150,2026-07-17
2026-07-17 12:41:00+05:30,29.8,29.9,29.25,29.25,87230,5079295,16.130379,24269.05,23850.0,23750,ATM-8,PUT,24150,2026-07-17
2026-07-17 12:42:00+05:30,35.9,36.0,35.4,35.45,91065,7633470,16.168699,24280.15,23900.0,23750,ATM-8,PUT,24150,2026-07-17
2026-07-17 12:43:00+05:30,28.9,29.45,28.9,29.2,16250,5072405,16.268251,24275.0,23850.0,23750,ATM-8,PUT,24150,2026-07-17
2026-07-17 12:44:00+05:30,35.9,35.9,35.5,35.5,52910,7630870,16.099949,24277.05,23900.0,23750,ATM-8,PUT,24150,2026-07-17
2026-07-17 12:45:00+05:30,35.45,35.55,35.0,35.05,157105,7650370,16.193874,24283.5,23900.0,23750,ATM-8,PUT,24150,2026-07-17
2026-07-17 12:46:00+05:30,35.15,35.65,35.05,35.45,59345,7680335,16.227262,24282.25,23900.0,23750,ATM-8,PUT,24150,2026-07-17
2026-07-17 12:47:00+05:30,35.3,35.6,35.2,35.35,29510,7672340,16.322048,24286.55,23900.0,23750,ATM-8,PUT,24150,2026-07-17
2026-07-17 12:48:00+05:30,35.35,35.6,35.05,35.05,32955,7664995,16.292928,24287.25,23900.0,23750,ATM-8,PUT,24150,2026-07-17
2026-07-17 12:49:00+05:30,34.9,35.2,32.3,33.4,721565,7663305,16.196247,24294.0,23900.0,23750,ATM-8,PUT,24150,2026-07-17
2026-07-17 12:50:00+05:30,33.6,35.4,33.4,34.95,214305,7545720,16.186616,24283.6,23900.0,23750,ATM-8,PUT,24150,2026-07-17
2026-07-17 12:51:00+05:30,35.15,35.95,34.95,35.45,468780,7515300,16.210556,24281.35,23900.0,23750,ATM-8,PUT,24150,2026-07-17
2026-07-17 12:52:00+05:30,35.35,36.1,35.3,35.8,89635,7590960,16.226614,24279.75,23900.0,23750,ATM-8,PUT,24150,2026-07-17
2026-07-17 12:53:00+05:30,29.4,29.75,29.25,29.4,56680,4994925,16.255658,24272.5,23850.0,23750,ATM-8,PUT,24150,2026-07-17
2026-07-17 12:54:00+05:30,29.55,30.1,29.4,29.8,82420,5006495,16.361494,24273.9,23850.0,23750,ATM-8,PUT,24150,2026-07-17
2026-07-17 12:55:00+05:30,29.7,30.05,29.05,30.05,72995,5024630,16.340889,24271.2,23850.0,23750,ATM-8,PUT,24150,2026-07-17
2026-07-17 12:56:00+05:30,30.05,30.05,29.35,29.5,37310,5027360,16.326902,24274.55,23850.0,23750,ATM-8,PUT,24150,2026-07-17
2026-07-17 12:57:00+05:30,35.95,36.0,34.7,35.3,123890,7674355,16.168586,24280.35,23900.0,23750,ATM-8,PUT,24150,2026-07-17
2026-07-17 12:58:00+05:30,35.4,35.65,35.0,35.4,53170,7655440,16.150023,24278.95,23900.0,23750,ATM-8,PUT,24150,2026-07-17
2026-07-17 12:59:00+05:30,35.15,35.4,34.9,34.95,65975,7664605,16.190234,24283.3,23900.0,23750,ATM-8,PUT,24150,2026-07-17
2026-07-17 13:00:00+05:30,34.65,35.45,34.5,35.25,80275,7680530,16.226862,24282.8,23900.0,23750,ATM-8,PUT,24150,2026-07-17
2026-07-17 13:01:00+05:30,35.2,35.25,34.35,34.7,54730,7689045,16.163965,24283.75,23900.0,23750,ATM-8,PUT,24150,2026-07-17
2026-07-17 13:02:00+05:30,34.65,35.0,34.45,35.0,47320,7684885,16.083469,24278.65,23900.0,23750,ATM-8,PUT,24150,2026-07-17
2026-07-17 13:03:00+05:30,34.9,35.35,34.55,35.0,64155,7694570,16.137018,24280.7,23900.0,23750,ATM-8,PUT,24150,2026-07-17
2026-07-17 13:04:00+05:30,34.9,35.0,34.6,35.0,22945,7695220,16.11658,24279.85,23900.0,23750,ATM-8,PUT,24150,2026-07-17
2026-07-17 13:05:00+05:30,35.0,35.35,34.9,35.0,30940,7700095,16.14971,24281.1,23900.0,23750,ATM-8,PUT,24150,2026-07-17
2026-07-17 13:06:00+05:30,35.05,35.1,34.55,34.75,34710,7709845,16.183363,24283.95,23900.0,23750,ATM-8,PUT,24150,2026-07-17
2026-07-17 13:07:00+05:30,34.55,35.7,34.55,35.7,55640,7702305,16.144935,24276.45,23900.0,23750,ATM-8,PUT,24150,2026-07-17
2026-07-17 13:08:00+05:30,35.5,35.7,35.2,35.4,66625,7686510,16.182971,24279.75,23900.0,23750,ATM-8,PUT,24150,2026-07-17
2026-07-17 13:09:00+05:30,35.45,35.65,35.2,35.65,41925,7670910,16.179239,24278.0,23900.0,23750,ATM-8,PUT,24150,2026-07-17
2026-07-17 13:10:00+05:30,35.65,35.65,35.1,35.25,26715,7670195,16.155126,24279.5,23900.0,23750,ATM-8,PUT,24150,2026-07-17
2026-07-17 13:11:00+05:30,35.25,35.45,34.85,35.25,32825,7658625,16.151261,24279.3,23900.0,23750,ATM-8,PUT,24150,2026-07-17
2026-07-17 13:12:00+05:30,35.2,35.75,34.95,35.75,18265,7670325,16.182217,24277.35,23900.0,23750,ATM-8,PUT,24150,2026-07-17
2026-07-17 13:13:00+05:30,35.65,35.85,35.1,35.2,33215,7672210,16.072854,24276.45,23900.0,23750,ATM-8,PUT,24150,2026-07-17
2026-07-17 13:14:00+05:30,35.2,35.4,34.9,35.3,59800,7673900,16.246076,24282.55,23900.0,23750,ATM-8,PUT,24150,2026-07-17
2026-07-17 13:15:00+05:30,29.05,30.3,28.8,29.6,87880,5008250,16.304219,24271.9,23850.0,23750,ATM-8,PUT,24150,2026-07-17
2026-07-17 13:16:00+05:30,29.55,29.6,29.2,29.25,57460,5035485,16.265454,24272.8,23850.0,23750,ATM-8,PUT,24150,2026-07-17
2026-07-17 13:17:00+05:30,35.75,36.15,35.6,35.7,65975,7548385,16.130466,24275.4,23900.0,23750,ATM-8,PUT,24150,2026-07-17
2026-07-17 13:18:00+05:30,29.25,29.6,28.9,29.35,44980,5055700,16.279641,24272.55,23850.0,23750,ATM-8,PUT,24150,2026-07-17
2026-07-17 13:19:00+05:30,29.45,29.55,29.1,29.45,20345,5046405,16.342418,24274.35,23850.0,23750,ATM-8,PUT,24150,2026-07-17
2026-07-17 13:20:00+05:30,36.0,36.0,35.2,35.55,78845,7532200,16.159152,24277.3,23900.0,23750,ATM-8,PUT,24150,2026-07-17
2026-07-17 13:21:00+05:30,35.6,35.8,35.4,35.65,40495,7523945,16.180169,24277.45,23900.0,23750,ATM-8,PUT,24150,2026-07-17
2026-07-17 13:22:00+05:30,28.95,29.15,28.8,28.85,41145,5037695,16.239462,24274.35,23850.0,23750,ATM-8,PUT,24150,2026-07-17
2026-07-17 13:23:00+05:30,28.85,29.35,28.75,29.35,50960,5045365,16.200745,24269.05,23850.0,23750,ATM-8,PUT,24150,2026-07-17
2026-07-17 13:24:00+05:30,29.3,29.95,29.2,29.8,75660,5036785,16.21775,24266.45,23850.0,23750,ATM-8,PUT,24150,2026-07-17
2026-07-17 13:25:00+05:30,29.85,30.15,29.0,29.0,131560,5025280,16.131527,24268.65,23850.0,23750,ATM-8,PUT,24150,2026-07-17
2026-07-17 13:26:00+05:30,28.85,29.8,28.85,29.6,41210,5010265,16.149694,24265.0,23850.0,23750,ATM-8,PUT,24150,2026-07-17
2026-07-17 13:27:00+05:30,29.55,29.9,29.5,29.9,23140,5014815,16.126311,24261.85,23850.0,23750,ATM-8,PUT,24150,2026-07-17
2026-07-17 13:28:00+05:30,29.85,30.0,29.6,29.85,53950,5023395,16.089385,24260.65,23850.0,23750,ATM-8,PUT,24150,2026-07-17
2026-07-17 13:29:00+05:30,29.9,29.9,29.0,29.45,44395,5046405,16.183284,24267.3,23850.0,23750,ATM-8,PUT,24150,2026-07-17
2026-07-17 13:30:00+05:30,29.4,29.55,28.85,29.0,41275,5039970,16.164588,24269.75,23850.0,23750,ATM-8,PUT,24150,2026-07-17
2026-07-17 13:31:00+05:30,28.8,29.3,28.6,29.2,53755,5010135,16.159928,24268.05,23850.0,23750,ATM-8,PUT,24150,2026-07-17
2026-07-17 13:32:00+05:30,29.1,29.6,29.0,29.2,41470,5012085,16.123387,24266.5,23850.0,23750,ATM-8,PUT,24150,2026-07-17
2026-07-17 13:33:00+05:30,29.3,29.55,29.2,29.2,37245,5027815,16.06239,24263.95,23850.0,23750,ATM-8,PUT,24150,2026-07-17
2026-07-17 13:34:00+05:30,29.2,29.4,28.95,29.0,40040,5027490,16.07098,24265.7,23850.0,23750,ATM-8,PUT,24150,2026-07-17
2026-07-17 13:35:00+05:30,29.0,29.05,28.7,28.85,32500,5031520,16.091889,24267.6,23850.0,23750,ATM-8,PUT,24150,2026-07-17
2026-07-17 13:36:00+05:30,28.7,28.85,27.9,28.55,78325,5008640,16.093111,24269.8,23850.0,23750,ATM-8,PUT,24150,2026-07-17
2026-07-17 13:37:00+05:30,28.35,29.1,28.35,29.0,53430,4983355,16.050353,24264.7,23850.0,23750,ATM-8,PUT,24150,2026-07-17
2026-07-17 13:38:00+05:30,29.0,29.1,28.6,29.0,69745,4987775,16.078439,24265.8,23850.0,23750,ATM-8,PUT,24150,2026-07-17
2026-07-17 13:39:00+05:30,28.95,29.05,28.55,28.8,18655,5033600,16.13425,24269.5,23850.0,23750,ATM-8,PUT,24150,2026-07-17
2026-07-17 13:40:00+05:30,28.8,30.0,28.8,29.85,89960,5027555,16.045444,24258.25,23850.0,23750,ATM-8,PUT,24150,2026-07-17
2026-07-17 13:41:00+05:30,29.7,30.6,29.35,29.35,177710,5023395,15.870875,24254.65,23850.0,23750,ATM-8,PUT,24150,2026-07-17
2026-07-17 13:42:00+05:30,29.3,30.45,29.2,30.1,141375,5039385,15.91748,24251.2,23850.0,23750,ATM-8,PUT,24150,2026-07-17
2026-07-17 13:43:00+05:30,30.1,30.35,29.5,29.5,98150,4988555,15.744388,24248.35,23850.0,23750,ATM-8,PUT,24150,2026-07-17
2026-07-17 13:44:00+05:30,29.5,30.0,28.95,29.15,85020,5005195,15.829734,24254.25,23850.0,23750,ATM-8,PUT,24150,2026-07-17
2026-07-17 13:45:00+05:30,29.15,29.75,29.15,29.55,49465,4996875,15.855383,24252.4,23850.0,23750,ATM-8,PUT,24150,2026-07-17
2026-07-17 13:46:00+05:30,29.45,30.3,29.2,30.3,116220,5004090,15.805746,24245.1,23850.0,23750,ATM-8,PUT,24150,2026-07-17
2026-07-17 13:47:00+05:30,30.1,30.35,29.7,29.7,239655,4986735,15.545059,24238.7,23850.0,23750,ATM-8,PUT,24150,2026-07-17
2026-07-17 13:48:00+05:30,29.7,29.95,29.0,29.15,177125,4979910,15.657555,24247.05,23850.0,23750,ATM-8,PUT,24150,2026-07-17
2026-07-17 13:49:00+05:30,29.2,29.85,29.05,29.65,69875,4977050,15.569893,24239.95,23850.0,23750,ATM-8,PUT,24150,2026-07-17
2026-07-17 13:50:00+05:30,29.75,30.55,29.6,30.4,175305,4951830,15.377342,24227.05,23850.0,23750,ATM-8,PUT,24150,2026-07-17
2026-07-17 13:51:00+05:30,24.5,25.05,24.3,24.5,882180,8158540,15.304631,24215.95,23800.0,23750,ATM-8,PUT,24150,2026-07-17
2026-07-17 13:52:00+05:30,24.5,24.5,23.8,23.85,290030,8183500,15.332981,24222.35,23800.0,23750,ATM-8,PUT,24150,2026-07-17
2026-07-17 13:53:00+05:30,30.0,30.15,29.05,29.4,120640,4968405,15.265877,24229.25,23850.0,23750,ATM-8,PUT,24150,2026-07-17
2026-07-17 13:54:00+05:30,29.2,29.5,28.45,28.8,135395,4942535,15.232126,24232.0,23850.0,23750,ATM-8,PUT,24150,2026-07-17
2026-07-17 13:55:00+05:30,29.05,29.45,27.95,28.45,171795,4928170,15.283796,24236.5,23850.0,23750,ATM-8,PUT,24150,2026-07-17
2026-07-17 13:56:00+05:30,28.5,29.3,28.45,28.65,111540,4895930,15.227095,24232.75,23850.0,23750,ATM-8,PUT,24150,2026-07-17
2026-07-17 13:57:00+05:30,28.6,28.95,28.15,28.6,126295,4928495,15.243109,24233.7,23850.0,23750,ATM-8,PUT,24150,2026-07-17
2026-07-17 13:58:00+05:30,28.4,28.85,28.15,28.35,85475,4963205,15.297037,24237.6,23850.0,23750,ATM-8,PUT,24150,2026-07-17
2026-07-17 13:59:00+05:30,28.45,28.45,26.5,27.0,316680,4887090,15.364698,24250.1,23850.0,23750,ATM-8,PUT,24150,2026-07-17
2026-07-17 14:00:00+05:30,27.25,27.7,27.0,27.05,111800,4869410,15.343283,24248.8,23850.0,23750,ATM-8,PUT,24150,2026-07-17
2026-07-17 14:01:00+05:30,27.05,27.7,26.95,27.05,120575,4864600,15.295798,24246.8,23850.0,23750,ATM-8,PUT,24150,2026-07-17
2026-07-17 14:02:00+05:30,27.2,27.7,27.0,27.4,52715,4859465,15.281479,24243.6,23850.0,23750,ATM-8,PUT,24150,2026-07-17
2026-07-17 14:03:00+05:30,27.3,27.45,27.0,27.05,72800,4845230,15.28479,24246.25,23850.0,23750,ATM-8,PUT,24150,2026-07-17
2026-07-17 14:04:00+05:30,27.05,27.15,26.5,26.7,79300,4826120,15.322622,24250.35,23850.0,23750,ATM-8,PUT,24150,2026-07-17
2026-07-17 14:05:00+05:30,26.75,26.8,25.75,26.15,117715,4813315,15.328988,24254.7,23850.0,23750,ATM-8,PUT,24150,2026-07-17
2026-07-17 14:06:00+05:30,26.2,26.7,26.05,26.7,58630,4789850,15.30803,24249.65,23850.0,23750,ATM-8,PUT,24150,2026-07-17
2026-07-17 14:07:00+05:30,26.85,26.85,26.25,26.35,58110,4788420,15.279672,24251.05,23850.0,23750,ATM-8,PUT,24150,2026-07-17
2026-07-17 14:08:00+05:30,26.35,26.9,26.25,26.7,57460,4781530,15.345618,24251.1,23850.0,23750,ATM-8,PUT,24150,2026-07-17
2026-07-17 14:09:00+05:30,26.55,26.7,26.35,26.45,33085,4781920,15.346263,24252.95,23850.0,23750,ATM-8,PUT,24150,2026-07-17
2026-07-17 14:10:00+05:30,26.5,26.5,26.1,26.25,65780,4768790,15.336379,24254.0,23850.0,23750,ATM-8,PUT,24150,2026-07-17
2026-07-17 14:11:00+05:30,26.25,26.25,24.85,24.85,193310,4731675,15.34764,24265.25,23850.0,23750,ATM-8,PUT,24150,2026-07-17
2026-07-17 14:12:00+05:30,25.0,25.05,24.05,24.15,210795,4694625,15.366427,24271.6,23850.0,23750,ATM-8,PUT,24150,2026-07-17
2026-07-17 14:13:00+05:30,30.0,30.05,28.85,29.4,359320,7166445,15.20955,24277.25,23900.0,23750,ATM-8,PUT,24150,2026-07-17
2026-07-17 14:14:00+05:30,29.3,29.95,29.15,29.55,400660,7069595,15.318576,24280.55,23900.0,23750,ATM-8,PUT,24150,2026-07-17
2026-07-17 14:15:00+05:30,36.65,36.9,27.75,27.75,912145,4872595,15.342338,24345.4,23950.0,23750,ATM-8,PUT,24150,2026-07-17
2026-07-17 14:16:00+05:30,27.55,30.35,25.95,29.3,1180335,4744220,16.044568,24362.9,23950.0,23750,ATM-8,PUT,24150,2026-07-17
2026-07-17 14:17:00+05:30,29.2,30.65,29.1,29.95,920790,4749290,15.7793,24347.45,23950.0,23750,ATM-8,PUT,24150,2026-07-17
2026-07-17 14:18:00+05:30,30.0,32.25,29.95,30.55,669565,4784780,15.516476,24332.7,23950.0,23750,ATM-8,PUT,24150,2026-07-17
2026-07-17 14:19:00+05:30,25.35,26.25,25.15,26.2,733655,6969040,15.414836,24308.45,23900.0,23750,ATM-8,PUT,24150,2026-07-17
2026-07-17 14:20:00+05:30,26.0,27.65,25.6,27.65,554775,6920420,15.783617,24312.75,23900.0,23750,ATM-8,PUT,24150,2026-07-17
2026-07-17 14:21:00+05:30,27.3,28.85,27.1,28.3,992160,6641895,15.818666,24309.35,23900.0,23750,ATM-8,PUT,24150,2026-07-17
2026-07-17 14:22:00+05:30,28.25,29.45,28.1,29.35,427700,6514820,15.799134,24300.95,23900.0,23750,ATM-8,PUT,24150,2026-07-17
2026-07-17 14:23:00+05:30,29.9,31.0,29.2,31.0,497770,6495970,15.87986,24292.7,23900.0,23750,ATM-8,PUT,24150,2026-07-17
2026-07-17 14:24:00+05:30,30.8,31.0,28.65,28.7,673010,6452615,15.622525,24298.3,23900.0,23750,ATM-8,PUT,24150,2026-07-17
2026-07-17 14:25:00+05:30,28.85,28.95,27.0,28.05,330850,6331845,15.729015,24307.3,23900.0,23750,ATM-8,PUT,24150,2026-07-17
2026-07-17 14:26:00+05:30,28.15,28.15,27.2,27.2,193505,6279455,15.673321,24311.25,23900.0,23750,ATM-8,PUT,24150,2026-07-17
2026-07-17 14:27:00+05:30,27.5,27.55,26.5,26.6,289770,6268925,15.55807,24310.95,23900.0,23750,ATM-8,PUT,24150,2026-07-17
2026-07-17 14:28:00+05:30,26.4,26.6,25.8,26.55,297245,6279325,15.515154,24309.5,23900.0,23750,ATM-8,PUT,24150,2026-07-17
2026-07-17 14:29:00+05:30,27.45,29.3,26.55,28.8,921570,6286735,15.377264,24287.4,23900.0,23750,ATM-8,PUT,24150,2026-07-17
2026-07-17 14:30:00+05:30,28.7,28.8,26.85,27.1,524550,6470685,15.50007,24304.65,23900.0,23750,ATM-8,PUT,24150,2026-07-17
2026-07-17 14:31:00+05:30,27.05,27.8,26.95,27.55,233025,6483295,15.476252,24300.3,23900.0,23750,ATM-8,PUT,24150,2026-07-17
2026-07-17 14:32:00+05:30,27.6,27.85,27.05,27.25,504920,6497855,15.395691,24299.15,23900.0,23750,ATM-8,PUT,24150,2026-07-17
2026-07-17 14:33:00+05:30,27.45,27.8,27.25,27.5,380055,6666660,15.353711,24295.55,23900.0,23750,ATM-8,PUT,24150,2026-07-17
2026-07-17 14:34:00+05:30,27.55,27.85,27.05,27.35,113295,6703580,15.387979,24298.0,23900.0,23750,ATM-8,PUT,24150,2026-07-17
2026-07-17 14:35:00+05:30,27.25,27.6,27.15,27.55,151255,6710535,15.440822,24298.65,23900.0,23750,ATM-8,PUT,24150,2026-07-17
2026-07-17 14:36:00+05:30,27.35,28.1,27.35,27.85,153140,6772545,15.363158,24293.25,23900.0,23750,ATM-8,PUT,24150,2026-07-17
2026-07-17 14:37:00+05:30,28.0,28.2,27.3,27.85,127140,6785610,15.359456,24293.05,23900.0,23750,ATM-8,PUT,24150,2026-07-17
2026-07-17 14:38:00+05:30,28.0,28.3,27.0,27.15,160550,6813950,15.380123,24298.95,23900.0,23750,ATM-8,PUT,24150,2026-07-17
2026-07-17 14:39:00+05:30,27.15,27.45,26.9,27.1,189800,6760260,15.346752,24297.9,23900.0,23750,ATM-8,PUT,24150,2026-07-17
2026-07-17 14:40:00+05:30,27.05,27.45,26.85,27.2,132990,6722495,15.465845,24302.0,23900.0,23750,ATM-8,PUT,24150,2026-07-17
2026-07-17 14:41:00+05:30,27.25,27.6,26.45,26.45,282620,6682065,15.569466,24311.85,23900.0,23750,ATM-8,PUT,24150,2026-07-17
2026-07-17 14:42:00+05:30,26.65,26.9,26.3,26.3,226070,6667050,15.508161,24310.4,23900.0,23750,ATM-8,PUT,24150,2026-07-17
2026-07-17 14:43:00+05:30,26.4,26.4,25.7,26.05,287365,6606860,15.504286,24312.1,23900.0,23750,ATM-8,PUT,24150,2026-07-17
2026-07-17 14:44:00+05:30,26.1,26.1,25.1,25.35,171925,6612840,15.508301,24317.65,23900.0,23750,ATM-8,PUT,24150,2026-07-17
2026-07-17 14:45:00+05:30,25.3,25.7,25.15,25.5,153400,6609460,15.581874,24319.5,23900.0,23750,ATM-8,PUT,24150,2026-07-17
2026-07-17 14:46:00+05:30,31.45,31.95,30.3,30.55,192530,4340050,15.358687,24325.05,23950.0,23750,ATM-8,PUT,24150,2026-07-17
2026-07-17 14:47:00+05:30,24.7,25.2,24.6,24.8,192075,6561360,15.502308,24321.6,23900.0,23750,ATM-8,PUT,24150,2026-07-17
2026-07-17 14:48:00+05:30,24.85,25.5,23.95,24.0,322335,6566950,15.318668,24320.25,23900.0,23750,ATM-8,PUT,24150,2026-07-17
2026-07-17 14:49:00+05:30,24.0,24.1,23.2,23.45,326885,6512220,15.301965,24324.0,23900.0,23750,ATM-8,PUT,24150,2026-07-17
2026-07-17 14:50:00+05:30,23.35,23.95,22.85,23.9,504270,6377605,15.295942,24320.0,23900.0,23750,ATM-8,PUT,24150,2026-07-17
2026-07-17 14:51:00+05:30,23.8,24.3,23.3,24.2,196365,6378515,15.284811,24317.05,23900.0,23750,ATM-8,PUT,24150,2026-07-17
2026-07-17 14:52:00+05:30,24.2,24.3,23.75,24.2,188110,6315920,15.346496,24319.6,23900.0,23750,ATM-8,PUT,24150,2026-07-17
2026-07-17 14:53:00+05:30,24.25,24.35,23.15,23.25,263900,6360445,15.18548,24320.5,23900.0,23750,ATM-8,PUT,24150,2026-07-17
2026-07-17 14:54:00+05:30,23.4,23.9,23.25,23.5,143845,6316960,15.24589,24320.95,23900.0,23750,ATM-8,PUT,24150,2026-07-17
2026-07-17 14:55:00+05:30,29.35,29.95,29.3,29.4,106600,4305860,15.233208,24327.4,23950.0,23750,ATM-8,PUT,24150,2026-07-17
2026-07-17 14:56:00+05:30,23.15,24.35,22.85,24.15,441350,6298305,15.467256,24324.9,23900.0,23750,ATM-8,PUT,24150,2026-07-17
2026-07-17 14:57:00+05:30,24.05,24.6,24.0,24.3,166920,6267690,15.419153,24321.6,23900.0,23750,ATM-8,PUT,24150,2026-07-17
2026-07-17 14:58:00+05:30,24.3,25.05,24.3,24.85,294580,6262685,15.388261,24315.85,23900.0,23750,ATM-8,PUT,24150,2026-07-17
2026-07-17 14:59:00+05:30,24.85,25.0,24.45,24.95,196560,6208540,15.31036,24311.75,23900.0,23750,ATM-8,PUT,24150,2026-07-17
2026-07-17 15:00:00+05:30,24.7,25.0,22.75,23.2,696995,6272175,15.259425,24323.7,23900.0,23750,ATM-8,PUT,24150,2026-07-17
2026-07-17 15:01:00+05:30,28.95,29.45,27.8,29.0,404105,4201340,15.126903,24325.6,23950.0,23750,ATM-8,PUT,24150,2026-07-17
2026-07-17 15:02:00+05:30,23.55,24.35,23.45,23.95,183495,6317740,15.423004,24324.35,23900.0,23750,ATM-8,PUT,24150,2026-07-17
2026-07-17 15:03:00+05:30,24.15,24.4,23.75,24.3,154440,6344260,15.339821,24317.95,23900.0,23750,ATM-8,PUT,24150,2026-07-17
2026-07-17 15:04:00+05:30,24.6,24.6,23.6,23.8,210990,6334185,15.342079,24322.05,23900.0,23750,ATM-8,PUT,24150,2026-07-17
2026-07-17 15:05:00+05:30,29.65,29.8,28.75,28.85,158860,4122690,15.154428,24327.55,23950.0,23750,ATM-8,PUT,24150,2026-07-17
2026-07-17 15:06:00+05:30,28.75,28.85,28.0,28.2,281515,4099030,15.108715,24330.2,23950.0,23750,ATM-8,PUT,24150,2026-07-17
2026-07-17 15:07:00+05:30,28.2,28.45,27.2,27.7,246545,4085835,15.123564,24334.3,23950.0,23750,ATM-8,PUT,24150,2026-07-17
2026-07-17 15:08:00+05:30,27.9,28.4,27.7,27.75,200915,4096365,15.079306,24332.1,23950.0,23750,ATM-8,PUT,24150,2026-07-17
2026-07-17 15:09:00+05:30,27.75,28.1,27.3,27.95,200720,4151485,15.151401,24333.55,23950.0,23750,ATM-8,PUT,24150,2026-07-17
2026-07-17 15:10:00+05:30,28.0,28.8,27.95,28.45,198120,4151550,15.195441,24331.75,23950.0,23750,ATM-8,PUT,24150,2026-07-17
2026-07-17 15:11:00+05:30,28.35,28.5,27.7,27.95,126100,4169685,15.121682,24332.25,23950.0,23750,ATM-8,PUT,24150,2026-07-17
2026-07-17 15:12:00+05:30,28.0,28.0,26.85,27.3,171015,4169945,15.101868,24336.05,23950.0,23750,ATM-8,PUT,24150,2026-07-17
2026-07-17 15:13:00+05:30,27.4,27.9,27.3,27.75,161980,4216420,15.154327,24334.9,23950.0,23750,ATM-8,PUT,24150,2026-07-17
2026-07-17 15:14:00+05:30,27.9,29.2,27.75,28.8,199745,4200430,15.186429,24328.75,23950.0,23750,ATM-8,PUT,24150,2026-07-17
2026-07-17 15:15:00+05:30,23.8,24.85,23.0,24.55,634140,5903885,15.542553,24323.85,23900.0,23750,ATM-8,PUT,24150,2026-07-17
2026-07-17 15:16:00+05:30,24.7,25.3,24.5,24.7,412035,5793970,15.549872,24322.9,23900.0,23750,ATM-8,PUT,24150,2026-07-17
2026-07-17 15:17:00+05:30,30.95,30.95,30.0,30.45,156650,4103515,15.391939,24325.55,23950.0,23750,ATM-8,PUT,24150,2026-07-17
2026-07-17 15:18:00+05:30,30.5,30.5,30.05,30.3,225160,4099290,15.449487,24328.8,23950.0,23750,ATM-8,PUT,24150,2026-07-17
2026-07-17 15:19:00+05:30,30.15,30.85,30.1,30.85,857090,3830515,15.548844,24329.0,23950.0,23750,ATM-8,PUT,24150,2026-07-17
2026-07-17 15:20:00+05:30,31.05,31.7,30.35,30.4,436150,3798145,15.573129,24332.95,23950.0,23750,ATM-8,PUT,24150,2026-07-17
2026-07-17 15:21:00+05:30,30.5,31.05,28.45,28.45,367510,3827525,15.243379,24333.15,23950.0,23750,ATM-8,PUT,24150,2026-07-17
2026-07-17 15:22:00+05:30,28.8,29.9,28.15,29.55,473980,3803605,15.527426,24336.85,23950.0,23750,ATM-8,PUT,24150,2026-07-17
2026-07-17 15:23:00+05:30,29.45,30.2,28.95,29.25,426075,3812055,15.504138,24337.95,23950.0,23750,ATM-8,PUT,24150,2026-07-17
2026-07-17 15:24:00+05:30,29.15,29.65,28.95,29.35,269880,3805945,15.643245,24342.8,23950.0,23750,ATM-8,PUT,24150,2026-07-17
2026-07-17 15:25:00+05:30,29.95,30.95,29.35,30.45,390845,3785080,15.889489,24345.0,23950.0,23750,ATM-8,PUT,24150,2026-07-17
2026-07-17 15:26:00+05:30,30.6,30.75,29.55,30.4,253695,3766555,15.827211,24342.8,23950.0,23750,ATM-8,PUT,24150,2026-07-17
2026-07-17 15:27:00+05:30,30.45,30.7,29.65,30.05,247975,3730155,15.798142,24344.0,23950.0,23750,ATM-8,PUT,24150,2026-07-17
2026-07-17 15:28:00+05:30,29.85,30.15,28.4,28.5,382265,3745170,15.41545,24339.4,23950.0,23750,ATM-8,PUT,24150,2026-07-17
2026-07-17 15:29:00+05:30,28.8,29.0,26.9,27.1,611650,3700385,15.347635,24346.7,23950.0,23750,ATM-8,PUT,24150,2026-07-17
2026-07-17 09:15:00+05:30,325.0,358.6,313.0,358.6,111540,345995,0.0,24151.25,23800.0,23800,ATM-7,CALL,24150,2026-07-17
2026-07-17 09:16:00+05:30,364.75,379.35,358.6,379.35,111670,360750,0.0,24171.0,23800.0,23800,ATM-7,CALL,24150,2026-07-17
2026-07-17 09:17:00+05:30,338.45,345.1,335.25,339.65,32565,114595,0.0,24176.15,23850.0,23800,ATM-7,CALL,24150,2026-07-17
2026-07-17 09:18:00+05:30,340.8,355.0,339.65,353.65,22685,115115,0.0,24187.4,23850.0,23800,ATM-7,CALL,24150,2026-07-17
2026-07-17 09:19:00+05:30,356.4,361.65,350.0,354.85,19305,114465,0.0,24187.85,23850.0,23800,ATM-7,CALL,24150,2026-07-17
2026-07-17 09:20:00+05:30,355.55,361.3,351.8,354.9,20280,120640,0.0,24187.75,23850.0,23800,ATM-7,CALL,24150,2026-07-17
2026-07-17 09:21:00+05:30,354.7,355.6,349.05,350.65,8255,117260,0.0,24185.75,23850.0,23800,ATM-7,CALL,24150,2026-07-17
2026-07-17 09:22:00+05:30,350.25,355.7,349.2,355.4,3835,117065,0.0,24188.75,23850.0,23800,ATM-7,CALL,24150,2026-07-17
2026-07-17 09:23:00+05:30,355.85,357.0,350.4,350.4,5850,117520,0.0,24186.15,23850.0,23800,ATM-7,CALL,24150,2026-07-17
2026-07-17 09:24:00+05:30,354.15,360.0,350.0,359.25,5200,118365,0.0,24191.9,23850.0,23800,ATM-7,CALL,24150,2026-07-17
2026-07-17 09:25:00+05:30,359.15,368.15,359.15,365.35,12350,116870,0.0,24198.85,23850.0,23800,ATM-7,CALL,24150,2026-07-17
2026-07-17 09:26:00+05:30,367.2,369.0,361.7,362.9,3770,114270,0.0,24199.8,23850.0,23800,ATM-7,CALL,24150,2026-07-17
2026-07-17 09:27:00+05:30,362.0,371.0,360.9,368.9,7540,114725,0.0,24202.85,23850.0,23800,ATM-7,CALL,24150,2026-07-17
2026-07-17 09:28:00+05:30,367.4,368.9,366.05,368.7,5590,113685,0.0,24204.8,23850.0,23800,ATM-7,CALL,24150,2026-07-17
2026-07-17 09:29:00+05:30,367.55,374.65,367.1,374.65,5785,114790,0.0,24210.0,23850.0,23800,ATM-7,CALL,24150,2026-07-17
2026-07-17 09:30:00+05:30,375.0,376.6,363.35,366.0,8190,114270,0.0,24203.7,23850.0,23800,ATM-7,CALL,24150,2026-07-17
2026-07-17 09:31:00+05:30,366.4,368.65,359.1,359.65,5720,114725,0.0,24196.85,23850.0,23800,ATM-7,CALL,24150,2026-07-17
2026-07-17 09:32:00+05:30,359.95,366.55,355.3,366.55,7605,114530,0.0,24205.2,23850.0,23800,ATM-7,CALL,24150,2026-07-17
2026-07-17 09:33:00+05:30,372.0,373.05,366.55,370.5,1690,117585,0.0,24210.7,23850.0,23800,ATM-7,CALL,24150,2026-07-17
2026-07-17 09:34:00+05:30,372.75,376.75,366.0,366.0,3900,117585,0.0,24206.6,23850.0,23800,ATM-7,CALL,24150,2026-07-17
2026-07-17 09:35:00+05:30,366.75,368.15,364.8,368.15,4160,118040,0.0,24207.05,23850.0,23800,ATM-7,CALL,24150,2026-07-17
2026-07-17 09:36:00+05:30,367.45,368.15,362.0,367.9,4875,120770,0.0,24209.4,23850.0,23800,ATM-7,CALL,24150,2026-07-17
2026-07-17 09:37:00+05:30,368.05,374.75,365.0,374.75,1625,122330,0.0,24216.25,23850.0,23800,ATM-7,CALL,24150,2026-07-17
2026-07-17 09:38:00+05:30,375.0,379.1,372.9,376.9,3705,122655,0.0,24221.55,23850.0,23800,ATM-7,CALL,24150,2026-07-17
2026-07-17 09:39:00+05:30,377.4,379.05,373.0,373.65,24830,132080,0.0,24219.15,23850.0,23800,ATM-7,CALL,24150,2026-07-17
2026-07-17 09:40:00+05:30,373.0,379.4,373.0,376.95,1430,133900,0.0,24221.05,23850.0,23800,ATM-7,CALL,24150,2026-07-17
2026-07-17 09:41:00+05:30,376.05,378.65,374.5,376.4,1560,134485,0.0,24222.2,23850.0,23800,ATM-7,CALL,24150,2026-07-17
2026-07-17 09:42:00+05:30,376.25,379.6,376.2,378.7,3315,135070,0.0,24224.7,23850.0,23800,ATM-7,CALL,24150,2026-07-17
2026-07-17 09:43:00+05:30,335.3,339.95,334.95,338.4,24180,693875,0.0,24225.15,23900.0,23800,ATM-7,CALL,24150,2026-07-17
2026-07-17 09:44:00+05:30,340.8,345.55,333.4,341.05,45500,672360,0.0,24231.3,23900.0,23800,ATM-7,CALL,24150,2026-07-17
2026-07-17 09:45:00+05:30,341.8,353.7,341.05,345.0,84110,661830,0.0,24234.5,23900.0,23800,ATM-7,CALL,24150,2026-07-17
2026-07-17 09:46:00+05:30,347.25,351.05,343.0,347.45,21385,669825,0.0,24241.45,23900.0,23800,ATM-7,CALL,24150,2026-07-17
2026-07-17 09:47:00+05:30,347.8,353.2,344.15,344.65,24700,667810,0.0,24236.35,23900.0,23800,ATM-7,CALL,24150,2026-07-17
2026-07-17 09:48:00+05:30,346.0,350.4,343.35,350.4,13780,670280,0.0,24240.05,23900.0,23800,ATM-7,CALL,24150,2026-07-17
2026-07-17 09:49:00+05:30,347.5,350.4,343.1,345.5,8970,673335,0.0,24236.85,23900.0,23800,ATM-7,CALL,24150,2026-07-17
2026-07-17 09:50:00+05:30,345.6,351.1,345.5,349.95,15275,673855,0.0,24243.2,23900.0,23800,ATM-7,CALL,24150,2026-07-17
2026-07-17 09:51:00+05:30,348.85,349.95,336.1,336.95,20215,674830,0.0,24228.9,23900.0,23800,ATM-7,CALL,24150,2026-07-17
2026-07-17 09:52:00+05:30,338.8,340.25,336.1,336.1,17160,677235,0.0,24229.95,23900.0,23800,ATM-7,CALL,24150,2026-07-17
2026-07-17 09:53:00+05:30,337.0,342.5,336.1,342.5,7410,676650,0.0,24233.1,23900.0,23800,ATM-7,CALL,24150,2026-07-17
2026-07-17 09:54:00+05:30,343.1,351.45,341.85,348.0,22945,679900,0.0,24240.0,23900.0,23800,ATM-7,CALL,24150,2026-07-17
2026-07-17 09:55:00+05:30,346.5,348.0,338.0,338.0,36530,679510,0.0,24230.2,23900.0,23800,ATM-7,CALL,24150,2026-07-17
2026-07-17 09:56:00+05:30,380.15,380.25,372.0,373.75,2210,128960,0.0,24223.1,23850.0,23800,ATM-7,CALL,24150,2026-07-17
2026-07-17 09:57:00+05:30,375.75,375.75,368.55,371.45,2470,129285,0.0,24219.35,23850.0,23800,ATM-7,CALL,24150,2026-07-17
2026-07-17 09:58:00+05:30,329.25,337.2,327.6,337.2,15210,687115,0.0,24229.05,23900.0,23800,ATM-7,CALL,24150,2026-07-17
2026-07-17 09:59:00+05:30,338.0,339.4,334.25,339.4,10465,690365,0.0,24228.85,23900.0,23800,ATM-7,CALL,24150,2026-07-17
2026-07-17 10:00:00+05:30,383.45,383.45,371.0,371.0,2275,129285,0.0,24221.65,23850.0,23800,ATM-7,CALL,24150,2026-07-17
2026-07-17 10:01:00+05:30,370.6,374.8,359.95,362.9,7345,129220,0.0,24212.35,23850.0,23800,ATM-7,CALL,24150,2026-07-17
2026-07-17 10:02:00+05:30,365.05,366.55,362.9,366.45,8320,129220,0.0,24215.9,23850.0,23800,ATM-7,CALL,24150,2026-07-17
2026-07-17 10:03:00+05:30,365.1,367.1,363.1,363.1,3315,131820,0.0,24214.95,23850.0,23800,ATM-7,CALL,24150,2026-07-17
2026-07-17 10:04:00+05:30,365.2,367.5,360.0,363.85,2015,132080,0.0,24214.5,23850.0,23800,ATM-7,CALL,24150,2026-07-17
2026-07-17 10:05:00+05:30,363.3,373.6,363.3,372.1,2795,132405,0.0,24221.3,23850.0,23800,ATM-7,CALL,24150,2026-07-17
2026-07-17 10:06:00+05:30,372.05,375.0,370.05,370.05,3315,133185,0.0,24222.7,23850.0,23800,ATM-7,CALL,24150,2026-07-17
2026-07-17 10:07:00+05:30,327.5,331.8,327.5,331.8,9360,700180,0.0,24225.65,23900.0,23800,ATM-7,CALL,24150,2026-07-17
2026-07-17 10:08:00+05:30,330.95,333.4,328.2,333.4,8775,700375,0.0,24227.6,23900.0,23800,ATM-7,CALL,24150,2026-07-17
2026-07-17 10:09:00+05:30,334.35,340.3,333.4,335.0,27820,689585,0.0,24231.95,23900.0,23800,ATM-7,CALL,24150,2026-07-17
2026-07-17 10:10:00+05:30,335.7,336.0,333.0,333.9,7280,691405,0.0,24230.65,23900.0,23800,ATM-7,CALL,24150,2026-07-17
2026-07-17 10:11:00+05:30,333.05,335.65,332.45,334.8,12155,690170,0.0,24233.25,23900.0,23800,ATM-7,CALL,24150,2026-07-17
2026-07-17 10:12:00+05:30,336.0,346.5,334.8,346.5,22295,687050,0.0,24239.9,23900.0,23800,ATM-7,CALL,24150,2026-07-17
2026-07-17 10:13:00+05:30,346.65,350.95,345.8,347.0,28275,681135,0.0,24246.1,23900.0,23800,ATM-7,CALL,24150,2026-07-17
2026-07-17 10:14:00+05:30,347.65,347.65,340.4,341.35,10140,675675,0.0,24239.85,23900.0,23800,ATM-7,CALL,24150,2026-07-17
2026-07-17 10:15:00+05:30,341.2,348.9,340.85,347.6,6305,676910,0.0,24245.7,23900.0,23800,ATM-7,CALL,24150,2026-07-17
2026-07-17 10:16:00+05:30,348.65,351.55,347.6,349.0,12675,676130,0.0,24247.15,23900.0,23800,ATM-7,CALL,24150,2026-07-17
2026-07-17 10:17:00+05:30,348.8,362.0,348.4,360.15,27105,673335,0.0,24253.65,23900.0,23800,ATM-7,CALL,24150,2026-07-17
2026-07-17 10:18:00+05:30,358.1,396.15,358.1,391.85,89050,660660,0.0,24274.45,23900.0,23800,ATM-7,CALL,24150,2026-07-17
2026-07-17 10:19:00+05:30,392.5,394.7,378.6,383.0,48620,626990,0.0,24273.95,23900.0,23800,ATM-7,CALL,24150,2026-07-17
2026-07-17 10:20:00+05:30,383.05,388.35,376.2,376.3,19825,618605,0.0,24266.75,23900.0,23800,ATM-7,CALL,24150,2026-07-17
2026-07-17 10:21:00+05:30,375.05,380.55,373.1,375.0,19175,613860,0.0,24268.3,23900.0,23800,ATM-7,CALL,24150,2026-07-17
2026-07-17 10:22:00+05:30,375.0,376.85,371.5,372.25,6825,617435,0.0,24262.95,23900.0,23800,ATM-7,CALL,24150,2026-07-17
2026-07-17 10:23:00+05:30,371.0,372.25,367.4,368.9,6110,616655,0.0,24258.8,23900.0,23800,ATM-7,CALL,24150,2026-07-17
2026-07-17 10:24:00+05:30,367.9,369.2,364.55,369.0,6110,616655,0.0,24255.6,23900.0,23800,ATM-7,CALL,24150,2026-07-17
2026-07-17 10:25:00+05:30,370.0,374.1,365.75,374.0,9620,616265,0.0,24263.9,23900.0,23800,ATM-7,CALL,24150,2026-07-17
2026-07-17 10:26:00+05:30,373.9,374.0,369.65,373.0,10075,617435,0.0,24265.75,23900.0,23800,ATM-7,CALL,24150,2026-07-17
2026-07-17 10:27:00+05:30,373.9,378.0,371.7,374.15,9750,616460,0.0,24267.65,23900.0,23800,ATM-7,CALL,24150,2026-07-17
2026-07-17 10:28:00+05:30,374.7,381.8,374.15,380.0,12025,616070,0.0,24273.3,23900.0,23800,ATM-7,CALL,24150,2026-07-17
2026-07-17 10:29:00+05:30,338.6,348.35,337.95,346.7,5850,412490,0.0,24281.55,23950.0,23800,ATM-7,CALL,24150,2026-07-17
2026-07-17 10:30:00+05:30,345.95,347.1,339.45,344.8,13065,411645,0.0,24279.4,23950.0,23800,ATM-7,CALL,24150,2026-07-17
2026-07-17 10:31:00+05:30,345.0,349.2,344.8,349.2,14365,412035,0.0,24283.1,23950.0,23800,ATM-7,CALL,24150,2026-07-17
2026-07-17 10:32:00+05:30,349.95,357.1,348.0,348.05,11830,407810,0.0,24285.2,23950.0,23800,ATM-7,CALL,24150,2026-07-17
2026-07-17 10:33:00+05:30,347.7,348.05,340.8,345.0,6695,406965,0.0,24279.65,23950.0,23800,ATM-7,CALL,24150,2026-07-17
2026-07-17 10:34:00+05:30,344.85,350.45,344.2,350.45,3055,408070,0.0,24284.3,23950.0,23800,ATM-7,CALL,24150,2026-07-17
2026-07-17 10:35:00+05:30,392.65,392.65,376.0,377.75,9945,597870,0.0,24272.2,23900.0,23800,ATM-7,CALL,24150,2026-07-17
2026-07-17 10:36:00+05:30,377.55,379.2,375.0,377.6,8320,598650,0.0,24272.5,23900.0,23800,ATM-7,CALL,24150,2026-07-17
2026-07-17 10:37:00+05:30,378.0,378.3,371.4,371.7,5525,599105,0.0,24267.25,23900.0,23800,ATM-7,CALL,24150,2026-07-17
2026-07-17 10:38:00+05:30,371.25,374.3,368.15,372.6,6955,601120,0.0,24267.8,23900.0,23800,ATM-7,CALL,24150,2026-07-17
2026-07-17 10:39:00+05:30,373.3,375.6,372.0,372.15,7995,602615,0.0,24267.25,23900.0,23800,ATM-7,CALL,24150,2026-07-17
2026-07-17 10:40:00+05:30,370.3,374.15,369.85,374.15,5395,604175,0.0,24268.45,23900.0,23800,ATM-7,CALL,24150,2026-07-17
2026-07-17 10:41:00+05:30,374.15,375.5,372.35,375.45,3965,604630,0.0,24270.75,23900.0,23800,ATM-7,CALL,24150,2026-07-17
2026-07-17 10:42:00+05:30,375.05,377.2,372.05,373.0,5330,606710,0.0,24269.25,23900.0,23800,ATM-7,CALL,24150,2026-07-17
2026-07-17 10:43:00+05:30,373.45,373.45,356.4,356.65,20800,607880,0.0,24248.15,23900.0,23800,ATM-7,CALL,24150,2026-07-17
2026-07-17 10:44:00+05:30,360.05,365.3,356.65,362.4,17745,611975,0.0,24259.1,23900.0,23800,ATM-7,CALL,24150,2026-07-17
2026-07-17 10:45:00+05:30,362.1,364.2,353.55,353.55,14560,617630,0.0,24253.3,23900.0,23800,ATM-7,CALL,24150,2026-07-17
2026-07-17 10:46:00+05:30,354.0,357.05,352.65,355.5,15990,616330,0.0,24252.5,23900.0,23800,ATM-7,CALL,24150,2026-07-17
2026-07-17 10:47:00+05:30,356.15,362.0,355.15,361.45,9165,618735,0.0,24254.4,23900.0,23800,ATM-7,CALL,24150,2026-07-17
2026-07-17 10:48:00+05:30,360.0,361.45,355.0,355.0,5460,621920,0.0,24253.6,23900.0,23800,ATM-7,CALL,24150,2026-07-17
2026-07-17 10:49:00+05:30,355.0,356.4,352.05,352.7,4550,621725,0.0,24249.9,23900.0,23800,ATM-7,CALL,24150,2026-07-17
2026-07-17 10:50:00+05:30,352.6,356.0,351.0,355.1,6305,624000,0.0,24251.05,23900.0,23800,ATM-7,CALL,24150,2026-07-17
2026-07-17 10:51:00+05:30,353.95,355.1,348.9,350.0,4355,624065,0.0,24248.9,23900.0,23800,ATM-7,CALL,24150,2026-07-17
2026-07-17 10:52:00+05:30,350.2,353.65,347.0,353.5,4680,624455,0.0,24251.75,23900.0,23800,ATM-7,CALL,24150,2026-07-17
2026-07-17 10:53:00+05:30,355.0,360.65,353.5,358.4,10725,624455,0.0,24256.2,23900.0,23800,ATM-7,CALL,24150,2026-07-17
2026-07-17 10:54:00+05:30,357.85,359.0,349.65,353.0,11375,628420,0.0,24255.55,23900.0,23800,ATM-7,CALL,24150,2026-07-17
2026-07-17 10:55:00+05:30,353.0,354.0,349.25,354.0,4680,630305,0.0,24256.75,23900.0,23800,ATM-7,CALL,24150,2026-07-17
2026-07-17 10:56:00+05:30,355.0,360.15,352.3,357.1,6955,628940,0.0,24255.85,23900.0,23800,ATM-7,CALL,24150,2026-07-17
2026-07-17 10:57:00+05:30,358.0,358.0,354.0,355.0,1560,627900,0.0,24256.5,23900.0,23800,ATM-7,CALL,24150,2026-07-17
2026-07-17 10:58:00+05:30,355.05,360.0,355.0,359.5,2600,626860,0.0,24257.75,23900.0,23800,ATM-7,CALL,24150,2026-07-17
2026-07-17 10:59:00+05:30,360.0,360.0,357.35,358.25,2470,626275,0.0,24257.0,23900.0,23800,ATM-7,CALL,24150,2026-07-17
2026-07-17 11:00:00+05:30,356.7,363.5,356.7,362.0,9685,625300,0.0,24259.9,23900.0,23800,ATM-7,CALL,24150,2026-07-17
2026-07-17 11:01:00+05:30,360.3,363.0,356.2,356.2,4615,623220,0.0,24256.6,23900.0,23800,ATM-7,CALL,24150,2026-07-17
2026-07-17 11:02:00+05:30,356.2,356.2,348.6,349.2,6955,623155,0.0,24248.55,23900.0,23800,ATM-7,CALL,24150,2026-07-17
2026-07-17 11:03:00+05:30,349.45,354.75,349.2,352.9,8385,627445,0.0,24250.15,23900.0,23800,ATM-7,CALL,24150,2026-07-17
2026-07-17 11:04:00+05:30,353.9,359.0,352.9,359.0,6565,625430,0.0,24258.15,23900.0,23800,ATM-7,CALL,24150,2026-07-17
2026-07-17 11:05:00+05:30,359.0,363.8,359.0,362.95,9880,623285,0.0,24262.2,23900.0,23800,ATM-7,CALL,24150,2026-07-17
2026-07-17 11:06:00+05:30,359.65,362.95,357.3,361.0,2535,622245,0.0,24261.9,23900.0,23800,ATM-7,CALL,24150,2026-07-17
2026-07-17 11:07:00+05:30,360.85,362.5,347.55,347.55,4810,622505,0.0,24246.15,23900.0,23800,ATM-7,CALL,24150,2026-07-17
2026-07-17 11:08:00+05:30,346.25,348.5,339.75,344.4,26000,623675,0.0,24238.35,23900.0,23800,ATM-7,CALL,24150,2026-07-17
2026-07-17 11:09:00+05:30,344.6,346.65,341.75,346.15,2665,620490,0.0,24241.9,23900.0,23800,ATM-7,CALL,24150,2026-07-17
2026-07-17 11:10:00+05:30,345.0,346.2,340.05,342.35,5785,621205,0.0,24238.9,23900.0,23800,ATM-7,CALL,24150,2026-07-17
2026-07-17 11:11:00+05:30,340.7,346.1,340.7,346.0,3380,620165,0.0,24240.75,23900.0,23800,ATM-7,CALL,24150,2026-07-17
2026-07-17 11:12:00+05:30,344.55,346.0,342.85,345.65,3055,619970,0.0,24241.7,23900.0,23800,ATM-7,CALL,24150,2026-07-17
2026-07-17 11:13:00+05:30,345.0,345.65,337.7,340.05,7930,620620,0.0,24237.9,23900.0,23800,ATM-7,CALL,24150,2026-07-17
2026-07-17 11:14:00+05:30,338.75,345.4,338.75,343.9,5330,618540,0.0,24235.7,23900.0,23800,ATM-7,CALL,24150,2026-07-17
2026-07-17 11:15:00+05:30,342.2,345.75,342.0,342.9,2275,618735,0.0,24238.95,23900.0,23800,ATM-7,CALL,24150,2026-07-17
2026-07-17 11:16:00+05:30,343.3,343.3,338.0,338.45,10140,619450,0.0,24235.35,23900.0,23800,ATM-7,CALL,24150,2026-07-17
2026-07-17 11:17:00+05:30,338.95,343.35,338.35,340.0,6110,619060,0.0,24239.5,23900.0,23800,ATM-7,CALL,24150,2026-07-17
2026-07-17 11:18:00+05:30,339.8,340.0,335.0,336.0,7280,620880,0.0,24236.9,23900.0,23800,ATM-7,CALL,24150,2026-07-17
2026-07-17 11:19:00+05:30,335.8,340.95,334.9,340.0,10205,622440,0.0,24241.65,23900.0,23800,ATM-7,CALL,24150,2026-07-17
2026-07-17 11:20:00+05:30,339.9,341.0,339.4,339.7,3965,624130,0.0,24241.75,23900.0,23800,ATM-7,CALL,24150,2026-07-17
2026-07-17 11:21:00+05:30,340.3,340.45,339.0,340.05,4290,624195,0.0,24241.7,23900.0,23800,ATM-7,CALL,24150,2026-07-17
2026-07-17 11:22:00+05:30,341.35,349.2,340.05,346.85,18655,616395,0.0,24249.45,23900.0,23800,ATM-7,CALL,24150,2026-07-17
2026-07-17 11:23:00+05:30,343.75,346.85,336.4,338.0,4745,615225,0.0,24238.45,23900.0,23800,ATM-7,CALL,24150,2026-07-17
2026-07-17 11:24:00+05:30,338.0,346.45,336.0,345.0,4420,614835,0.0,24246.2,23900.0,23800,ATM-7,CALL,24150,2026-07-17
2026-07-17 11:25:00+05:30,346.0,346.0,339.85,343.45,1495,614965,0.0,24242.7,23900.0,23800,ATM-7,CALL,24150,2026-07-17
2026-07-17 11:26:00+05:30,340.4,343.45,338.0,342.0,2470,615030,0.0,24241.4,23900.0,23800,ATM-7,CALL,24150,2026-07-17
2026-07-17 11:27:00+05:30,343.0,345.65,341.6,343.9,6955,613405,0.0,24243.5,23900.0,23800,ATM-7,CALL,24150,2026-07-17
2026-07-17 11:28:00+05:30,344.0,344.0,341.3,343.0,2405,613275,0.0,24245.2,23900.0,23800,ATM-7,CALL,24150,2026-07-17
2026-07-17 11:29:00+05:30,345.0,348.95,341.9,342.4,6110,611780,0.0,24243.0,23900.0,23800,ATM-7,CALL,24150,2026-07-17
2026-07-17 11:30:00+05:30,344.0,345.0,341.7,343.6,3315,610610,0.0,24244.15,23900.0,23800,ATM-7,CALL,24150,2026-07-17
2026-07-17 11:31:00+05:30,343.15,345.25,341.0,344.0,1625,610090,0.0,24246.2,23900.0,23800,ATM-7,CALL,24150,2026-07-17
2026-07-17 11:32:00+05:30,345.0,345.35,341.6,343.6,1885,609895,0.0,24242.85,23900.0,23800,ATM-7,CALL,24150,2026-07-17
2026-07-17 11:33:00+05:30,345.7,346.55,341.0,346.55,37180,630890,0.0,24248.95,23900.0,23800,ATM-7,CALL,24150,2026-07-17
2026-07-17 11:34:00+05:30,347.0,354.2,346.55,348.85,32825,636935,0.0,24252.6,23900.0,23800,ATM-7,CALL,24150,2026-07-17
2026-07-17 11:35:00+05:30,350.0,355.85,348.85,355.35,15795,642850,0.0,24258.55,23900.0,23800,ATM-7,CALL,24150,2026-07-17
2026-07-17 11:36:00+05:30,354.0,357.35,347.2,348.6,13780,641225,0.0,24250.85,23900.0,23800,ATM-7,CALL,24150,2026-07-17
2026-07-17 11:37:00+05:30,350.8,351.2,343.2,344.35,16835,643370,0.0,24246.9,23900.0,23800,ATM-7,CALL,24150,2026-07-17
2026-07-17 11:38:00+05:30,346.6,351.2,344.35,351.2,6110,642395,0.0,24251.2,23900.0,23800,ATM-7,CALL,24150,2026-07-17
2026-07-17 11:39:00+05:30,352.2,355.7,351.1,355.7,3185,641355,0.0,24257.05,23900.0,23800,ATM-7,CALL,24150,2026-07-17
2026-07-17 11:40:00+05:30,355.7,356.35,352.0,355.5,12740,644995,0.0,24258.5,23900.0,23800,ATM-7,CALL,24150,2026-07-17
2026-07-17 11:41:00+05:30,358.6,361.95,355.5,360.3,14690,641810,0.0,24263.3,23900.0,23800,ATM-7,CALL,24150,2026-07-17
2026-07-17 11:42:00+05:30,362.0,362.35,356.8,357.0,14040,638105,0.0,24261.4,23900.0,23800,ATM-7,CALL,24150,2026-07-17
2026-07-17 11:43:00+05:30,357.9,361.35,356.75,360.0,4680,639210,0.0,24262.1,23900.0,23800,ATM-7,CALL,24150,2026-07-17
2026-07-17 11:44:00+05:30,360.0,365.9,360.0,361.4,8580,635505,0.0,24267.2,23900.0,23800,ATM-7,CALL,24150,2026-07-17
2026-07-17 11:45:00+05:30,363.0,367.15,361.4,366.2,13065,634855,0.0,24271.55,23900.0,23800,ATM-7,CALL,24150,2026-07-17
2026-07-17 11:46:00+05:30,365.95,366.2,361.35,364.2,75530,675675,0.0,24269.05,23900.0,23800,ATM-7,CALL,24150,2026-07-17
2026-07-17 11:47:00+05:30,362.05,364.2,359.0,362.0,16900,667940,0.0,24266.35,23900.0,23800,ATM-7,CALL,24150,2026-07-17
2026-07-17 11:48:00+05:30,361.85,365.0,361.0,362.05,66365,629785,0.0,24267.65,23900.0,23800,ATM-7,CALL,24150,2026-07-17
2026-07-17 11:49:00+05:30,363.75,364.0,362.0,362.45,3055,629915,0.0,24267.65,23900.0,23800,ATM-7,CALL,24150,2026-07-17
2026-07-17 11:50:00+05:30,363.75,364.0,361.7,362.9,1950,630240,0.0,24270.6,23900.0,23800,ATM-7,CALL,24150,2026-07-17
2026-07-17 11:51:00+05:30,364.0,368.0,362.9,365.0,4095,629850,0.0,24272.35,23900.0,23800,ATM-7,CALL,24150,2026-07-17
2026-07-17 11:52:00+05:30,365.6,371.8,365.0,371.55,8645,628615,0.0,24273.85,23900.0,23800,ATM-7,CALL,24150,2026-07-17
2026-07-17 11:53:00+05:30,330.45,334.15,327.6,331.5,13195,415090,0.0,24278.7,23950.0,23800,ATM-7,CALL,24150,2026-07-17
2026-07-17 11:54:00+05:30,331.85,333.35,329.2,330.9,8320,416520,0.0,24279.0,23950.0,23800,ATM-7,CALL,24150,2026-07-17
2026-07-17 11:55:00+05:30,373.0,373.25,367.25,367.25,9815,574145,0.0,24274.8,23900.0,23800,ATM-7,CALL,24150,2026-07-17
2026-07-17 11:56:00+05:30,324.8,333.3,322.05,331.0,5655,415350,0.0,24280.35,23950.0,23800,ATM-7,CALL,24150,2026-07-17
2026-07-17 11:57:00+05:30,330.55,333.2,329.7,331.55,3770,415805,0.0,24279.35,23950.0,23800,ATM-7,CALL,24150,2026-07-17
2026-07-17 11:58:00+05:30,371.2,373.2,366.0,368.25,4680,571740,0.0,24275.0,23900.0,23800,ATM-7,CALL,24150,2026-07-17
2026-07-17 11:59:00+05:30,325.2,327.0,325.0,327.0,260,415805,0.0,24277.85,23950.0,23800,ATM-7,CALL,24150,2026-07-17
2026-07-17 12:00:00+05:30,367.85,371.0,359.5,361.0,7540,561535,0.0,24270.9,23900.0,23800,ATM-7,CALL,24150,2026-07-17
2026-07-17 12:01:00+05:30,361.05,364.1,358.4,360.0,5005,563030,0.0,24268.15,23900.0,23800,ATM-7,CALL,24150,2026-07-17
2026-07-17 12:02:00+05:30,360.65,360.65,357.7,359.25,9295,563160,0.0,24267.3,23900.0,23800,ATM-7,CALL,24150,2026-07-17
2026-07-17 12:03:00+05:30,318.9,326.3,317.35,325.75,7800,419055,0.0,24275.5,23950.0,23800,ATM-7,CALL,24150,2026-07-17
2026-07-17 12:04:00+05:30,368.0,371.0,367.75,368.0,7930,563030,0.0,24274.85,23900.0,23800,ATM-7,CALL,24150,2026-07-17
2026-07-17 12:05:00+05:30,365.0,368.05,364.8,366.4,6305,563030,0.0,24274.25,23900.0,23800,ATM-7,CALL,24150,2026-07-17
2026-07-17 12:06:00+05:30,363.85,366.4,358.6,358.6,8970,565240,0.0,24267.8,23900.0,23800,ATM-7,CALL,24150,2026-07-17
2026-07-17 12:07:00+05:30,360.1,360.3,354.0,354.4,6435,563875,0.0,24263.35,23900.0,23800,ATM-7,CALL,24150,2026-07-17
2026-07-17 12:08:00+05:30,354.3,358.0,353.7,358.0,3510,563485,0.0,24268.1,23900.0,23800,ATM-7,CALL,24150,2026-07-17
2026-07-17 12:09:00+05:30,361.35,365.85,358.0,364.6,3965,563485,0.0,24274.2,23900.0,23800,ATM-7,CALL,24150,2026-07-17
2026-07-17 12:10:00+05:30,367.0,369.85,364.6,366.05,4485,565695,0.0,24274.0,23900.0,23800,ATM-7,CALL,24150,2026-07-17
2026-07-17 12:11:00+05:30,365.6,366.05,362.05,362.9,3120,567060,0.0,24271.55,23900.0,23800,ATM-7,CALL,24150,2026-07-17
2026-07-17 12:12:00+05:30,320.0,325.15,320.0,323.85,1950,422500,0.0,24275.9,23950.0,23800,ATM-7,CALL,24150,2026-07-17
2026-07-17 12:13:00+05:30,365.55,367.0,360.0,360.0,3705,567515,0.0,24270.5,23900.0,23800,ATM-7,CALL,24150,2026-07-17
2026-07-17 12:14:00+05:30,319.1,325.95,319.05,324.25,4485,423345,0.0,24276.55,23950.0,23800,ATM-7,CALL,24150,2026-07-17
2026-07-17 12:15:00+05:30,325.0,326.1,323.95,326.0,1755,421720,0.0,24280.5,23950.0,23800,ATM-7,CALL,24150,2026-07-17
2026-07-17 12:16:00+05:30,367.2,369.0,358.85,361.5,3640,567060,0.0,24274.3,23900.0,23800,ATM-7,CALL,24150,2026-07-17
2026-07-17 12:17:00+05:30,360.75,361.5,355.9,360.0,5005,567385,0.0,24272.2,23900.0,23800,ATM-7,CALL,24150,2026-07-17
2026-07-17 12:18:00+05:30,320.4,324.1,318.75,324.1,845,421070,0.0,24275.65,23950.0,23800,ATM-7,CALL,24150,2026-07-17
2026-07-17 12:19:00+05:30,324.0,324.1,321.85,321.85,1235,421200,0.0,24275.45,23950.0,23800,ATM-7,CALL,24150,2026-07-17
2026-07-17 12:20:00+05:30,320.75,325.1,320.75,325.1,8710,421785,0.0,24280.75,23950.0,23800,ATM-7,CALL,24150,2026-07-17
2026-07-17 12:21:00+05:30,324.25,325.1,321.75,321.75,390,416845,0.0,24279.5,23950.0,23800,ATM-7,CALL,24150,2026-07-17
2026-07-17 12:22:00+05:30,361.35,363.0,360.0,363.0,1690,572390,0.0,24271.9,23900.0,23800,ATM-7,CALL,24150,2026-07-17
2026-07-17 12:23:00+05:30,322.5,329.35,320.0,327.3,3185,415155,0.0,24281.05,23950.0,23800,ATM-7,CALL,24150,2026-07-17
2026-07-17 12:24:00+05:30,328.5,329.05,326.4,327.7,4615,416325,0.0,24281.75,23950.0,23800,ATM-7,CALL,24150,2026-07-17
2026-07-17 12:25:00+05:30,327.7,334.6,327.7,327.7,7735,414505,0.0,24278.7,23950.0,23800,ATM-7,CALL,24150,2026-07-17
2026-07-17 12:26:00+05:30,328.35,328.7,326.25,328.35,2535,417040,0.0,24277.3,23950.0,23800,ATM-7,CALL,24150,2026-07-17
2026-07-17 12:27:00+05:30,324.85,330.3,324.85,328.55,2600,415350,0.0,24278.55,23950.0,23800,ATM-7,CALL,24150,2026-07-17
2026-07-17 12:28:00+05:30,330.0,330.0,327.85,327.85,1625,415610,0.0,24277.9,23950.0,23800,ATM-7,CALL,24150,2026-07-17
2026-07-17 12:29:00+05:30,327.9,327.9,324.05,325.85,1885,416000,0.0,24277.65,23950.0,23800,ATM-7,CALL,24150,2026-07-17
2026-07-17 12:30:00+05:30,368.0,368.0,363.55,366.0,1950,574665,0.0,24274.55,23900.0,23800,ATM-7,CALL,24150,2026-07-17
2026-07-17 12:31:00+05:30,324.75,325.2,323.65,324.15,1430,417170,0.0,24277.1,23950.0,23800,ATM-7,CALL,24150,2026-07-17
2026-07-17 12:32:00+05:30,367.75,370.0,366.0,366.0,12415,574405,0.0,24273.75,23900.0,23800,ATM-7,CALL,24150,2026-07-17
2026-07-17 12:33:00+05:30,323.6,328.85,323.0,328.85,5915,417170,0.0,24280.45,23950.0,23800,ATM-7,CALL,24150,2026-07-17
2026-07-17 12:34:00+05:30,329.1,331.45,328.85,330.1,5265,416065,0.0,24281.15,23950.0,23800,ATM-7,CALL,24150,2026-07-17
2026-07-17 12:35:00+05:30,328.1,330.1,327.5,327.7,650,418535,0.0,24281.3,23950.0,23800,ATM-7,CALL,24150,2026-07-17
2026-07-17 12:36:00+05:30,327.3,329.0,327.3,327.55,780,418925,0.0,24281.65,23950.0,23800,ATM-7,CALL,24150,2026-07-17
2026-07-17 12:37:00+05:30,327.7,329.25,323.95,325.4,2015,419640,0.0,24278.9,23950.0,23800,ATM-7,CALL,24150,2026-07-17
2026-07-17 12:38:00+05:30,324.75,325.4,321.75,324.5,3120,419640,0.0,24278.5,23950.0,23800,ATM-7,CALL,24150,2026-07-17
2026-07-17 12:39:00+05:30,323.8,326.5,323.8,325.55,715,419900,0.0,24277.75,23950.0,23800,ATM-7,CALL,24150,2026-07-17
2026-07-17 12:40:00+05:30,362.15,366.35,359.0,359.0,18525,583830,0.0,24266.55,23900.0,23800,ATM-7,CALL,24150,2026-07-17
2026-07-17 12:41:00+05:30,359.65,362.4,353.85,362.4,13975,581295,0.0,24269.05,23900.0,23800,ATM-7,CALL,24150,2026-07-17
2026-07-17 12:42:00+05:30,321.55,326.5,321.1,326.45,4290,420095,0.0,24280.15,23950.0,23800,ATM-7,CALL,24150,2026-07-17
2026-07-17 12:43:00+05:30,369.0,369.85,362.4,363.0,1300,581295,0.0,24275.0,23900.0,23800,ATM-7,CALL,24150,2026-07-17
2026-07-17 12:44:00+05:30,323.35,324.95,323.35,324.95,325,421785,0.0,24277.05,23950.0,23800,ATM-7,CALL,24150,2026-07-17
2026-07-17 12:45:00+05:30,328.35,333.0,324.95,331.85,4875,421785,0.0,24283.5,23950.0,23800,ATM-7,CALL,24150,2026-07-17
2026-07-17 12:46:00+05:30,331.85,332.4,328.0,330.15,2340,423280,0.0,24282.25,23950.0,23800,ATM-7,CALL,24150,2026-07-17
2026-07-17 12:47:00+05:30,329.2,332.05,329.2,332.05,195,423345,0.0,24286.55,23950.0,23800,ATM-7,CALL,24150,2026-07-17
2026-07-17 12:48:00+05:30,333.0,334.3,331.0,334.25,4550,423410,0.0,24287.25,23950.0,23800,ATM-7,CALL,24150,2026-07-17
2026-07-17 12:49:00+05:30,339.0,352.65,334.25,344.9,19500,426465,0.0,24294.0,23950.0,23800,ATM-7,CALL,24150,2026-07-17
2026-07-17 12:50:00+05:30,343.2,344.9,330.0,330.0,9555,426985,0.0,24283.6,23950.0,23800,ATM-7,CALL,24150,2026-07-17
2026-07-17 12:51:00+05:30,328.0,331.35,325.5,329.7,5395,426400,0.0,24281.35,23950.0,23800,ATM-7,CALL,24150,2026-07-17
2026-07-17 12:52:00+05:30,331.1,331.35,328.2,328.2,1235,426205,0.0,24279.75,23950.0,23800,ATM-7,CALL,24150,2026-07-17
2026-07-17 12:53:00+05:30,368.0,369.15,361.6,361.6,6890,574080,0.0,24272.5,23900.0,23800,ATM-7,CALL,24150,2026-07-17
2026-07-17 12:54:00+05:30,363.65,364.95,359.25,361.0,6175,572520,0.0,24273.9,23900.0,23800,ATM-7,CALL,24150,2026-07-17
2026-07-17 12:55:00+05:30,362.2,366.7,361.0,361.0,3185,573690,0.0,24271.2,23900.0,23800,ATM-7,CALL,24150,2026-07-17
2026-07-17 12:56:00+05:30,360.0,365.0,358.45,364.0,4875,574730,0.0,24274.55,23900.0,23800,ATM-7,CALL,24150,2026-07-17
2026-07-17 12:57:00+05:30,323.4,329.9,322.3,326.0,6305,426920,0.0,24280.35,23950.0,23800,ATM-7,CALL,24150,2026-07-17
2026-07-17 12:58:00+05:30,325.6,329.2,324.35,324.35,4485,426920,0.0,24278.95,23950.0,23800,ATM-7,CALL,24150,2026-07-17
2026-07-17 12:59:00+05:30,324.2,330.0,324.2,329.55,6110,427310,0.0,24283.3,23950.0,23800,ATM-7,CALL,24150,2026-07-17
2026-07-17 13:00:00+05:30,333.0,333.0,327.55,329.55,4225,425165,0.0,24282.8,23950.0,23800,ATM-7,CALL,24150,2026-07-17
2026-07-17 13:01:00+05:30,335.0,335.15,329.55,330.5,3055,426660,0.0,24283.75,23950.0,23800,ATM-7,CALL,24150,2026-07-17
2026-07-17 13:02:00+05:30,329.5,330.5,326.25,328.1,2665,426530,0.0,24278.65,23950.0,23800,ATM-7,CALL,24150,2026-07-17
2026-07-17 13:03:00+05:30,326.2,328.1,323.75,325.0,1755,426660,0.0,24280.7,23950.0,23800,ATM-7,CALL,24150,2026-07-17
2026-07-17 13:04:00+05:30,327.4,327.4,325.0,326.85,650,427245,0.0,24279.85,23950.0,23800,ATM-7,CALL,24150,2026-07-17
2026-07-17 13:05:00+05:30,325.35,326.85,324.25,325.9,715,427115,0.0,24281.1,23950.0,23800,ATM-7,CALL,24150,2026-07-17
2026-07-17 13:06:00+05:30,325.6,325.9,325.6,325.6,325,427115,0.0,24283.95,23950.0,23800,ATM-7,CALL,24150,2026-07-17
2026-07-17 13:07:00+05:30,327.65,329.8,321.25,321.85,3575,427115,0.0,24276.45,23950.0,23800,ATM-7,CALL,24150,2026-07-17
2026-07-17 13:08:00+05:30,321.0,324.15,321.0,322.55,2275,426530,0.0,24279.75,23950.0,23800,ATM-7,CALL,24150,2026-07-17
2026-07-17 13:09:00+05:30,322.65,324.0,321.85,321.85,3705,426270,0.0,24278.0,23950.0,23800,ATM-7,CALL,24150,2026-07-17
2026-07-17 13:10:00+05:30,324.2,325.0,321.85,324.95,910,424710,0.0,24279.5,23950.0,23800,ATM-7,CALL,24150,2026-07-17
2026-07-17 13:11:00+05:30,324.9,327.05,323.0,324.0,650,424905,0.0,24279.3,23950.0,23800,ATM-7,CALL,24150,2026-07-17
2026-07-17 13:12:00+05:30,325.1,325.1,319.0,319.0,5200,426400,0.0,24277.35,23950.0,23800,ATM-7,CALL,24150,2026-07-17
2026-07-17 13:13:00+05:30,319.9,324.0,319.0,324.0,1690,426595,0.0,24276.45,23950.0,23800,ATM-7,CALL,24150,2026-07-17
2026-07-17 13:14:00+05:30,324.0,327.0,324.0,326.4,1105,426660,0.0,24282.55,23950.0,23800,ATM-7,CALL,24150,2026-07-17
2026-07-17 13:15:00+05:30,365.45,369.5,353.6,359.15,8710,575900,0.0,24271.9,23900.0,23800,ATM-7,CALL,24150,2026-07-17
2026-07-17 13:16:00+05:30,357.55,359.75,357.55,359.75,2210,576095,0.0,24272.8,23900.0,23800,ATM-7,CALL,24150,2026-07-17
2026-07-17 13:17:00+05:30,318.25,319.2,315.4,318.75,3640,427895,0.0,24275.4,23950.0,23800,ATM-7,CALL,24150,2026-07-17
2026-07-17 13:18:00+05:30,361.3,363.0,358.0,360.95,3055,576160,0.0,24272.55,23900.0,23800,ATM-7,CALL,24150,2026-07-17
2026-07-17 13:19:00+05:30,359.0,360.95,356.2,357.3,3965,578110,0.0,24274.35,23900.0,23800,ATM-7,CALL,24150,2026-07-17
2026-07-17 13:20:00+05:30,317.0,319.2,315.45,318.65,1235,428935,0.0,24277.3,23950.0,23800,ATM-7,CALL,24150,2026-07-17
2026-07-17 13:21:00+05:30,317.45,318.65,315.65,315.65,2015,429260,0.0,24277.45,23950.0,23800,ATM-7,CALL,24150,2026-07-17
2026-07-17 13:22:00+05:30,357.65,358.95,356.35,358.25,2665,580320,0.0,24274.35,23900.0,23800,ATM-7,CALL,24150,2026-07-17
2026-07-17 13:23:00+05:30,358.0,359.5,354.9,354.9,7345,577525,0.0,24269.05,23900.0,23800,ATM-7,CALL,24150,2026-07-17
2026-07-17 13:24:00+05:30,356.45,357.35,349.05,350.9,18265,577850,0.0,24266.45,23900.0,23800,ATM-7,CALL,24150,2026-07-17
2026-07-17 13:25:00+05:30,350.0,354.9,346.0,354.9,14950,578630,0.0,24268.65,23900.0,23800,ATM-7,CALL,24150,2026-07-17
2026-07-17 13:26:00+05:30,357.25,357.3,349.1,349.95,7020,574795,0.0,24265.0,23900.0,23800,ATM-7,CALL,24150,2026-07-17
2026-07-17 13:27:00+05:30,350.8,350.8,346.0,346.6,4225,572455,0.0,24261.85,23900.0,23800,ATM-7,CALL,24150,2026-07-17
2026-07-17 13:28:00+05:30,346.35,348.8,346.0,347.1,3380,574405,0.0,24260.65,23900.0,23800,ATM-7,CALL,24150,2026-07-17
2026-07-17 13:29:00+05:30,348.8,354.6,347.1,352.5,9360,574080,0.0,24267.3,23900.0,23800,ATM-7,CALL,24150,2026-07-17
2026-07-17 13:30:00+05:30,350.0,354.4,350.0,353.0,6370,575120,0.0,24269.75,23900.0,23800,ATM-7,CALL,24150,2026-07-17
2026-07-17 13:31:00+05:30,356.35,358.0,350.95,351.25,6240,578760,0.0,24268.05,23900.0,23800,ATM-7,CALL,24150,2026-07-17
2026-07-17 13:32:00+05:30,352.15,352.15,347.9,351.2,6695,577460,0.0,24266.5,23900.0,23800,ATM-7,CALL,24150,2026-07-17
2026-07-17 13:33:00+05:30,350.55,351.2,346.6,349.15,2145,577850,0.0,24263.95,23900.0,23800,ATM-7,CALL,24150,2026-07-17
2026-07-17 13:34:00+05:30,349.1,352.4,348.0,351.4,4420,578500,0.0,24265.7,23900.0,23800,ATM-7,CALL,24150,2026-07-17
2026-07-17 13:35:00+05:30,353.35,356.35,351.4,354.35,2860,579930,0.0,24267.6,23900.0,23800,ATM-7,CALL,24150,2026-07-17
2026-07-17 13:36:00+05:30,354.6,360.05,354.35,354.45,8190,578045,0.0,24269.8,23900.0,23800,ATM-7,CALL,24150,2026-07-17
2026-07-17 13:37:00+05:30,354.6,356.0,348.0,348.25,6435,577525,0.0,24264.7,23900.0,23800,ATM-7,CALL,24150,2026-07-17
2026-07-17 13:38:00+05:30,349.35,350.05,347.4,348.1,2470,576615,0.0,24265.8,23900.0,23800,ATM-7,CALL,24150,2026-07-17
2026-07-17 13:39:00+05:30,349.55,351.3,348.1,350.55,910,576030,0.0,24269.5,23900.0,23800,ATM-7,CALL,24150,2026-07-17
2026-07-17 13:40:00+05:30,348.4,350.55,339.0,339.85,16250,575965,0.0,24258.25,23900.0,23800,ATM-7,CALL,24150,2026-07-17
2026-07-17 13:41:00+05:30,342.05,343.5,334.8,343.0,18265,573885,0.0,24254.65,23900.0,23800,ATM-7,CALL,24150,2026-07-17
2026-07-17 13:42:00+05:30,343.6,343.6,335.0,337.15,6240,571935,0.0,24251.2,23900.0,23800,ATM-7,CALL,24150,2026-07-17
2026-07-17 13:43:00+05:30,337.75,338.5,334.2,338.2,6045,572455,0.0,24248.35,23900.0,23800,ATM-7,CALL,24150,2026-07-17
2026-07-17 13:44:00+05:30,335.3,340.35,333.2,338.15,9620,573755,0.0,24254.25,23900.0,23800,ATM-7,CALL,24150,2026-07-17
2026-07-17 13:45:00+05:30,337.0,339.95,335.05,339.25,8710,571935,0.0,24252.4,23900.0,23800,ATM-7,CALL,24150,2026-07-17
2026-07-17 13:46:00+05:30,338.0,339.85,327.0,327.0,18980,574210,0.0,24245.1,23900.0,23800,ATM-7,CALL,24150,2026-07-17
2026-07-17 13:47:00+05:30,329.15,329.3,320.0,324.0,29120,579150,0.0,24238.7,23900.0,23800,ATM-7,CALL,24150,2026-07-17
2026-07-17 13:48:00+05:30,324.2,330.0,323.0,328.7,21385,584480,0.0,24247.05,23900.0,23800,ATM-7,CALL,24150,2026-07-17
2026-07-17 13:49:00+05:30,328.75,329.05,323.2,324.0,6175,585260,0.0,24239.95,23900.0,23800,ATM-7,CALL,24150,2026-07-17
2026-07-17 13:50:00+05:30,324.05,324.8,317.7,320.65,24505,586885,0.0,24227.05,23900.0,23800,ATM-7,CALL,24150,2026-07-17
2026-07-17 13:51:00+05:30,361.35,362.1,349.75,354.0,8190,130715,0.0,24215.95,23850.0,23800,ATM-7,CALL,24150,2026-07-17
2026-07-17 13:52:00+05:30,353.7,360.0,353.7,356.0,3965,129220,0.0,24222.35,23850.0,23800,ATM-7,CALL,24150,2026-07-17
2026-07-17 13:53:00+05:30,313.55,317.75,313.55,316.0,11505,585130,0.0,24229.25,23900.0,23800,ATM-7,CALL,24150,2026-07-17
2026-07-17 13:54:00+05:30,318.7,320.85,315.6,320.85,12935,586950,0.0,24232.0,23900.0,23800,ATM-7,CALL,24150,2026-07-17
2026-07-17 13:55:00+05:30,319.85,325.6,316.35,323.3,17550,586235,0.0,24236.5,23900.0,23800,ATM-7,CALL,24150,2026-07-17
2026-07-17 13:56:00+05:30,322.05,323.3,317.95,319.85,6695,586300,0.0,24232.75,23900.0,23800,ATM-7,CALL,24150,2026-07-17
2026-07-17 13:57:00+05:30,322.0,324.85,319.85,324.1,10335,586755,0.0,24233.7,23900.0,23800,ATM-7,CALL,24150,2026-07-17
2026-07-17 13:58:00+05:30,323.9,327.55,321.85,326.75,10660,582205,0.0,24237.6,23900.0,23800,ATM-7,CALL,24150,2026-07-17
2026-07-17 13:59:00+05:30,326.8,343.6,326.1,341.65,36855,577135,0.0,24250.1,23900.0,23800,ATM-7,CALL,24150,2026-07-17
2026-07-17 14:00:00+05:30,338.65,342.0,336.05,338.6,17940,566735,0.0,24248.8,23900.0,23800,ATM-7,CALL,24150,2026-07-17
2026-07-17 14:01:00+05:30,339.55,340.0,334.0,338.35,11895,563225,0.0,24246.8,23900.0,23800,ATM-7,CALL,24150,2026-07-17
2026-07-17 14:02:00+05:30,337.25,338.35,331.35,334.0,20930,561145,0.0,24243.6,23900.0,23800,ATM-7,CALL,24150,2026-07-17
2026-07-17 14:03:00+05:30,333.8,336.95,332.1,336.95,4095,564655,0.0,24246.25,23900.0,23800,ATM-7,CALL,24150,2026-07-17
2026-07-17 14:04:00+05:30,337.5,343.05,336.95,339.0,18785,561730,0.0,24250.35,23900.0,23800,ATM-7,CALL,24150,2026-07-17
2026-07-17 14:05:00+05:30,341.0,346.65,339.0,342.95,9620,563290,0.0,24254.7,23900.0,23800,ATM-7,CALL,24150,2026-07-17
2026-07-17 14:06:00+05:30,343.0,343.15,337.7,337.9,13260,560625,0.0,24249.65,23900.0,23800,ATM-7,CALL,24150,2026-07-17
2026-07-17 14:07:00+05:30,336.1,339.7,335.75,339.7,15860,558285,0.0,24251.05,23900.0,23800,ATM-7,CALL,24150,2026-07-17
2026-07-17 14:08:00+05:30,339.8,341.55,334.1,337.7,9425,555945,0.0,24251.1,23900.0,23800,ATM-7,CALL,24150,2026-07-17
2026-07-17 14:09:00+05:30,339.8,339.95,337.7,339.75,3640,559325,0.0,24252.95,23900.0,23800,ATM-7,CALL,24150,2026-07-17
2026-07-17 14:10:00+05:30,340.0,342.0,339.2,341.85,2340,559585,0.0,24254.0,23900.0,23800,ATM-7,CALL,24150,2026-07-17
2026-07-17 14:11:00+05:30,342.1,352.9,341.85,352.0,31850,554905,0.0,24265.25,23900.0,23800,ATM-7,CALL,24150,2026-07-17
2026-07-17 14:12:00+05:30,351.45,360.9,350.85,359.5,19695,549510,0.0,24271.6,23900.0,23800,ATM-7,CALL,24150,2026-07-17
2026-07-17 14:13:00+05:30,315.9,328.7,315.35,324.9,33215,397865,0.0,24277.25,23950.0,23800,ATM-7,CALL,24150,2026-07-17
2026-07-17 14:14:00+05:30,328.0,334.95,324.9,333.6,16575,393120,0.0,24280.55,23950.0,23800,ATM-7,CALL,24150,2026-07-17
2026-07-17 14:15:00+05:30,293.4,367.25,292.75,367.25,730210,2797600,0.0,24345.4,24000.0,23800,ATM-7,CALL,24150,2026-07-17
2026-07-17 14:16:00+05:30,366.4,384.95,348.85,384.2,578565,2592005,0.0,24362.9,24000.0,23800,ATM-7,CALL,24150,2026-07-17
2026-07-17 14:17:00+05:30,382.85,389.2,359.9,365.3,305760,2519660,0.0,24347.45,24000.0,23800,ATM-7,CALL,24150,2026-07-17
2026-07-17 14:18:00+05:30,354.3,365.3,347.7,347.7,231530,2510105,0.0,24332.7,24000.0,23800,ATM-7,CALL,24150,2026-07-17
2026-07-17 14:19:00+05:30,389.9,390.0,365.9,366.25,16185,358215,0.0,24308.45,23950.0,23800,ATM-7,CALL,24150,2026-07-17
2026-07-17 14:20:00+05:30,368.6,378.3,364.0,368.0,13195,360490,0.0,24312.75,23950.0,23800,ATM-7,CALL,24150,2026-07-17
2026-07-17 14:21:00+05:30,365.2,372.95,358.6,362.0,17810,364650,0.0,24309.35,23950.0,23800,ATM-7,CALL,24150,2026-07-17
2026-07-17 14:22:00+05:30,356.15,362.0,350.5,350.5,8710,360165,0.0,24300.95,23950.0,23800,ATM-7,CALL,24150,2026-07-17
2026-07-17 14:23:00+05:30,347.4,353.35,345.3,346.1,6370,359710,0.0,24292.7,23950.0,23800,ATM-7,CALL,24150,2026-07-17
2026-07-17 14:24:00+05:30,345.45,350.45,344.25,350.45,7085,361140,0.0,24298.3,23950.0,23800,ATM-7,CALL,24150,2026-07-17
2026-07-17 14:25:00+05:30,350.35,365.0,348.05,362.35,9425,359580,0.0,24307.3,23950.0,23800,ATM-7,CALL,24150,2026-07-17
2026-07-17 14:26:00+05:30,361.95,370.0,361.9,366.05,9685,362895,0.0,24311.25,23950.0,23800,ATM-7,CALL,24150,2026-07-17
2026-07-17 14:27:00+05:30,366.15,370.0,362.9,370.0,18460,357045,0.0,24310.95,23950.0,23800,ATM-7,CALL,24150,2026-07-17
2026-07-17 14:28:00+05:30,369.45,375.1,368.05,369.6,10790,352430,0.0,24309.5,23950.0,23800,ATM-7,CALL,24150,2026-07-17
2026-07-17 14:29:00+05:30,356.45,369.6,340.0,345.55,15340,348140,0.0,24287.4,23950.0,23800,ATM-7,CALL,24150,2026-07-17
2026-07-17 14:30:00+05:30,345.3,362.0,345.3,360.0,15535,350545,0.0,24304.65,23950.0,23800,ATM-7,CALL,24150,2026-07-17
2026-07-17 14:31:00+05:30,360.85,362.1,353.25,354.15,6435,352690,0.0,24300.3,23950.0,23800,ATM-7,CALL,24150,2026-07-17
2026-07-17 14:32:00+05:30,352.8,357.75,350.0,350.0,6565,350935,0.0,24299.15,23950.0,23800,ATM-7,CALL,24150,2026-07-17
2026-07-17 14:33:00+05:30,353.4,356.0,350.0,356.0,2795,350155,0.0,24295.55,23950.0,23800,ATM-7,CALL,24150,2026-07-17
2026-07-17 14:34:00+05:30,354.0,357.0,354.0,356.95,715,349375,0.0,24298.0,23950.0,23800,ATM-7,CALL,24150,2026-07-17
2026-07-17 14:35:00+05:30,355.6,357.9,355.15,355.95,1430,349635,0.0,24298.65,23950.0,23800,ATM-7,CALL,24150,2026-07-17
2026-07-17 14:36:00+05:30,353.0,355.95,347.95,351.0,5655,348790,0.0,24293.25,23950.0,23800,ATM-7,CALL,24150,2026-07-17
2026-07-17 14:37:00+05:30,348.95,354.5,348.95,352.45,6110,350545,0.0,24293.05,23950.0,23800,ATM-7,CALL,24150,2026-07-17
2026-07-17 14:38:00+05:30,349.0,358.0,346.25,354.5,5135,348790,0.0,24298.95,23950.0,23800,ATM-7,CALL,24150,2026-07-17
2026-07-17 14:39:00+05:30,356.0,356.55,352.55,355.0,455,346125,0.0,24297.9,23950.0,23800,ATM-7,CALL,24150,2026-07-17
2026-07-17 14:40:00+05:30,356.55,360.15,355.0,356.85,7800,346645,0.0,24302.0,23950.0,23800,ATM-7,CALL,24150,2026-07-17
2026-07-17 14:41:00+05:30,355.0,367.65,355.0,367.65,6370,345670,0.0,24311.85,23950.0,23800,ATM-7,CALL,24150,2026-07-17
2026-07-17 14:42:00+05:30,366.8,368.0,360.5,365.0,3055,341055,0.0,24310.4,23950.0,23800,ATM-7,CALL,24150,2026-07-17
2026-07-17 14:43:00+05:30,368.0,373.0,365.0,365.05,1885,340145,0.0,24312.1,23950.0,23800,ATM-7,CALL,24150,2026-07-17
2026-07-17 14:44:00+05:30,367.0,375.4,365.05,374.4,1560,339560,0.0,24317.65,23950.0,23800,ATM-7,CALL,24150,2026-07-17
2026-07-17 14:45:00+05:30,372.45,374.4,370.05,372.0,2665,339885,0.0,24319.5,23950.0,23800,ATM-7,CALL,24150,2026-07-17
2026-07-17 14:46:00+05:30,328.9,335.4,325.2,333.25,79430,2426840,0.0,24325.05,24000.0,23800,ATM-7,CALL,24150,2026-07-17
2026-07-17 14:47:00+05:30,373.2,377.0,372.0,373.85,3185,337415,0.0,24321.6,23950.0,23800,ATM-7,CALL,24150,2026-07-17
2026-07-17 14:48:00+05:30,373.3,374.05,367.85,373.6,3185,338065,0.0,24320.25,23950.0,23800,ATM-7,CALL,24150,2026-07-17
2026-07-17 14:49:00+05:30,376.3,376.3,373.15,374.45,1885,338065,0.0,24324.0,23950.0,23800,ATM-7,CALL,24150,2026-07-17
2026-07-17 14:50:00+05:30,373.0,374.45,365.95,369.6,1430,337675,0.0,24320.0,23950.0,23800,ATM-7,CALL,24150,2026-07-17
2026-07-17 14:51:00+05:30,371.0,373.0,366.6,369.0,1495,337675,0.0,24317.05,23950.0,23800,ATM-7,CALL,24150,2026-07-17
2026-07-17 14:52:00+05:30,368.0,371.0,367.9,368.8,5005,337545,0.0,24319.6,23950.0,23800,ATM-7,CALL,24150,2026-07-17
2026-07-17 14:53:00+05:30,368.8,368.8,359.5,368.55,4355,336635,0.0,24320.5,23950.0,23800,ATM-7,CALL,24150,2026-07-17
2026-07-17 14:54:00+05:30,367.75,368.55,363.25,367.3,910,336245,0.0,24320.95,23950.0,23800,ATM-7,CALL,24150,2026-07-17
2026-07-17 14:55:00+05:30,325.9,332.1,323.0,331.9,32370,2380560,0.0,24327.4,24000.0,23800,ATM-7,CALL,24150,2026-07-17
2026-07-17 14:56:00+05:30,379.8,383.05,369.0,372.5,10205,336765,0.0,24324.9,23950.0,23800,ATM-7,CALL,24150,2026-07-17
2026-07-17 14:57:00+05:30,374.4,374.75,366.55,371.0,1495,336570,0.0,24321.6,23950.0,23800,ATM-7,CALL,24150,2026-07-17
2026-07-17 14:58:00+05:30,369.2,371.0,366.0,366.0,2730,336635,0.0,24315.85,23950.0,23800,ATM-7,CALL,24150,2026-07-17
2026-07-17 14:59:00+05:30,367.0,368.0,360.75,361.25,3250,335270,0.0,24311.75,23950.0,23800,ATM-7,CALL,24150,2026-07-17
2026-07-17 15:00:00+05:30,364.85,378.0,357.0,374.6,31915,334945,0.0,24323.7,23950.0,23800,ATM-7,CALL,24150,2026-07-17
2026-07-17 15:01:00+05:30,333.25,344.8,327.7,333.9,285415,2344940,0.0,24325.6,24000.0,23800,ATM-7,CALL,24150,2026-07-17
2026-07-17 15:02:00+05:30,374.8,377.0,370.0,374.05,5135,328315,0.0,24324.35,23950.0,23800,ATM-7,CALL,24150,2026-07-17
2026-07-17 15:03:00+05:30,373.2,375.0,366.95,366.95,1430,327275,0.0,24317.95,23950.0,23800,ATM-7,CALL,24150,2026-07-17
2026-07-17 15:04:00+05:30,365.0,370.75,364.85,368.9,4095,326690,0.0,24322.05,23950.0,23800,ATM-7,CALL,24150,2026-07-17
2026-07-17 15:05:00+05:30,328.0,334.0,326.75,333.05,53105,2308540,0.0,24327.55,24000.0,23800,ATM-7,CALL,24150,2026-07-17
2026-07-17 15:06:00+05:30,333.45,337.8,331.95,335.0,74750,2295540,0.0,24330.2,24000.0,23800,ATM-7,CALL,24150,2026-07-17
2026-07-17 15:07:00+05:30,334.1,340.3,333.4,338.45,61880,2282345,0.0,24334.3,24000.0,23800,ATM-7,CALL,24150,2026-07-17
2026-07-17 15:08:00+05:30,336.75,338.45,330.6,332.2,38935,2273765,0.0,24332.1,24000.0,23800,ATM-7,CALL,24150,2026-07-17
2026-07-17 15:09:00+05:30,331.0,335.25,329.2,333.2,48880,2266095,0.0,24333.55,24000.0,23800,ATM-7,CALL,24150,2026-07-17
2026-07-17 15:10:00+05:30,333.1,334.6,330.25,333.0,44135,2260505,0.0,24331.75,24000.0,23800,ATM-7,CALL,24150,2026-07-17
2026-07-17 15:11:00+05:30,334.4,336.0,333.0,333.7,44135,2261090,0.0,24332.25,24000.0,23800,ATM-7,CALL,24150,2026-07-17
2026-07-17 15:12:00+05:30,333.85,340.0,333.7,336.6,44720,2242305,0.0,24336.05,24000.0,23800,ATM-7,CALL,24150,2026-07-17
2026-07-17 15:13:00+05:30,336.5,336.6,332.1,334.5,43485,2241005,0.0,24334.9,24000.0,23800,ATM-7,CALL,24150,2026-07-17
2026-07-17 15:14:00+05:30,333.9,334.5,326.2,327.05,75855,2240810,0.0,24328.75,24000.0,23800,ATM-7,CALL,24150,2026-07-17
2026-07-17 15:15:00+05:30,368.15,369.4,361.15,364.65,9035,309595,0.0,24323.85,23950.0,23800,ATM-7,CALL,24150,2026-07-17
2026-07-17 15:16:00+05:30,363.0,366.0,361.75,365.25,3705,309595,0.0,24322.9,23950.0,23800,ATM-7,CALL,24150,2026-07-17
2026-07-17 15:17:00+05:30,322.4,328.45,321.7,326.55,43290,2220140,0.0,24325.55,24000.0,23800,ATM-7,CALL,24150,2026-07-17
2026-07-17 15:18:00+05:30,326.3,327.65,320.75,320.75,28470,2218190,0.0,24328.8,24000.0,23800,ATM-7,CALL,24150,2026-07-17
2026-07-17 15:19:00+05:30,321.2,325.2,320.5,323.55,19435,2219295,0.0,24329.0,24000.0,23800,ATM-7,CALL,24150,2026-07-17
2026-07-17 15:20:00+05:30,323.95,327.95,323.55,326.6,33800,2211690,0.0,24332.95,24000.0,23800,ATM-7,CALL,24150,2026-07-17
2026-07-17 15:21:00+05:30,326.5,337.0,325.6,337.0,66885,2183480,0.0,24333.15,24000.0,23800,ATM-7,CALL,24150,2026-07-17
2026-07-17 15:22:00+05:30,336.4,340.55,335.55,338.4,95810,2156180,0.0,24336.85,24000.0,23800,ATM-7,CALL,24150,2026-07-17
2026-07-17 15:23:00+05:30,337.85,343.05,337.8,342.0,54535,2138695,0.0,24337.95,24000.0,23800,ATM-7,CALL,24150,2026-07-17
2026-07-17 15:24:00+05:30,342.3,352.5,342.0,348.0,93925,2137135,0.0,24342.8,24000.0,23800,ATM-7,CALL,24150,2026-07-17
2026-07-17 15:25:00+05:30,348.4,354.95,347.0,353.15,73515,2120950,0.0,24345.0,24000.0,23800,ATM-7,CALL,24150,2026-07-17
2026-07-17 15:26:00+05:30,352.0,354.75,348.0,349.55,49010,2114450,0.0,24342.8,24000.0,23800,ATM-7,CALL,24150,2026-07-17
2026-07-17 15:27:00+05:30,350.8,355.85,348.5,354.25,67145,2086695,0.0,24344.0,24000.0,23800,ATM-7,CALL,24150,2026-07-17
2026-07-17 15:28:00+05:30,354.4,363.1,353.4,360.85,62400,2082795,0.0,24339.4,24000.0,23800,ATM-7,CALL,24150,2026-07-17
2026-07-17 15:29:00+05:30,359.1,368.0,358.6,364.6,108290,2063230,0.0,24346.7,24000.0,23800,ATM-7,CALL,24150,2026-07-17
2026-07-17 09:15:00+05:30,34.0,39.4,30.0,31.4,1604720,4730245,14.61368,24151.25,23800.0,23800,ATM-7,PUT,24150,2026-07-17
2026-07-17 09:16:00+05:30,30.7,32.3,29.05,29.05,1909700,5129410,14.718305,24171.0,23800.0,23800,ATM-7,PUT,24150,2026-07-17
2026-07-17 09:17:00+05:30,36.8,38.35,36.25,37.2,570895,2076100,14.836071,24176.15,23850.0,23800,ATM-7,PUT,24150,2026-07-17
2026-07-17 09:18:00+05:30,37.05,37.2,34.9,34.9,447720,2243865,14.783171,24187.4,23850.0,23800,ATM-7,PUT,24150,2026-07-17
2026-07-17 09:19:00+05:30,35.0,36.0,34.55,35.35,482755,2356770,14.864188,24187.85,23850.0,23800,ATM-7,PUT,24150,2026-07-17
2026-07-17 09:20:00+05:30,35.25,35.35,33.5,34.6,343590,2533700,14.748554,24187.75,23850.0,23800,ATM-7,PUT,24150,2026-07-17
2026-07-17 09:21:00+05:30,34.3,35.65,34.2,35.05,260910,2618850,14.766914,24185.75,23850.0,23800,ATM-7,PUT,24150,2026-07-17
2026-07-17 09:22:00+05:30,34.95,35.7,34.75,34.95,217490,2706990,14.829732,24188.75,23850.0,23800,ATM-7,PUT,24150,2026-07-17
2026-07-17 09:23:00+05:30,34.9,35.5,34.85,35.4,175045,2762760,14.832444,24186.15,23850.0,23800,ATM-7,PUT,24150,2026-07-17
2026-07-17 09:24:00+05:30,35.3,35.4,34.45,34.45,179660,2783885,14.835964,24191.9,23850.0,23800,ATM-7,PUT,24150,2026-07-17
2026-07-17 09:25:00+05:30,34.4,34.7,33.7,34.3,353210,2830295,14.990874,24198.85,23850.0,23800,ATM-7,PUT,24150,2026-07-17
2026-07-17 09:26:00+05:30,34.1,34.65,34.0,34.5,188370,2963870,15.047052,24199.8,23850.0,23800,ATM-7,PUT,24150,2026-07-17
2026-07-17 09:27:00+05:30,34.45,34.7,33.6,33.75,301860,3017560,15.008965,24202.85,23850.0,23800,ATM-7,PUT,24150,2026-07-17
2026-07-17 09:28:00+05:30,33.75,34.25,33.6,33.65,184015,3044795,15.043696,24204.8,23850.0,23800,ATM-7,PUT,24150,2026-07-17
2026-07-17 09:29:00+05:30,33.75,33.8,33.1,33.15,202735,3117920,15.097063,24210.0,23850.0,23800,ATM-7,PUT,24150,2026-07-17
2026-07-17 09:30:00+05:30,33.1,33.75,32.5,33.6,291720,3184220,15.010318,24203.7,23850.0,23800,ATM-7,PUT,24150,2026-07-17
2026-07-17 09:31:00+05:30,33.45,34.05,33.3,33.8,231530,3256305,14.869203,24196.85,23850.0,23800,ATM-7,PUT,24150,2026-07-17
2026-07-17 09:32:00+05:30,33.75,34.15,32.8,32.8,232245,3296085,14.924503,24205.2,23850.0,23800,ATM-7,PUT,24150,2026-07-17
2026-07-17 09:33:00+05:30,32.7,33.05,31.9,32.2,211445,3348020,14.96805,24210.7,23850.0,23800,ATM-7,PUT,24150,2026-07-17
2026-07-17 09:34:00+05:30,32.05,33.05,31.45,33.05,210470,3379220,15.001394,24206.6,23850.0,23800,ATM-7,PUT,24150,2026-07-17
2026-07-17 09:35:00+05:30,32.9,33.1,32.55,32.8,131170,3447600,14.97429,24207.05,23850.0,23800,ATM-7,PUT,24150,2026-07-17
2026-07-17 09:36:00+05:30,32.7,33.35,32.2,32.3,180570,3486340,14.954845,24209.4,23850.0,23800,ATM-7,PUT,24150,2026-07-17
2026-07-17 09:37:00+05:30,32.2,32.45,31.45,31.55,159835,3521245,15.006183,24216.25,23850.0,23800,ATM-7,PUT,24150,2026-07-17
2026-07-17 09:38:00+05:30,31.35,31.55,30.8,31.05,217165,3572010,15.057211,24221.55,23850.0,23800,ATM-7,PUT,24150,2026-07-17
2026-07-17 09:39:00+05:30,30.95,31.85,30.9,31.65,121810,3611595,15.096572,24219.15,23850.0,23800,ATM-7,PUT,24150,2026-07-17
2026-07-17 09:40:00+05:30,31.6,32.15,31.35,32.0,146900,3652220,15.201501,24221.05,23850.0,23800,ATM-7,PUT,24150,2026-07-17
2026-07-17 09:41:00+05:30,31.8,32.25,31.6,31.85,112580,3685955,15.206887,24222.2,23850.0,23800,ATM-7,PUT,24150,2026-07-17
2026-07-17 09:42:00+05:30,31.7,31.95,31.4,31.6,88465,3715010,15.229311,24224.7,23850.0,23800,ATM-7,PUT,24150,2026-07-17
2026-07-17 09:43:00+05:30,38.9,39.3,38.55,38.75,204880,6369870,15.036304,24225.15,23900.0,23800,ATM-7,PUT,24150,2026-07-17
2026-07-17 09:44:00+05:30,38.5,39.35,38.15,38.2,330850,6434740,15.118125,24231.3,23900.0,23800,ATM-7,PUT,24150,2026-07-17
2026-07-17 09:45:00+05:30,38.05,38.2,36.55,37.5,1166100,6484400,15.099237,24234.5,23900.0,23800,ATM-7,PUT,24150,2026-07-17
2026-07-17 09:46:00+05:30,37.5,38.3,37.35,37.35,521430,6412510,15.258362,24241.45,23900.0,23800,ATM-7,PUT,24150,2026-07-17
2026-07-17 09:47:00+05:30,37.3,38.05,36.5,38.0,449345,6370325,15.223745,24236.35,23900.0,23800,ATM-7,PUT,24150,2026-07-17
2026-07-17 09:48:00+05:30,38.1,38.15,37.5,37.65,484900,6369025,15.269101,24240.05,23900.0,23800,ATM-7,PUT,24150,2026-07-17
2026-07-17 09:49:00+05:30,37.65,38.35,37.65,38.0,200525,6392750,15.239021,24236.85,23900.0,23800,ATM-7,PUT,24150,2026-07-17
2026-07-17 09:50:00+05:30,37.85,38.0,37.0,37.25,194480,6407635,15.293204,24243.2,23900.0,23800,ATM-7,PUT,24150,2026-07-17
2026-07-17 09:51:00+05:30,37.2,38.7,37.2,38.7,258960,6432530,15.136447,24228.9,23900.0,23800,ATM-7,PUT,24150,2026-07-17
2026-07-17 09:52:00+05:30,38.5,39.35,38.4,38.95,413790,6456645,15.20171,24229.95,23900.0,23800,ATM-7,PUT,24150,2026-07-17
2026-07-17 09:53:00+05:30,38.9,39.0,38.3,38.3,232570,6459635,15.189993,24233.1,23900.0,23800,ATM-7,PUT,24150,2026-07-17
2026-07-17 09:54:00+05:30,38.35,38.7,37.5,38.1,247130,6500260,15.341525,24240.0,23900.0,23800,ATM-7,PUT,24150,2026-07-17
2026-07-17 09:55:00+05:30,38.1,39.6,38.1,39.35,276380,6484075,15.270056,24230.2,23900.0,23800,ATM-7,PUT,24150,2026-07-17
2026-07-17 09:56:00+05:30,31.85,32.15,31.65,32.0,153075,4162080,15.270549,24223.1,23850.0,23800,ATM-7,PUT,24150,2026-07-17
2026-07-17 09:57:00+05:30,31.85,32.6,31.85,32.3,174980,4184310,15.226853,24219.35,23850.0,23800,ATM-7,PUT,24150,2026-07-17
2026-07-17 09:58:00+05:30,40.25,40.35,38.8,38.95,296660,6575855,15.184798,24229.05,23900.0,23800,ATM-7,PUT,24150,2026-07-17
2026-07-17 09:59:00+05:30,38.75,39.5,38.75,38.85,121420,6589895,15.166044,24228.85,23900.0,23800,ATM-7,PUT,24150,2026-07-17
2026-07-17 10:00:00+05:30,31.2,32.75,30.75,32.55,126620,4234555,15.327899,24221.65,23850.0,23800,ATM-7,PUT,24150,2026-07-17
2026-07-17 10:01:00+05:30,32.6,33.25,31.85,32.5,282685,4256980,15.088505,24212.35,23850.0,23800,ATM-7,PUT,24150,2026-07-17
2026-07-17 10:02:00+05:30,32.4,32.5,32.05,32.4,207870,4291170,15.162465,24215.9,23850.0,23800,ATM-7,PUT,24150,2026-07-17
2026-07-17 10:03:00+05:30,32.25,32.55,32.05,32.1,186680,4248920,15.091628,24214.95,23850.0,23800,ATM-7,PUT,24150,2026-07-17
2026-07-17 10:04:00+05:30,31.95,32.45,31.8,32.4,134355,4226040,15.129705,24214.5,23850.0,23800,ATM-7,PUT,24150,2026-07-17
2026-07-17 10:05:00+05:30,32.25,32.55,31.25,31.4,390195,4131400,15.138493,24221.3,23850.0,23800,ATM-7,PUT,24150,2026-07-17
2026-07-17 10:06:00+05:30,31.5,31.8,31.05,31.8,223275,4053205,15.239513,24222.7,23850.0,23800,ATM-7,PUT,24150,2026-07-17
2026-07-17 10:07:00+05:30,39.55,39.85,39.15,39.25,133835,6783660,15.149059,24225.65,23900.0,23800,ATM-7,PUT,24150,2026-07-17
2026-07-17 10:08:00+05:30,39.25,39.95,39.0,39.0,117845,6794905,15.165178,24227.6,23900.0,23800,ATM-7,PUT,24150,2026-07-17
2026-07-17 10:09:00+05:30,38.85,39.0,38.1,38.7,162500,6784960,15.236759,24231.95,23900.0,23800,ATM-7,PUT,24150,2026-07-17
2026-07-17 10:10:00+05:30,38.8,39.7,38.65,39.6,71500,6801925,15.335371,24230.65,23900.0,23800,ATM-7,PUT,24150,2026-07-17
2026-07-17 10:11:00+05:30,39.4,39.65,39.05,39.15,89570,6801730,15.339213,24233.25,23900.0,23800,ATM-7,PUT,24150,2026-07-17
2026-07-17 10:12:00+05:30,39.0,39.15,37.75,38.0,235430,6813430,15.344566,24239.9,23900.0,23800,ATM-7,PUT,24150,2026-07-17
2026-07-17 10:13:00+05:30,37.95,38.2,37.55,38.0,191555,6813495,15.506972,24246.1,23900.0,23800,ATM-7,PUT,24150,2026-07-17
2026-07-17 10:14:00+05:30,38.0,38.7,38.0,38.4,140270,6797115,15.404968,24239.85,23900.0,23800,ATM-7,PUT,24150,2026-07-17
2026-07-17 10:15:00+05:30,38.45,38.65,38.05,38.3,113750,6799910,15.543697,24245.7,23900.0,23800,ATM-7,PUT,24150,2026-07-17
2026-07-17 10:16:00+05:30,38.3,38.35,37.75,37.85,113685,6803680,15.515226,24247.15,23900.0,23800,ATM-7,PUT,24150,2026-07-17
2026-07-17 10:17:00+05:30,37.8,37.85,37.05,37.15,243295,6808815,15.578876,24253.65,23900.0,23800,ATM-7,PUT,24150,2026-07-17
2026-07-17 10:18:00+05:30,37.45,37.45,35.7,36.05,765700,6838975,15.942578,24274.45,23900.0,23800,ATM-7,PUT,24150,2026-07-17
2026-07-17 10:19:00+05:30,35.9,36.5,35.75,36.4,590915,6771830,15.985521,24273.95,23900.0,23800,ATM-7,PUT,24150,2026-07-17
2026-07-17 10:20:00+05:30,36.3,36.9,36.0,36.75,322465,6762600,15.857376,24266.75,23900.0,23800,ATM-7,PUT,24150,2026-07-17
2026-07-17 10:21:00+05:30,36.65,36.85,36.05,36.55,196495,6785415,15.867308,24268.3,23900.0,23800,ATM-7,PUT,24150,2026-07-17
2026-07-17 10:22:00+05:30,36.55,36.8,35.85,36.45,301860,6846450,15.716476,24262.95,23900.0,23800,ATM-7,PUT,24150,2026-07-17
2026-07-17 10:23:00+05:30,36.35,36.85,36.35,36.45,194025,6908265,15.611446,24258.8,23900.0,23800,ATM-7,PUT,24150,2026-07-17
2026-07-17 10:24:00+05:30,36.4,36.7,36.3,36.3,150540,6960720,15.5076,24255.6,23900.0,23800,ATM-7,PUT,24150,2026-07-17
2026-07-17 10:25:00+05:30,36.3,36.9,36.2,36.4,324740,6981845,15.736591,24263.9,23900.0,23800,ATM-7,PUT,24150,2026-07-17
2026-07-17 10:26:00+05:30,36.4,36.6,36.15,36.3,198380,7061405,15.769582,24265.75,23900.0,23800,ATM-7,PUT,24150,2026-07-17
2026-07-17 10:27:00+05:30,36.05,36.3,35.85,36.2,225355,7089095,15.803748,24267.65,23900.0,23800,ATM-7,PUT,24150,2026-07-17
2026-07-17 10:28:00+05:30,36.2,36.2,35.55,35.65,259870,7049380,15.862924,24273.3,23900.0,23800,ATM-7,PUT,24150,2026-07-17
2026-07-17 10:29:00+05:30,43.8,43.9,42.9,43.0,175305,4848025,15.839829,24281.55,23950.0,23800,ATM-7,PUT,24150,2026-07-17
2026-07-17 10:30:00+05:30,42.95,43.35,42.6,42.8,113555,4860895,15.755039,24279.4,23950.0,23800,ATM-7,PUT,24150,2026-07-17
2026-07-17 10:31:00+05:30,42.85,43.15,42.45,43.0,99775,4884555,15.883653,24283.1,23950.0,23800,ATM-7,PUT,24150,2026-07-17
2026-07-17 10:32:00+05:30,43.0,43.3,42.7,43.25,139685,4878055,15.976584,24285.2,23950.0,23800,ATM-7,PUT,24150,2026-07-17
2026-07-17 10:33:00+05:30,43.25,44.45,43.25,44.25,112450,4894890,15.97044,24279.65,23950.0,23800,ATM-7,PUT,24150,2026-07-17
2026-07-17 10:34:00+05:30,44.3,44.45,44.05,44.25,60645,4906915,16.096725,24284.3,23950.0,23800,ATM-7,PUT,24150,2026-07-17
2026-07-17 10:35:00+05:30,36.35,36.9,36.3,36.65,194220,7279545,15.998954,24272.2,23900.0,23800,ATM-7,PUT,24150,2026-07-17
2026-07-17 10:36:00+05:30,36.6,36.8,36.4,36.5,196365,7304895,15.984552,24272.5,23900.0,23800,ATM-7,PUT,24150,2026-07-17
2026-07-17 10:37:00+05:30,36.55,36.75,36.5,36.7,217685,7243600,15.882688,24267.25,23900.0,23800,ATM-7,PUT,24150,2026-07-17
2026-07-17 10:38:00+05:30,36.7,36.9,36.0,36.0,288015,7262450,15.789596,24267.8,23900.0,23800,ATM-7,PUT,24150,2026-07-17
2026-07-17 10:39:00+05:30,36.0,36.45,35.95,36.4,145275,7277595,15.838742,24267.25,23900.0,23800,ATM-7,PUT,24150,2026-07-17
2026-07-17 10:40:00+05:30,36.45,36.6,35.75,35.75,112320,7285330,15.769639,24268.45,23900.0,23800,ATM-7,PUT,24150,2026-07-17
2026-07-17 10:41:00+05:30,36.0,36.05,35.6,35.65,78715,7296640,15.813697,24270.75,23900.0,23800,ATM-7,PUT,24150,2026-07-17
2026-07-17 10:42:00+05:30,35.75,36.2,35.6,36.1,58110,7291050,15.846826,24269.25,23900.0,23800,ATM-7,PUT,24150,2026-07-17
2026-07-17 10:43:00+05:30,36.2,37.7,36.1,37.4,284440,7299955,15.504765,24248.15,23900.0,23800,ATM-7,PUT,24150,2026-07-17
2026-07-17 10:44:00+05:30,37.05,37.5,36.6,37.0,333645,7296640,15.728008,24259.1,23900.0,23800,ATM-7,PUT,24150,2026-07-17
2026-07-17 10:45:00+05:30,37.0,38.15,36.8,38.15,376025,7240545,15.753803,24253.3,23900.0,23800,ATM-7,PUT,24150,2026-07-17
2026-07-17 10:46:00+05:30,38.1,38.25,37.3,37.7,291590,7206745,15.666335,24252.5,23900.0,23800,ATM-7,PUT,24150,2026-07-17
2026-07-17 10:47:00+05:30,37.6,37.85,36.9,37.0,140790,7201610,15.610437,24254.4,23900.0,23800,ATM-7,PUT,24150,2026-07-17
2026-07-17 10:48:00+05:30,37.15,37.55,37.0,37.55,91975,7186465,15.67448,24253.6,23900.0,23800,ATM-7,PUT,24150,2026-07-17
2026-07-17 10:49:00+05:30,37.65,37.7,37.0,37.35,127790,7186335,15.54955,24249.9,23900.0,23800,ATM-7,PUT,24150,2026-07-17
2026-07-17 10:50:00+05:30,37.35,37.45,36.45,36.85,188890,7205315,15.50462,24251.05,23900.0,23800,ATM-7,PUT,24150,2026-07-17
2026-07-17 10:51:00+05:30,36.85,37.35,36.85,37.05,96525,7219940,15.480545,24248.9,23900.0,23800,ATM-7,PUT,24150,2026-07-17
2026-07-17 10:52:00+05:30,37.05,37.3,36.5,36.55,149760,7253935,15.479299,24251.75,23900.0,23800,ATM-7,PUT,24150,2026-07-17
2026-07-17 10:53:00+05:30,36.5,36.55,35.65,36.0,246610,7315230,15.510633,24256.2,23900.0,23800,ATM-7,PUT,24150,2026-07-17
2026-07-17 10:54:00+05:30,36.1,36.95,35.85,36.5,117585,7296770,15.571889,24255.55,23900.0,23800,ATM-7,PUT,24150,2026-07-17
2026-07-17 10:55:00+05:30,36.4,37.0,36.25,36.25,60580,7305285,15.56555,24256.75,23900.0,23800,ATM-7,PUT,24150,2026-07-17
2026-07-17 10:56:00+05:30,36.35,36.85,35.85,36.35,147810,7349875,15.558945,24255.85,23900.0,23800,ATM-7,PUT,24150,2026-07-17
2026-07-17 10:57:00+05:30,36.2,36.6,36.05,36.25,45955,7348445,15.561467,24256.5,23900.0,23800,ATM-7,PUT,24150,2026-07-17
2026-07-17 10:58:00+05:30,36.15,36.35,35.65,35.65,112905,7329725,15.502168,24257.75,23900.0,23800,ATM-7,PUT,24150,2026-07-17
2026-07-17 10:59:00+05:30,35.9,36.1,35.6,35.6,56810,7329985,15.476391,24257.0,23900.0,23800,ATM-7,PUT,24150,2026-07-17
2026-07-17 11:00:00+05:30,35.7,35.75,35.0,35.4,189735,7359300,15.520732,24259.9,23900.0,23800,ATM-7,PUT,24150,2026-07-17
2026-07-17 11:01:00+05:30,35.45,35.95,35.3,35.75,107640,7362225,15.49166,24256.6,23900.0,23800,ATM-7,PUT,24150,2026-07-17
2026-07-17 11:02:00+05:30,35.85,36.65,35.75,36.65,116415,7363525,15.423489,24248.55,23900.0,23800,ATM-7,PUT,24150,2026-07-17
2026-07-17 11:03:00+05:30,36.75,36.75,36.05,36.1,83330,7375030,15.381989,24250.15,23900.0,23800,ATM-7,PUT,24150,2026-07-17
2026-07-17 11:04:00+05:30,36.2,36.2,35.7,35.7,70850,7376005,15.52716,24258.15,23900.0,23800,ATM-7,PUT,24150,2026-07-17
2026-07-17 11:05:00+05:30,35.75,35.85,35.2,35.55,83915,7375355,15.608681,24262.2,23900.0,23800,ATM-7,PUT,24150,2026-07-17
2026-07-17 11:06:00+05:30,35.75,36.35,35.5,35.5,58695,7392905,15.594413,24261.9,23900.0,23800,ATM-7,PUT,24150,2026-07-17
2026-07-17 11:07:00+05:30,35.55,37.25,35.35,37.25,117065,7392645,15.458075,24246.15,23900.0,23800,ATM-7,PUT,24150,2026-07-17
2026-07-17 11:08:00+05:30,37.2,38.0,37.15,37.7,355420,7377370,15.323518,24238.35,23900.0,23800,ATM-7,PUT,24150,2026-07-17
2026-07-17 11:09:00+05:30,37.5,37.8,36.85,37.0,200460,7332195,15.31209,24241.9,23900.0,23800,ATM-7,PUT,24150,2026-07-17
2026-07-17 11:10:00+05:30,37.15,38.15,37.0,37.95,148460,7318155,15.377599,24238.9,23900.0,23800,ATM-7,PUT,24150,2026-07-17
2026-07-17 11:11:00+05:30,37.85,37.95,37.15,37.45,134550,7334535,15.352202,24240.75,23900.0,23800,ATM-7,PUT,24150,2026-07-17
2026-07-17 11:12:00+05:30,37.6,37.8,37.35,37.4,97955,7345520,15.370627,24241.7,23900.0,23800,ATM-7,PUT,24150,2026-07-17
2026-07-17 11:13:00+05:30,37.5,38.65,37.4,38.1,247260,7353840,15.377247,24237.9,23900.0,23800,ATM-7,PUT,24150,2026-07-17
2026-07-17 11:14:00+05:30,38.15,38.55,37.15,37.5,169585,7418840,15.23112,24235.7,23900.0,23800,ATM-7,PUT,24150,2026-07-17
2026-07-17 11:15:00+05:30,37.6,38.0,37.4,37.75,140920,7440420,15.354775,24238.95,23900.0,23800,ATM-7,PUT,24150,2026-07-17
2026-07-17 11:16:00+05:30,37.65,38.55,37.5,38.4,180245,7457580,15.358366,24235.35,23900.0,23800,ATM-7,PUT,24150,2026-07-17
2026-07-17 11:17:00+05:30,38.3,38.4,37.05,37.45,192530,7435220,15.326478,24239.5,23900.0,23800,ATM-7,PUT,24150,2026-07-17
2026-07-17 11:18:00+05:30,37.55,38.25,37.45,38.2,145015,7438795,15.371682,24236.9,23900.0,23800,ATM-7,PUT,24150,2026-07-17
2026-07-17 11:19:00+05:30,38.3,38.35,37.4,37.75,160875,7442955,15.430035,24241.65,23900.0,23800,ATM-7,PUT,24150,2026-07-17
2026-07-17 11:20:00+05:30,37.5,37.9,37.25,37.8,73775,7435415,15.441316,24241.75,23900.0,23800,ATM-7,PUT,24150,2026-07-17
2026-07-17 11:21:00+05:30,37.55,37.8,37.35,37.35,55770,7445100,15.373513,24241.7,23900.0,23800,ATM-7,PUT,24150,2026-07-17
2026-07-17 11:22:00+05:30,37.3,37.35,36.35,36.8,218595,7401030,15.492918,24249.45,23900.0,23800,ATM-7,PUT,24150,2026-07-17
2026-07-17 11:23:00+05:30,36.7,38.25,36.65,37.6,181935,7403305,15.328446,24238.45,23900.0,23800,ATM-7,PUT,24150,2026-07-17
2026-07-17 11:24:00+05:30,37.7,38.1,36.85,37.3,105235,7412275,15.486746,24246.2,23900.0,23800,ATM-7,PUT,24150,2026-07-17
2026-07-17 11:25:00+05:30,37.05,37.75,36.9,37.75,90090,7419425,15.464473,24242.7,23900.0,23800,ATM-7,PUT,24150,2026-07-17
2026-07-17 11:26:00+05:30,37.65,38.2,37.35,37.4,57200,7414420,15.379008,24241.4,23900.0,23800,ATM-7,PUT,24150,2026-07-17
2026-07-17 11:27:00+05:30,37.3,37.4,36.8,37.0,82745,7435155,15.374533,24243.5,23900.0,23800,ATM-7,PUT,24150,2026-07-17
2026-07-17 11:28:00+05:30,37.05,37.45,36.95,37.15,29250,7437495,15.442675,24245.2,23900.0,23800,ATM-7,PUT,24150,2026-07-17
2026-07-17 11:29:00+05:30,37.2,37.5,36.7,37.5,304720,7583225,15.439343,24243.0,23900.0,23800,ATM-7,PUT,24150,2026-07-17
2026-07-17 11:30:00+05:30,37.3,37.5,36.7,37.1,53495,7583355,15.410086,24244.15,23900.0,23800,ATM-7,PUT,24150,2026-07-17
2026-07-17 11:31:00+05:30,37.1,37.15,36.7,36.9,76115,7583355,15.434274,24246.2,23900.0,23800,ATM-7,PUT,24150,2026-07-17
2026-07-17 11:32:00+05:30,36.75,37.25,36.65,36.8,46800,7573085,15.333096,24242.85,23900.0,23800,ATM-7,PUT,24150,2026-07-17
2026-07-17 11:33:00+05:30,36.8,37.2,36.3,36.35,82615,7584460,15.424093,24248.95,23900.0,23800,ATM-7,PUT,24150,2026-07-17
2026-07-17 11:34:00+05:30,36.4,36.4,35.45,36.1,202865,7598500,15.481263,24252.6,23900.0,23800,ATM-7,PUT,24150,2026-07-17
2026-07-17 11:35:00+05:30,36.05,36.2,35.5,35.55,122785,7592065,15.550531,24258.55,23900.0,23800,ATM-7,PUT,24150,2026-07-17
2026-07-17 11:36:00+05:30,35.7,36.95,35.55,36.75,281125,7675525,15.537995,24250.85,23900.0,23800,ATM-7,PUT,24150,2026-07-17
2026-07-17 11:37:00+05:30,36.75,37.4,36.45,37.15,369200,7811245,15.497453,24246.9,23900.0,23800,ATM-7,PUT,24150,2026-07-17
2026-07-17 11:38:00+05:30,37.05,37.15,36.05,36.1,184925,7861945,15.449783,24251.2,23900.0,23800,ATM-7,PUT,24150,2026-07-17
2026-07-17 11:39:00+05:30,36.1,36.35,35.85,35.85,86450,7870005,15.563238,24257.05,23900.0,23800,ATM-7,PUT,24150,2026-07-17
2026-07-17 11:40:00+05:30,35.8,36.5,35.7,36.05,71695,7900425,15.632701,24258.5,23900.0,23800,ATM-7,PUT,24150,2026-07-17
2026-07-17 11:41:00+05:30,35.95,36.3,35.6,35.85,128895,7912320,15.72619,24263.3,23900.0,23800,ATM-7,PUT,24150,2026-07-17
2026-07-17 11:42:00+05:30,35.7,36.0,35.4,35.75,96070,7940270,15.66306,24261.4,23900.0,23800,ATM-7,PUT,24150,2026-07-17
2026-07-17 11:43:00+05:30,35.85,35.95,35.35,35.4,80795,7929415,15.627632,24262.1,23900.0,23800,ATM-7,PUT,24150,2026-07-17
2026-07-17 11:44:00+05:30,35.5,35.5,34.75,35.25,217945,7935200,15.735745,24267.2,23900.0,23800,ATM-7,PUT,24150,2026-07-17
2026-07-17 11:45:00+05:30,35.05,35.25,34.6,34.7,137605,7949045,15.760927,24271.55,23900.0,23800,ATM-7,PUT,24150,2026-07-17
2026-07-17 11:46:00+05:30,34.6,35.4,34.6,35.1,76570,7944040,15.76173,24269.05,23900.0,23800,ATM-7,PUT,24150,2026-07-17
2026-07-17 11:47:00+05:30,35.1,35.7,35.05,35.55,79820,7957755,15.764667,24266.35,23900.0,23800,ATM-7,PUT,24150,2026-07-17
2026-07-17 11:48:00+05:30,35.35,35.55,34.9,35.25,87620,7971340,15.75202,24267.65,23900.0,23800,ATM-7,PUT,24150,2026-07-17
2026-07-17 11:49:00+05:30,35.1,35.25,34.75,34.8,72735,7977775,15.68231,24267.65,23900.0,23800,ATM-7,PUT,24150,2026-07-17
2026-07-17 11:50:00+05:30,34.7,35.05,34.6,34.7,78780,7997405,15.742772,24270.6,23900.0,23800,ATM-7,PUT,24150,2026-07-17
2026-07-17 11:51:00+05:30,34.7,34.9,34.35,34.75,107575,7974850,15.796389,24272.35,23900.0,23800,ATM-7,PUT,24150,2026-07-17
2026-07-17 11:52:00+05:30,34.7,34.8,34.2,34.45,101530,7981155,15.787978,24273.85,23900.0,23800,ATM-7,PUT,24150,2026-07-17
2026-07-17 11:53:00+05:30,42.3,42.95,41.8,42.5,169065,4835155,15.791822,24278.7,23950.0,23800,ATM-7,PUT,24150,2026-07-17
2026-07-17 11:54:00+05:30,42.5,42.7,42.2,42.6,45825,4836520,15.81543,24279.0,23950.0,23800,ATM-7,PUT,24150,2026-07-17
2026-07-17 11:55:00+05:30,34.55,35.2,34.5,35.15,148005,7928700,15.926933,24274.8,23900.0,23800,ATM-7,PUT,24150,2026-07-17
2026-07-17 11:56:00+05:30,43.2,43.5,42.55,43.05,93860,4863625,15.918632,24280.35,23950.0,23800,ATM-7,PUT,24150,2026-07-17
2026-07-17 11:57:00+05:30,42.8,43.6,42.7,43.6,130065,4835480,15.971279,24279.35,23950.0,23800,ATM-7,PUT,24150,2026-07-17
2026-07-17 11:58:00+05:30,35.6,35.85,35.1,35.45,110630,7857330,15.983138,24275.0,23900.0,23800,ATM-7,PUT,24150,2026-07-17
2026-07-17 11:59:00+05:30,43.45,43.6,43.1,43.4,25350,4854785,15.904632,24277.85,23950.0,23800,ATM-7,PUT,24150,2026-07-17
2026-07-17 12:00:00+05:30,35.45,35.85,35.05,35.65,83850,7869420,15.912422,24270.9,23900.0,23800,ATM-7,PUT,24150,2026-07-17
2026-07-17 12:01:00+05:30,35.6,35.8,35.3,35.5,125580,7907705,15.819716,24268.15,23900.0,23800,ATM-7,PUT,24150,2026-07-17
2026-07-17 12:02:00+05:30,35.5,35.7,35.35,35.4,56225,7910760,15.783461,24267.3,23900.0,23800,ATM-7,PUT,24150,2026-07-17
2026-07-17 12:03:00+05:30,43.55,43.75,43.0,43.0,64415,4900870,15.788851,24275.5,23950.0,23800,ATM-7,PUT,24150,2026-07-17
2026-07-17 12:04:00+05:30,35.0,35.45,34.85,35.45,97240,7959055,15.986634,24274.85,23900.0,23800,ATM-7,PUT,24150,2026-07-17
2026-07-17 12:05:00+05:30,35.75,35.8,35.3,35.65,53365,7964515,16.00412,24274.25,23900.0,23800,ATM-7,PUT,24150,2026-07-17
2026-07-17 12:06:00+05:30,35.75,36.0,35.5,35.75,95355,7941245,15.85602,24267.8,23900.0,23800,ATM-7,PUT,24150,2026-07-17
2026-07-17 12:07:00+05:30,35.9,36.1,35.65,35.95,77480,7947550,15.77421,24263.35,23900.0,23800,ATM-7,PUT,24150,2026-07-17
2026-07-17 12:08:00+05:30,36.05,36.25,35.5,35.5,165165,7983560,15.826886,24268.1,23900.0,23800,ATM-7,PUT,24150,2026-07-17
2026-07-17 12:09:00+05:30,35.55,35.6,35.05,35.4,133835,8030230,15.968253,24274.2,23900.0,23800,ATM-7,PUT,24150,2026-07-17
2026-07-17 12:10:00+05:30,35.4,35.7,35.1,35.7,132730,7991750,16.011735,24274.0,23900.0,23800,ATM-7,PUT,24150,2026-07-17
2026-07-17 12:11:00+05:30,35.65,35.95,35.45,35.7,50570,7993830,15.950297,24271.55,23900.0,23800,ATM-7,PUT,24150,2026-07-17
2026-07-17 12:12:00+05:30,43.95,44.2,43.45,43.55,47515,4916470,15.888806,24275.9,23950.0,23800,ATM-7,PUT,24150,2026-07-17
2026-07-17 12:13:00+05:30,35.4,35.9,35.2,35.9,36725,8005530,15.957269,24270.5,23900.0,23800,ATM-7,PUT,24150,2026-07-17
2026-07-17 12:14:00+05:30,43.95,44.05,43.2,43.2,34255,4917380,15.859011,24276.55,23950.0,23800,ATM-7,PUT,24150,2026-07-17
2026-07-17 12:15:00+05:30,43.2,43.5,43.05,43.1,30290,4917315,15.952826,24280.5,23950.0,23800,ATM-7,PUT,24150,2026-07-17
2026-07-17 12:16:00+05:30,35.05,35.9,35.0,35.75,50440,8004815,16.034644,24274.3,23900.0,23800,ATM-7,PUT,24150,2026-07-17
2026-07-17 12:17:00+05:30,35.6,36.1,35.55,35.6,118755,7969260,15.958498,24272.2,23900.0,23800,ATM-7,PUT,24150,2026-07-17
2026-07-17 12:18:00+05:30,43.95,44.0,43.3,43.65,31915,4913090,15.903477,24275.65,23950.0,23800,ATM-7,PUT,24150,2026-07-17
2026-07-17 12:19:00+05:30,43.6,44.1,43.5,44.0,23595,4914650,15.94893,24275.45,23950.0,23800,ATM-7,PUT,24150,2026-07-17
2026-07-17 12:20:00+05:30,44.1,44.35,43.6,44.05,104845,4914650,16.101306,24280.75,23950.0,23800,ATM-7,PUT,24150,2026-07-17
2026-07-17 12:21:00+05:30,44.1,44.3,43.95,43.95,28275,4885400,16.054365,24279.5,23950.0,23800,ATM-7,PUT,24150,2026-07-17
2026-07-17 12:22:00+05:30,36.0,36.4,35.85,36.15,63310,7850635,16.043434,24271.9,23900.0,23800,ATM-7,PUT,24150,2026-07-17
2026-07-17 12:23:00+05:30,44.05,44.3,43.55,43.85,42575,4878575,16.084634,24281.05,23950.0,23800,ATM-7,PUT,24150,2026-07-17
2026-07-17 12:24:00+05:30,43.6,43.9,43.5,43.6,197275,4881760,16.069143,24281.75,23950.0,23800,ATM-7,PUT,24150,2026-07-17
2026-07-17 12:25:00+05:30,43.65,44.15,43.3,44.15,287170,4990440,16.065956,24278.7,23950.0,23800,ATM-7,PUT,24150,2026-07-17
2026-07-17 12:26:00+05:30,44.05,44.35,43.85,44.1,48100,5114070,16.021989,24277.3,23950.0,23800,ATM-7,PUT,24150,2026-07-17
2026-07-17 12:27:00+05:30,44.1,44.1,43.5,43.7,27170,5122715,16.0003,24278.55,23950.0,23800,ATM-7,PUT,24150,2026-07-17
2026-07-17 12:28:00+05:30,43.85,44.1,43.7,44.0,55705,5126745,16.02655,24277.9,23950.0,23800,ATM-7,PUT,24150,2026-07-17
2026-07-17 12:29:00+05:30,44.0,44.55,43.95,44.5,37765,5143905,16.091919,24277.65,23950.0,23800,ATM-7,PUT,24150,2026-07-17
2026-07-17 12:30:00+05:30,36.2,36.65,36.2,36.3,177125,7758920,16.144887,24274.55,23900.0,23800,ATM-7,PUT,24150,2026-07-17
2026-07-17 12:31:00+05:30,44.6,44.8,44.15,44.3,33150,5148780,16.051033,24277.1,23950.0,23800,ATM-7,PUT,24150,2026-07-17
2026-07-17 12:32:00+05:30,36.1,36.5,36.05,36.4,59020,7782515,16.142516,24273.75,23900.0,23800,ATM-7,PUT,24150,2026-07-17
2026-07-17 12:33:00+05:30,44.7,44.85,44.15,44.15,53495,5143840,16.123367,24280.45,23950.0,23800,ATM-7,PUT,24150,2026-07-17
2026-07-17 12:34:00+05:30,44.1,44.45,43.85,44.45,73450,5112250,16.186323,24281.15,23950.0,23800,ATM-7,PUT,24150,2026-07-17
2026-07-17 12:35:00+05:30,44.5,44.5,44.05,44.35,28535,5100225,16.177418,24281.3,23950.0,23800,ATM-7,PUT,24150,2026-07-17
2026-07-17 12:36:00+05:30,44.35,44.4,44.0,44.2,10660,5101135,16.166813,24281.65,23950.0,23800,ATM-7,PUT,24150,2026-07-17
2026-07-17 12:37:00+05:30,44.05,44.5,43.8,44.3,18265,5103215,16.107441,24278.9,23950.0,23800,ATM-7,PUT,24150,2026-07-17
2026-07-17 12:38:00+05:30,44.35,44.45,44.0,44.25,40430,5103085,16.090669,24278.5,23950.0,23800,ATM-7,PUT,24150,2026-07-17
2026-07-17 12:39:00+05:30,44.0,44.25,43.7,44.05,22360,5105295,16.043038,24277.75,23950.0,23800,ATM-7,PUT,24150,2026-07-17
2026-07-17 12:40:00+05:30,36.1,36.75,35.95,36.65,83850,7703670,16.005909,24266.55,23900.0,23800,ATM-7,PUT,24150,2026-07-17
2026-07-17 12:41:00+05:30,36.4,36.65,35.95,36.0,312715,7671820,15.969987,24269.05,23900.0,23800,ATM-7,PUT,24150,2026-07-17
2026-07-17 12:42:00+05:30,44.0,44.0,43.4,43.45,51740,5117060,16.02637,24280.15,23950.0,23800,ATM-7,PUT,24150,2026-07-17
2026-07-17 12:43:00+05:30,35.35,36.1,35.3,35.9,73970,7634055,16.109549,24275.0,23900.0,23800,ATM-7,PUT,24150,2026-07-17
2026-07-17 12:44:00+05:30,44.0,44.05,43.45,43.45,33735,5128045,15.944614,24277.05,23950.0,23800,ATM-7,PUT,24150,2026-07-17
2026-07-17 12:45:00+05:30,43.3,43.6,42.8,43.2,75595,5133700,16.084981,24283.5,23950.0,23800,ATM-7,PUT,24150,2026-07-17
2026-07-17 12:46:00+05:30,42.95,43.55,42.95,43.3,22295,5135715,16.066726,24282.25,23950.0,23800,ATM-7,PUT,24150,2026-07-17
2026-07-17 12:47:00+05:30,43.2,43.55,43.15,43.2,31005,5127980,16.169931,24286.55,23950.0,23800,ATM-7,PUT,24150,2026-07-17
2026-07-17 12:48:00+05:30,43.25,43.5,42.85,42.95,51480,5125900,16.153994,24287.25,23950.0,23800,ATM-7,PUT,24150,2026-07-17
2026-07-17 12:49:00+05:30,42.45,42.95,39.3,40.9,648180,5130970,16.037069,24294.0,23950.0,23800,ATM-7,PUT,24150,2026-07-17
2026-07-17 12:50:00+05:30,41.1,43.1,40.9,42.85,158600,4968860,16.043451,24283.6,23950.0,23800,ATM-7,PUT,24150,2026-07-17
2026-07-17 12:51:00+05:30,43.0,43.95,42.8,43.1,221065,4988295,16.019763,24281.35,23950.0,23800,ATM-7,PUT,24150,2026-07-17
2026-07-17 12:52:00+05:30,43.2,43.95,43.05,43.7,44200,4977700,16.063538,24279.75,23950.0,23800,ATM-7,PUT,24150,2026-07-17
2026-07-17 12:53:00+05:30,35.75,36.35,35.7,36.2,137410,7585955,16.105002,24272.5,23900.0,23800,ATM-7,PUT,24150,2026-07-17
2026-07-17 12:54:00+05:30,36.1,36.8,36.0,36.3,188890,7593820,16.158004,24273.9,23900.0,23800,ATM-7,PUT,24150,2026-07-17
2026-07-17 12:55:00+05:30,36.3,36.75,35.4,36.75,184470,7623330,16.160212,24271.2,23900.0,23800,ATM-7,PUT,24150,2026-07-17
2026-07-17 12:56:00+05:30,36.8,36.8,35.85,35.95,82810,7648420,16.122038,24274.55,23900.0,23800,ATM-7,PUT,24150,2026-07-17
2026-07-17 12:57:00+05:30,43.95,44.15,42.35,43.2,79885,4994405,16.014368,24280.35,23950.0,23800,ATM-7,PUT,24150,2026-07-17
2026-07-17 12:58:00+05:30,43.35,43.6,42.65,43.4,22035,4988230,16.006243,24278.95,23950.0,23800,ATM-7,PUT,24150,2026-07-17
2026-07-17 12:59:00+05:30,43.15,43.4,42.65,42.85,36920,4994795,16.04641,24283.3,23950.0,23800,ATM-7,PUT,24150,2026-07-17
2026-07-17 13:00:00+05:30,42.7,43.15,42.3,43.05,36140,5001360,16.062931,24282.8,23950.0,23800,ATM-7,PUT,24150,2026-07-17
2026-07-17 13:01:00+05:30,42.85,43.05,42.0,42.35,56680,5003440,15.988766,24283.75,23950.0,23800,ATM-7,PUT,24150,2026-07-17
2026-07-17 13:02:00+05:30,42.45,42.75,42.15,42.7,29120,5009290,15.902514,24278.65,23950.0,23800,ATM-7,PUT,24150,2026-07-17
2026-07-17 13:03:00+05:30,42.85,43.25,42.25,42.75,46020,5015725,15.96651,24280.7,23950.0,23800,ATM-7,PUT,24150,2026-07-17
2026-07-17 13:04:00+05:30,42.75,42.85,42.35,42.75,15730,5007600,15.944693,24279.85,23950.0,23800,ATM-7,PUT,24150,2026-07-17
2026-07-17 13:05:00+05:30,42.65,43.2,42.65,42.8,25805,5000450,15.987004,24281.1,23950.0,23800,ATM-7,PUT,24150,2026-07-17
2026-07-17 13:06:00+05:30,42.75,42.85,42.2,42.45,30485,4996550,16.014797,24283.95,23950.0,23800,ATM-7,PUT,24150,2026-07-17
2026-07-17 13:07:00+05:30,42.35,43.7,42.15,43.65,42185,4998500,15.984951,24276.45,23950.0,23800,ATM-7,PUT,24150,2026-07-17
2026-07-17 13:08:00+05:30,43.6,43.65,43.0,43.15,45630,4998175,16.004413,24279.75,23950.0,23800,ATM-7,PUT,24150,2026-07-17
2026-07-17 13:09:00+05:30,43.25,43.55,43.05,43.5,33605,4992065,16.008217,24278.0,23950.0,23800,ATM-7,PUT,24150,2026-07-17
2026-07-17 13:10:00+05:30,43.4,43.5,43.0,43.1,19565,4996550,15.992896,24279.5,23950.0,23800,ATM-7,PUT,24150,2026-07-17
2026-07-17 13:11:00+05:30,43.1,43.25,42.55,43.1,34060,4987515,15.988688,24279.3,23950.0,23800,ATM-7,PUT,24150,2026-07-17
2026-07-17 13:12:00+05:30,43.25,43.65,42.7,43.65,25350,4979130,16.015645,24277.35,23950.0,23800,ATM-7,PUT,24150,2026-07-17
2026-07-17 13:13:00+05:30,43.8,43.8,42.85,43.05,42575,4987905,15.906446,24276.45,23950.0,23800,ATM-7,PUT,24150,2026-07-17
2026-07-17 13:14:00+05:30,43.05,43.3,42.6,43.1,25220,4992390,16.080643,24282.55,23950.0,23800,ATM-7,PUT,24150,2026-07-17
2026-07-17 13:15:00+05:30,35.3,36.95,35.3,36.1,236730,7651085,16.101156,24271.9,23900.0,23800,ATM-7,PUT,24150,2026-07-17
2026-07-17 13:16:00+05:30,36.1,36.25,35.6,35.8,262210,7549685,16.078215,24272.8,23900.0,23800,ATM-7,PUT,24150,2026-07-17
2026-07-17 13:17:00+05:30,43.75,44.35,43.6,43.7,44720,4999150,15.975702,24275.4,23950.0,23800,ATM-7,PUT,24150,2026-07-17
2026-07-17 13:18:00+05:30,35.8,36.15,35.25,35.65,55575,7536815,16.050524,24272.55,23900.0,23800,ATM-7,PUT,24150,2026-07-17
2026-07-17 13:19:00+05:30,36.0,36.15,35.6,36.0,43485,7535190,16.153489,24274.35,23900.0,23800,ATM-7,PUT,24150,2026-07-17
2026-07-17 13:20:00+05:30,44.1,44.1,43.15,43.55,35165,5002595,16.009829,24277.3,23950.0,23800,ATM-7,PUT,24150,2026-07-17
2026-07-17 13:21:00+05:30,43.7,44.0,43.4,43.6,41730,5002270,16.022311,24277.45,23950.0,23800,ATM-7,PUT,24150,2026-07-17
2026-07-17 13:22:00+05:30,35.5,35.7,35.25,35.5,51090,7512180,16.077973,24274.35,23900.0,23800,ATM-7,PUT,24150,2026-07-17
2026-07-17 13:23:00+05:30,35.4,36.0,35.05,36.0,38610,7514130,16.021808,24269.05,23900.0,23800,ATM-7,PUT,24150,2026-07-17
2026-07-17 13:24:00+05:30,35.9,36.65,35.55,36.65,140920,7477795,16.05772,24266.45,23900.0,23800,ATM-7,PUT,24150,2026-07-17
2026-07-17 13:25:00+05:30,36.5,36.9,35.5,35.55,170755,7475065,15.942946,24268.65,23900.0,23800,ATM-7,PUT,24150,2026-07-17
2026-07-17 13:26:00+05:30,35.3,36.5,35.2,36.3,129025,7514000,15.96785,24265.0,23900.0,23800,ATM-7,PUT,24150,2026-07-17
2026-07-17 13:27:00+05:30,36.2,36.6,36.2,36.6,79170,7538895,15.93415,24261.85,23900.0,23800,ATM-7,PUT,24150,2026-07-17
2026-07-17 13:28:00+05:30,36.55,36.7,36.25,36.3,149630,7546890,15.857411,24260.65,23900.0,23800,ATM-7,PUT,24150,2026-07-17
2026-07-17 13:29:00+05:30,36.5,36.5,35.5,36.15,116480,7547995,16.007609,24267.3,23900.0,23800,ATM-7,PUT,24150,2026-07-17
2026-07-17 13:30:00+05:30,35.95,36.15,35.35,35.45,81640,7566000,15.961639,24269.75,23900.0,23800,ATM-7,PUT,24150,2026-07-17
2026-07-17 13:31:00+05:30,35.4,35.9,35.0,35.8,74230,7556965,15.974372,24268.05,23900.0,23800,ATM-7,PUT,24150,2026-07-17
2026-07-17 13:32:00+05:30,35.6,36.25,35.5,35.9,74880,7553130,15.951307,24266.5,23900.0,23800,ATM-7,PUT,24150,2026-07-17
2026-07-17 13:33:00+05:30,36.0,36.3,35.85,35.95,49335,7573020,15.894394,24263.95,23900.0,23800,ATM-7,PUT,24150,2026-07-17
2026-07-17 13:34:00+05:30,35.95,36.2,35.55,35.55,67730,7578935,15.877918,24265.7,23900.0,23800,ATM-7,PUT,24150,2026-07-17
2026-07-17 13:35:00+05:30,35.65,35.65,35.15,35.3,65260,7580690,15.888635,24267.6,23900.0,23800,ATM-7,PUT,24150,2026-07-17
2026-07-17 13:36:00+05:30,35.25,35.3,34.25,35.05,309660,7577635,15.906807,24269.8,23900.0,23800,ATM-7,PUT,24150,2026-07-17
2026-07-17 13:37:00+05:30,35.0,35.75,34.75,35.7,98085,7580625,15.879416,24264.7,23900.0,23800,ATM-7,PUT,24150,2026-07-17
2026-07-17 13:38:00+05:30,35.65,35.8,35.25,35.65,98410,7573020,15.901215,24265.8,23900.0,23800,ATM-7,PUT,24150,2026-07-17
2026-07-17 13:39:00+05:30,35.6,35.75,35.15,35.35,56030,7557615,15.950479,24269.5,23900.0,23800,ATM-7,PUT,24150,2026-07-17
2026-07-17 13:40:00+05:30,35.4,37.0,35.35,36.8,478920,7582055,15.887459,24258.25,23900.0,23800,ATM-7,PUT,24150,2026-07-17
2026-07-17 13:41:00+05:30,36.7,37.75,36.15,36.15,366405,7685600,15.693726,24254.65,23900.0,23800,ATM-7,PUT,24150,2026-07-17
2026-07-17 13:42:00+05:30,35.85,37.6,35.85,37.0,221585,7742540,15.73631,24251.2,23900.0,23800,ATM-7,PUT,24150,2026-07-17
2026-07-17 13:43:00+05:30,37.2,37.45,36.45,36.45,154765,7761910,15.577956,24248.35,23900.0,23800,ATM-7,PUT,24150,2026-07-17
2026-07-17 13:44:00+05:30,36.35,37.0,35.75,36.0,131560,7766135,15.663578,24254.25,23900.0,23800,ATM-7,PUT,24150,2026-07-17
2026-07-17 13:45:00+05:30,36.2,36.75,36.0,36.35,91195,7771400,15.670913,24252.4,23900.0,23800,ATM-7,PUT,24150,2026-07-17
2026-07-17 13:46:00+05:30,36.35,37.5,36.05,37.4,225225,7766980,15.642036,24245.1,23900.0,23800,ATM-7,PUT,24150,2026-07-17
2026-07-17 13:47:00+05:30,37.35,38.0,37.1,37.15,392665,7714785,15.436044,24238.7,23900.0,23800,ATM-7,PUT,24150,2026-07-17
2026-07-17 13:48:00+05:30,36.9,37.2,36.15,36.25,319410,7681765,15.519001,24247.05,23900.0,23800,ATM-7,PUT,24150,2026-07-17
2026-07-17 13:49:00+05:30,36.35,37.05,36.15,36.95,130065,7641335,15.440965,24239.95,23900.0,23800,ATM-7,PUT,24150,2026-07-17
2026-07-17 13:50:00+05:30,37.0,38.1,36.85,37.85,404235,7622160,15.2357,24227.05,23900.0,23800,ATM-7,PUT,24150,2026-07-17
2026-07-17 13:51:00+05:30,30.5,31.4,30.3,30.65,375180,4966195,15.14124,24215.95,23850.0,23800,ATM-7,PUT,24150,2026-07-17
2026-07-17 13:52:00+05:30,30.7,30.7,29.8,30.15,215995,4970875,15.219662,24222.35,23850.0,23800,ATM-7,PUT,24150,2026-07-17
2026-07-17 13:53:00+05:30,37.4,37.55,36.4,36.75,281840,7698730,15.131941,24229.25,23900.0,23800,ATM-7,PUT,24150,2026-07-17
2026-07-17 13:54:00+05:30,36.7,36.8,35.9,36.05,267605,7661875,15.099323,24232.0,23900.0,23800,ATM-7,PUT,24150,2026-07-17
2026-07-17 13:55:00+05:30,36.3,36.75,34.95,35.5,406705,7676110,15.134556,24236.5,23900.0,23800,ATM-7,PUT,24150,2026-07-17
2026-07-17 13:56:00+05:30,35.8,36.6,35.5,35.8,127400,7669220,15.083156,24232.75,23900.0,23800,ATM-7,PUT,24150,2026-07-17
2026-07-17 13:57:00+05:30,35.45,36.2,35.2,35.6,116025,7658625,15.078634,24233.7,23900.0,23800,ATM-7,PUT,24150,2026-07-17
2026-07-17 13:58:00+05:30,35.5,36.0,35.25,35.45,148265,7651735,15.159248,24237.6,23900.0,23800,ATM-7,PUT,24150,2026-07-17
2026-07-17 13:59:00+05:30,35.5,35.5,32.85,33.55,619840,7569965,15.188021,24250.1,23900.0,23800,ATM-7,PUT,24150,2026-07-17
2026-07-17 14:00:00+05:30,33.85,34.35,33.55,33.8,322660,7463950,15.195303,24248.8,23900.0,23800,ATM-7,PUT,24150,2026-07-17
2026-07-17 14:01:00+05:30,33.7,34.5,33.55,33.95,155675,7377630,15.168409,24246.8,23900.0,23800,ATM-7,PUT,24150,2026-07-17
2026-07-17 14:02:00+05:30,34.15,34.6,33.65,34.05,151190,7351695,15.102271,24243.6,23900.0,23800,ATM-7,PUT,24150,2026-07-17
2026-07-17 14:03:00+05:30,34.15,34.3,33.6,33.85,59150,7357480,15.140679,24246.25,23900.0,23800,ATM-7,PUT,24150,2026-07-17
2026-07-17 14:04:00+05:30,33.65,33.85,33.0,33.25,146380,7357415,15.152525,24250.35,23900.0,23800,ATM-7,PUT,24150,2026-07-17
2026-07-17 14:05:00+05:30,33.3,33.3,32.1,32.55,208975,7359235,15.153148,24254.7,23900.0,23800,ATM-7,PUT,24150,2026-07-17
2026-07-17 14:06:00+05:30,32.65,33.5,32.5,33.5,161785,7306520,15.176682,24249.65,23900.0,23800,ATM-7,PUT,24150,2026-07-17
2026-07-17 14:07:00+05:30,33.55,33.55,32.8,32.85,116870,7286630,15.110036,24251.05,23900.0,23800,ATM-7,PUT,24150,2026-07-17
2026-07-17 14:08:00+05:30,32.9,33.65,32.75,33.3,79105,7294365,15.184577,24251.1,23900.0,23800,ATM-7,PUT,24150,2026-07-17
2026-07-17 14:09:00+05:30,33.2,33.35,32.95,33.05,47450,7296575,15.193403,24252.95,23900.0,23800,ATM-7,PUT,24150,2026-07-17
2026-07-17 14:10:00+05:30,33.0,33.15,32.6,32.7,78260,7292935,15.165282,24254.0,23900.0,23800,ATM-7,PUT,24150,2026-07-17
2026-07-17 14:11:00+05:30,32.75,32.75,31.0,31.0,449410,7274605,15.175242,24265.25,23900.0,23800,ATM-7,PUT,24150,2026-07-17
2026-07-17 14:12:00+05:30,31.15,31.15,29.75,29.9,436020,7209410,15.152146,24271.6,23900.0,23800,ATM-7,PUT,24150,2026-07-17
2026-07-17 14:13:00+05:30,37.35,37.4,36.05,36.55,575315,4851275,15.042038,24277.25,23950.0,23800,ATM-7,PUT,24150,2026-07-17
2026-07-17 14:14:00+05:30,36.5,37.25,36.2,36.45,350610,4789395,15.11551,24280.55,23950.0,23800,ATM-7,PUT,24150,2026-07-17
2026-07-17 14:15:00+05:30,45.5,45.95,33.6,33.6,2777515,16764865,15.03357,24345.4,24000.0,23800,ATM-7,PUT,24150,2026-07-17
2026-07-17 14:16:00+05:30,32.9,37.4,31.6,35.6,2991885,16348215,15.802444,24362.9,24000.0,23800,ATM-7,PUT,24150,2026-07-17
2026-07-17 14:17:00+05:30,35.4,37.65,35.4,37.0,2251795,16356665,15.618457,24347.45,24000.0,23800,ATM-7,PUT,24150,2026-07-17
2026-07-17 14:18:00+05:30,38.15,39.55,36.9,37.85,1874080,16300375,15.359005,24332.7,24000.0,23800,ATM-7,PUT,24150,2026-07-17
2026-07-17 14:19:00+05:30,30.9,32.35,30.55,32.35,517205,4845165,15.203227,24308.45,23950.0,23800,ATM-7,PUT,24150,2026-07-17
2026-07-17 14:20:00+05:30,32.15,33.9,31.35,33.9,381030,4813640,15.564554,24312.75,23950.0,23800,ATM-7,PUT,24150,2026-07-17
2026-07-17 14:21:00+05:30,33.75,35.4,33.2,34.75,468715,4726865,15.61359,24309.35,23950.0,23800,ATM-7,PUT,24150,2026-07-17
2026-07-17 14:22:00+05:30,34.8,36.2,34.6,36.0,257400,4682340,15.592634,24300.95,23950.0,23800,ATM-7,PUT,24150,2026-07-17
2026-07-17 14:23:00+05:30,36.9,38.1,35.85,38.1,329160,4673500,15.699113,24292.7,23950.0,23800,ATM-7,PUT,24150,2026-07-17
2026-07-17 14:24:00+05:30,38.05,38.1,35.3,35.45,278980,4634630,15.440109,24298.3,23950.0,23800,ATM-7,PUT,24150,2026-07-17
2026-07-17 14:25:00+05:30,35.25,35.85,33.2,34.4,294580,4591925,15.509897,24307.3,23950.0,23800,ATM-7,PUT,24150,2026-07-17
2026-07-17 14:26:00+05:30,34.45,34.55,33.6,33.6,186875,4569630,15.48514,24311.25,23950.0,23800,ATM-7,PUT,24150,2026-07-17
2026-07-17 14:27:00+05:30,33.5,34.0,32.45,32.45,198640,4555655,15.292841,24310.95,23950.0,23800,ATM-7,PUT,24150,2026-07-17
2026-07-17 14:28:00+05:30,32.3,32.9,31.75,32.8,177320,4539470,15.313697,24309.5,23950.0,23800,ATM-7,PUT,24150,2026-07-17
2026-07-17 14:29:00+05:30,34.2,36.15,32.8,35.5,481195,4495270,15.168212,24287.4,23950.0,23800,ATM-7,PUT,24150,2026-07-17
2026-07-17 14:30:00+05:30,35.35,35.5,33.0,33.45,302185,4512690,15.296052,24304.65,23950.0,23800,ATM-7,PUT,24150,2026-07-17
2026-07-17 14:31:00+05:30,33.3,34.4,33.05,34.0,131625,4490915,15.272451,24300.3,23950.0,23800,ATM-7,PUT,24150,2026-07-17
2026-07-17 14:32:00+05:30,34.05,34.4,33.4,33.7,159055,4476745,15.196237,24299.15,23950.0,23800,ATM-7,PUT,24150,2026-07-17
2026-07-17 14:33:00+05:30,34.05,34.45,33.7,33.95,85215,4460430,15.143687,24295.55,23950.0,23800,ATM-7,PUT,24150,2026-07-17
2026-07-17 14:34:00+05:30,34.1,34.2,33.45,33.7,104910,4457765,15.168823,24298.0,23950.0,23800,ATM-7,PUT,24150,2026-07-17
2026-07-17 14:35:00+05:30,33.8,34.15,33.6,34.0,46345,4460820,15.234434,24298.65,23950.0,23800,ATM-7,PUT,24150,2026-07-17
2026-07-17 14:36:00+05:30,33.9,34.75,33.9,34.35,111215,4452370,15.150412,24293.25,23950.0,23800,ATM-7,PUT,24150,2026-07-17
2026-07-17 14:37:00+05:30,34.5,34.8,33.8,34.45,97630,4476550,15.162083,24293.05,23950.0,23800,ATM-7,PUT,24150,2026-07-17
2026-07-17 14:38:00+05:30,34.55,35.05,33.45,33.75,115765,4448925,15.206122,24298.95,23950.0,23800,ATM-7,PUT,24150,2026-07-17
2026-07-17 14:39:00+05:30,33.7,34.0,33.25,33.4,111150,4411875,15.124439,24297.9,23950.0,23800,ATM-7,PUT,24150,2026-07-17
2026-07-17 14:40:00+05:30,33.45,33.9,33.15,33.6,84955,4397445,15.263557,24302.0,23950.0,23800,ATM-7,PUT,24150,2026-07-17
2026-07-17 14:41:00+05:30,33.6,33.9,32.55,32.6,115115,4413045,15.357009,24311.85,23950.0,23800,ATM-7,PUT,24150,2026-07-17
2026-07-17 14:42:00+05:30,32.6,33.15,32.4,32.4,81380,4406805,15.288584,24310.4,23950.0,23800,ATM-7,PUT,24150,2026-07-17
2026-07-17 14:43:00+05:30,32.4,32.4,31.6,32.2,185900,4387825,15.300613,24312.1,23950.0,23800,ATM-7,PUT,24150,2026-07-17
2026-07-17 14:44:00+05:30,32.25,32.25,31.05,31.25,133575,4374955,15.286555,24317.65,23950.0,23800,ATM-7,PUT,24150,2026-07-17
2026-07-17 14:45:00+05:30,31.5,31.75,31.1,31.35,76570,4359615,15.351188,24319.5,23950.0,23800,ATM-7,PUT,24150,2026-07-17
2026-07-17 14:46:00+05:30,38.95,39.5,37.55,37.85,611325,16214640,15.18819,24325.05,24000.0,23800,ATM-7,PUT,24150,2026-07-17
2026-07-17 14:47:00+05:30,30.7,31.15,30.35,30.75,73450,4333810,15.306629,24321.6,23950.0,23800,ATM-7,PUT,24150,2026-07-17
2026-07-17 14:48:00+05:30,30.8,31.55,29.8,29.8,279630,4372615,15.114019,24320.25,23950.0,23800,ATM-7,PUT,24150,2026-07-17
2026-07-17 14:49:00+05:30,30.0,30.0,28.95,29.15,251420,4329260,15.098462,24324.0,23950.0,23800,ATM-7,PUT,24150,2026-07-17
2026-07-17 14:50:00+05:30,29.2,30.0,28.65,29.8,226395,4307095,15.110122,24320.0,23950.0,23800,ATM-7,PUT,24150,2026-07-17
2026-07-17 14:51:00+05:30,29.8,30.35,29.0,30.1,122005,4273490,15.087735,24317.05,23950.0,23800,ATM-7,PUT,24150,2026-07-17
2026-07-17 14:52:00+05:30,30.05,30.2,29.65,30.15,83330,4289935,15.161506,24319.6,23950.0,23800,ATM-7,PUT,24150,2026-07-17
2026-07-17 14:53:00+05:30,30.15,30.3,29.0,29.0,200590,4321460,14.990184,24320.5,23950.0,23800,ATM-7,PUT,24150,2026-07-17
2026-07-17 14:54:00+05:30,29.25,29.9,29.0,29.45,97890,4316975,15.079326,24320.95,23950.0,23800,ATM-7,PUT,24150,2026-07-17
2026-07-17 14:55:00+05:30,37.05,37.6,36.7,36.75,493545,16671655,15.095824,24327.4,24000.0,23800,ATM-7,PUT,24150,2026-07-17
2026-07-17 14:56:00+05:30,28.7,30.25,28.35,30.0,311480,4258345,15.274058,24324.9,23950.0,23800,ATM-7,PUT,24150,2026-07-17
2026-07-17 14:57:00+05:30,29.85,30.55,29.75,30.3,111085,4254965,15.243058,24321.6,23950.0,23800,ATM-7,PUT,24150,2026-07-17
2026-07-17 14:58:00+05:30,30.15,31.15,30.1,30.7,211120,4280120,15.166235,24315.85,23950.0,23800,ATM-7,PUT,24150,2026-07-17
2026-07-17 14:59:00+05:30,30.75,31.05,30.25,30.8,181350,4290780,15.080207,24311.75,23950.0,23800,ATM-7,PUT,24150,2026-07-17
2026-07-17 15:00:00+05:30,30.65,31.1,28.5,28.7,524030,4294550,15.026791,24323.7,23950.0,23800,ATM-7,PUT,24150,2026-07-17
2026-07-17 15:01:00+05:30,36.05,36.9,34.75,36.4,1399840,16545815,15.001881,24325.6,24000.0,23800,ATM-7,PUT,24150,2026-07-17
2026-07-17 15:02:00+05:30,29.25,30.2,29.0,29.7,141440,4205695,15.216524,24324.35,23950.0,23800,ATM-7,PUT,24150,2026-07-17
2026-07-17 15:03:00+05:30,29.8,30.45,29.4,30.25,149630,4208620,15.149873,24317.95,23950.0,23800,ATM-7,PUT,24150,2026-07-17
2026-07-17 15:04:00+05:30,30.5,30.6,29.5,29.8,153140,4154215,15.178231,24322.05,23950.0,23800,ATM-7,PUT,24150,2026-07-17
2026-07-17 15:05:00+05:30,37.15,37.25,36.0,36.1,700375,16250520,15.012732,24327.55,24000.0,23800,ATM-7,PUT,24150,2026-07-17
2026-07-17 15:06:00+05:30,36.1,36.1,35.05,35.45,1045590,16126045,14.984514,24330.2,24000.0,23800,ATM-7,PUT,24150,2026-07-17
2026-07-17 15:07:00+05:30,35.3,35.75,34.05,34.7,1958190,16019250,14.977702,24334.3,24000.0,23800,ATM-7,PUT,24150,2026-07-17
2026-07-17 15:08:00+05:30,35.0,35.55,34.7,35.0,814580,15836145,14.967547,24332.1,24000.0,23800,ATM-7,PUT,24150,2026-07-17
2026-07-17 15:09:00+05:30,34.95,35.25,34.3,35.2,442910,15793570,15.037858,24333.55,24000.0,23800,ATM-7,PUT,24150,2026-07-17
2026-07-17 15:10:00+05:30,35.4,36.1,35.15,35.5,537745,15680145,15.037855,24331.75,24000.0,23800,ATM-7,PUT,24150,2026-07-17
2026-07-17 15:11:00+05:30,35.5,35.65,34.8,35.0,549640,15622945,14.975017,24332.25,24000.0,23800,ATM-7,PUT,24150,2026-07-17
2026-07-17 15:12:00+05:30,35.1,35.1,33.7,34.3,653705,15501525,14.967098,24336.05,24000.0,23800,ATM-7,PUT,24150,2026-07-17
2026-07-17 15:13:00+05:30,34.5,35.0,34.3,34.75,701675,15347605,15.008284,24334.9,24000.0,23800,ATM-7,PUT,24150,2026-07-17
2026-07-17 15:14:00+05:30,34.9,36.4,34.75,36.1,662415,15166710,15.055179,24328.75,24000.0,23800,ATM-7,PUT,24150,2026-07-17
2026-07-17 15:15:00+05:30,29.35,31.1,28.8,30.55,566540,4108000,15.363552,24323.85,23950.0,23800,ATM-7,PUT,24150,2026-07-17
2026-07-17 15:16:00+05:30,31.0,31.5,30.5,30.7,320190,4123600,15.366045,24322.9,23950.0,23800,ATM-7,PUT,24150,2026-07-17
2026-07-17 15:17:00+05:30,38.45,38.5,37.2,37.8,445445,14997905,15.230945,24325.55,24000.0,23800,ATM-7,PUT,24150,2026-07-17
2026-07-17 15:18:00+05:30,37.7,38.0,37.3,37.9,492830,14823315,15.334323,24328.8,24000.0,23800,ATM-7,PUT,24150,2026-07-17
2026-07-17 15:19:00+05:30,37.85,38.35,37.5,38.25,595530,14527175,15.393525,24329.0,24000.0,23800,ATM-7,PUT,24150,2026-07-17
2026-07-17 15:20:00+05:30,38.35,39.2,37.55,37.65,990210,14090505,15.409995,24332.95,24000.0,23800,ATM-7,PUT,24150,2026-07-17
2026-07-17 15:21:00+05:30,37.8,38.4,35.25,35.7,921635,13889005,15.118673,24333.15,24000.0,23800,ATM-7,PUT,24150,2026-07-17
2026-07-17 15:22:00+05:30,35.6,36.75,35.0,36.4,993200,13577915,15.325487,24336.85,24000.0,23800,ATM-7,PUT,24150,2026-07-17
2026-07-17 15:23:00+05:30,36.35,37.1,35.8,36.25,908180,13641095,15.33274,24337.95,24000.0,23800,ATM-7,PUT,24150,2026-07-17
2026-07-17 15:24:00+05:30,36.2,36.5,35.6,36.4,896675,13441220,15.48527,24342.8,24000.0,23800,ATM-7,PUT,24150,2026-07-17
2026-07-17 15:25:00+05:30,36.8,38.1,36.4,37.75,1050530,13340990,15.752213,24345.0,24000.0,23800,ATM-7,PUT,24150,2026-07-17
2026-07-17 15:26:00+05:30,37.8,37.9,36.55,37.3,673335,13148850,15.62617,24342.8,24000.0,23800,ATM-7,PUT,24150,2026-07-17
2026-07-17 15:27:00+05:30,37.4,37.75,36.5,37.0,666315,13186290,15.613147,24344.0,24000.0,23800,ATM-7,PUT,24150,2026-07-17
2026-07-17 15:28:00+05:30,36.75,37.05,34.8,34.95,1133665,13080275,15.175452,24339.4,24000.0,23800,ATM-7,PUT,24150,2026-07-17
2026-07-17 15:29:00+05:30,35.5,35.5,32.95,33.45,1374035,12973025,15.130749,24346.7,24000.0,23800,ATM-7,PUT,24150,2026-07-17
2026-07-17 09:15:00+05:30,286.0,318.65,273.95,318.65,78000,138840,0.0,24151.25,23850.0,23850,ATM-6,CALL,24150,2026-07-17
2026-07-17 09:16:00+05:30,324.85,336.4,318.65,335.25,46475,112125,0.0,24171.0,23850.0,23850,ATM-6,CALL,24150,2026-07-17
2026-07-17 09:17:00+05:30,297.3,304.55,296.7,299.0,138255,635375,0.0,24176.15,23900.0,23850,ATM-6,CALL,24150,2026-07-17
2026-07-17 09:18:00+05:30,300.65,314.25,299.0,314.25,73060,625430,0.0,24187.4,23900.0,23850,ATM-6,CALL,24150,2026-07-17
2026-07-17 09:19:00+05:30,314.1,318.5,309.0,314.95,81380,624260,0.0,24187.85,23900.0,23850,ATM-6,CALL,24150,2026-07-17
2026-07-17 09:20:00+05:30,312.0,320.0,309.15,312.2,85085,615095,0.0,24187.75,23900.0,23850,ATM-6,CALL,24150,2026-07-17
2026-07-17 09:21:00+05:30,313.85,314.8,307.25,310.2,55055,600340,0.0,24185.75,23900.0,23850,ATM-6,CALL,24150,2026-07-17
2026-07-17 09:22:00+05:30,310.1,314.6,308.75,313.6,47060,607620,0.0,24188.75,23900.0,23850,ATM-6,CALL,24150,2026-07-17
2026-07-17 09:23:00+05:30,313.5,315.0,309.05,309.4,46150,621075,0.0,24186.15,23900.0,23850,ATM-6,CALL,24150,2026-07-17
2026-07-17 09:24:00+05:30,310.0,318.55,307.65,317.4,56745,620035,0.0,24191.9,23900.0,23850,ATM-6,CALL,24150,2026-07-17
2026-07-17 09:25:00+05:30,317.8,326.45,317.4,323.15,79300,633490,0.0,24198.85,23900.0,23850,ATM-6,CALL,24150,2026-07-17
2026-07-17 09:26:00+05:30,324.7,327.2,320.05,321.7,38155,632645,0.0,24199.8,23900.0,23850,ATM-6,CALL,24150,2026-07-17
2026-07-17 09:27:00+05:30,321.8,328.35,318.7,325.85,68575,641745,0.0,24202.85,23900.0,23850,ATM-6,CALL,24150,2026-07-17
2026-07-17 09:28:00+05:30,325.4,326.55,323.5,326.1,21515,650650,0.0,24204.8,23900.0,23850,ATM-6,CALL,24150,2026-07-17
2026-07-17 09:29:00+05:30,325.0,331.95,324.1,331.2,29055,652795,0.0,24210.0,23900.0,23850,ATM-6,CALL,24150,2026-07-17
2026-07-17 09:30:00+05:30,332.45,334.15,321.7,325.55,67600,652210,0.0,24203.7,23900.0,23850,ATM-6,CALL,24150,2026-07-17
2026-07-17 09:31:00+05:30,324.9,326.25,316.95,317.3,41600,659230,0.0,24196.85,23900.0,23850,ATM-6,CALL,24150,2026-07-17
2026-07-17 09:32:00+05:30,318.7,325.0,313.85,325.0,39910,668395,0.0,24205.2,23900.0,23850,ATM-6,CALL,24150,2026-07-17
2026-07-17 09:33:00+05:30,325.75,331.1,323.1,329.65,29120,676845,0.0,24210.7,23900.0,23850,ATM-6,CALL,24150,2026-07-17
2026-07-17 09:34:00+05:30,329.9,334.65,322.5,323.65,62660,680225,0.0,24206.6,23900.0,23850,ATM-6,CALL,24150,2026-07-17
2026-07-17 09:35:00+05:30,323.5,326.45,322.9,323.0,8125,694395,0.0,24207.05,23900.0,23850,ATM-6,CALL,24150,2026-07-17
2026-07-17 09:36:00+05:30,323.45,325.8,318.65,325.2,24830,697320,0.0,24209.4,23900.0,23850,ATM-6,CALL,24150,2026-07-17
2026-07-17 09:37:00+05:30,326.0,333.0,323.9,332.0,23660,705965,0.0,24216.25,23900.0,23850,ATM-6,CALL,24150,2026-07-17
2026-07-17 09:38:00+05:30,332.45,336.0,329.95,334.0,69225,702195,0.0,24221.55,23900.0,23850,ATM-6,CALL,24150,2026-07-17
2026-07-17 09:39:00+05:30,335.55,336.95,330.0,331.25,22230,697905,0.0,24219.15,23900.0,23850,ATM-6,CALL,24150,2026-07-17
2026-07-17 09:40:00+05:30,330.15,335.35,328.95,333.0,29315,698100,0.0,24221.05,23900.0,23850,ATM-6,CALL,24150,2026-07-17
2026-07-17 09:41:00+05:30,334.75,335.75,331.75,332.95,10725,694330,0.0,24222.2,23900.0,23850,ATM-6,CALL,24150,2026-07-17
2026-07-17 09:42:00+05:30,333.55,337.1,331.7,335.5,12675,694265,0.0,24224.7,23900.0,23850,ATM-6,CALL,24150,2026-07-17
2026-07-17 09:43:00+05:30,295.2,299.4,294.0,297.1,16510,445120,0.0,24225.15,23950.0,23850,ATM-6,CALL,24150,2026-07-17
2026-07-17 09:44:00+05:30,298.0,304.35,292.6,299.7,42640,435955,0.0,24231.3,23950.0,23850,ATM-6,CALL,24150,2026-07-17
2026-07-17 09:45:00+05:30,301.0,311.45,299.7,302.95,56550,434070,0.0,24234.5,23950.0,23850,ATM-6,CALL,24150,2026-07-17
2026-07-17 09:46:00+05:30,305.0,309.65,301.0,306.9,19240,429585,0.0,24241.45,23950.0,23850,ATM-6,CALL,24150,2026-07-17
2026-07-17 09:47:00+05:30,307.4,311.45,303.2,304.45,13910,427570,0.0,24236.35,23950.0,23850,ATM-6,CALL,24150,2026-07-17
2026-07-17 09:48:00+05:30,306.25,310.0,304.05,307.35,12935,428870,0.0,24240.05,23950.0,23850,ATM-6,CALL,24150,2026-07-17
2026-07-17 09:49:00+05:30,307.75,307.75,302.0,304.9,8060,431860,0.0,24236.85,23950.0,23850,ATM-6,CALL,24150,2026-07-17
2026-07-17 09:50:00+05:30,304.6,310.2,304.6,309.55,8710,434135,0.0,24243.2,23950.0,23850,ATM-6,CALL,24150,2026-07-17
2026-07-17 09:51:00+05:30,305.4,309.55,295.35,296.55,10660,434330,0.0,24228.9,23950.0,23850,ATM-6,CALL,24150,2026-07-17
2026-07-17 09:52:00+05:30,297.55,299.7,295.95,296.75,8190,433030,0.0,24229.95,23950.0,23850,ATM-6,CALL,24150,2026-07-17
2026-07-17 09:53:00+05:30,296.45,301.05,295.65,300.65,9035,434655,0.0,24233.1,23950.0,23850,ATM-6,CALL,24150,2026-07-17
2026-07-17 09:54:00+05:30,302.55,311.3,300.65,307.5,13715,437450,0.0,24240.0,23950.0,23850,ATM-6,CALL,24150,2026-07-17
2026-07-17 09:55:00+05:30,306.9,307.5,296.0,297.7,13325,438750,0.0,24230.2,23950.0,23850,ATM-6,CALL,24150,2026-07-17
2026-07-17 09:56:00+05:30,337.0,338.0,329.35,331.9,20215,685100,0.0,24223.1,23900.0,23850,ATM-6,CALL,24150,2026-07-17
2026-07-17 09:57:00+05:30,333.0,333.45,325.6,329.1,29640,685230,0.0,24219.35,23900.0,23850,ATM-6,CALL,24150,2026-07-17
2026-07-17 09:58:00+05:30,288.3,296.25,286.8,295.5,14365,440700,0.0,24229.05,23950.0,23850,ATM-6,CALL,24150,2026-07-17
2026-07-17 09:59:00+05:30,296.6,298.65,293.0,298.65,11700,443495,0.0,24228.85,23950.0,23850,ATM-6,CALL,24150,2026-07-17
2026-07-17 10:00:00+05:30,338.6,342.9,327.1,329.4,14690,689325,0.0,24221.65,23900.0,23850,ATM-6,CALL,24150,2026-07-17
2026-07-17 10:01:00+05:30,328.2,333.7,317.7,321.6,30745,690365,0.0,24212.35,23900.0,23850,ATM-6,CALL,24150,2026-07-17
2026-07-17 10:02:00+05:30,322.7,324.55,321.0,321.8,22620,696865,0.0,24215.9,23900.0,23850,ATM-6,CALL,24150,2026-07-17
2026-07-17 10:03:00+05:30,322.1,325.15,321.0,323.65,9425,697645,0.0,24214.95,23900.0,23850,ATM-6,CALL,24150,2026-07-17
2026-07-17 10:04:00+05:30,321.65,324.35,319.8,321.15,17290,699075,0.0,24214.5,23900.0,23850,ATM-6,CALL,24150,2026-07-17
2026-07-17 10:05:00+05:30,322.45,330.7,320.35,329.1,11830,703495,0.0,24221.3,23900.0,23850,ATM-6,CALL,24150,2026-07-17
2026-07-17 10:06:00+05:30,328.9,332.9,328.0,328.8,16120,702260,0.0,24222.7,23900.0,23850,ATM-6,CALL,24150,2026-07-17
2026-07-17 10:07:00+05:30,288.2,291.2,286.9,290.25,5265,464360,0.0,24225.65,23950.0,23850,ATM-6,CALL,24150,2026-07-17
2026-07-17 10:08:00+05:30,291.2,293.4,287.0,293.4,6890,465010,0.0,24227.6,23950.0,23850,ATM-6,CALL,24150,2026-07-17
2026-07-17 10:09:00+05:30,293.3,299.7,292.6,295.35,24700,461565,0.0,24231.95,23950.0,23850,ATM-6,CALL,24150,2026-07-17
2026-07-17 10:10:00+05:30,294.45,296.75,292.7,292.8,13390,457925,0.0,24230.65,23950.0,23850,ATM-6,CALL,24150,2026-07-17
2026-07-17 10:11:00+05:30,292.15,295.05,292.15,294.95,2730,457340,0.0,24233.25,23950.0,23850,ATM-6,CALL,24150,2026-07-17
2026-07-17 10:12:00+05:30,295.1,305.1,294.95,304.9,22620,455195,0.0,24239.9,23950.0,23850,ATM-6,CALL,24150,2026-07-17
2026-07-17 10:13:00+05:30,306.3,309.6,304.8,306.25,20475,447785,0.0,24246.1,23950.0,23850,ATM-6,CALL,24150,2026-07-17
2026-07-17 10:14:00+05:30,306.7,306.75,299.9,300.5,8125,446680,0.0,24239.85,23950.0,23850,ATM-6,CALL,24150,2026-07-17
2026-07-17 10:15:00+05:30,300.95,306.6,300.2,306.4,9360,448760,0.0,24245.7,23950.0,23850,ATM-6,CALL,24150,2026-07-17
2026-07-17 10:16:00+05:30,307.4,310.0,306.4,308.05,25870,451620,0.0,24247.15,23950.0,23850,ATM-6,CALL,24150,2026-07-17
2026-07-17 10:17:00+05:30,307.7,320.5,307.7,317.85,34905,446810,0.0,24253.65,23950.0,23850,ATM-6,CALL,24150,2026-07-17
2026-07-17 10:18:00+05:30,318.5,356.3,317.65,356.3,68640,426010,8.162374,24274.45,23950.0,23850,ATM-6,CALL,24150,2026-07-17
2026-07-17 10:19:00+05:30,349.15,356.3,336.9,339.35,18265,411905,0.0,24273.95,23950.0,23850,ATM-6,CALL,24150,2026-07-17
2026-07-17 10:20:00+05:30,343.15,345.85,334.25,335.65,18135,406705,0.0,24266.75,23950.0,23850,ATM-6,CALL,24150,2026-07-17
2026-07-17 10:21:00+05:30,335.65,338.35,332.2,334.0,8385,404885,0.0,24268.3,23950.0,23850,ATM-6,CALL,24150,2026-07-17
2026-07-17 10:22:00+05:30,334.55,334.8,330.3,330.3,6630,406640,0.0,24262.95,23950.0,23850,ATM-6,CALL,24150,2026-07-17
2026-07-17 10:23:00+05:30,329.65,330.3,324.8,326.1,5720,406900,0.0,24258.8,23950.0,23850,ATM-6,CALL,24150,2026-07-17
2026-07-17 10:24:00+05:30,328.0,328.0,323.75,327.4,4615,407615,0.0,24255.6,23950.0,23850,ATM-6,CALL,24150,2026-07-17
2026-07-17 10:25:00+05:30,328.25,333.35,325.05,332.6,3120,406835,0.0,24263.9,23950.0,23850,ATM-6,CALL,24150,2026-07-17
2026-07-17 10:26:00+05:30,330.2,332.9,328.05,331.45,4290,409240,0.0,24265.75,23950.0,23850,ATM-6,CALL,24150,2026-07-17
2026-07-17 10:27:00+05:30,332.1,336.0,330.3,331.9,7540,411905,0.0,24267.65,23950.0,23850,ATM-6,CALL,24150,2026-07-17
2026-07-17 10:28:00+05:30,334.2,339.9,331.9,338.6,13845,410150,0.0,24273.3,23950.0,23850,ATM-6,CALL,24150,2026-07-17
2026-07-17 10:29:00+05:30,298.7,307.45,297.65,306.55,197275,3147690,0.0,24281.55,24000.0,23850,ATM-6,CALL,24150,2026-07-17
2026-07-17 10:30:00+05:30,305.9,307.0,299.25,304.35,106860,3109080,0.0,24279.4,24000.0,23850,ATM-6,CALL,24150,2026-07-17
2026-07-17 10:31:00+05:30,305.2,309.75,304.35,309.75,135980,3087890,0.0,24283.1,24000.0,23850,ATM-6,CALL,24150,2026-07-17
2026-07-17 10:32:00+05:30,309.2,316.5,307.55,307.8,196495,3070925,0.0,24285.2,24000.0,23850,ATM-6,CALL,24150,2026-07-17
2026-07-17 10:33:00+05:30,307.0,307.8,301.75,305.5,117650,3024840,0.0,24279.65,24000.0,23850,ATM-6,CALL,24150,2026-07-17
2026-07-17 10:34:00+05:30,305.0,309.95,304.0,309.95,52650,3006510,0.0,24284.3,24000.0,23850,ATM-6,CALL,24150,2026-07-17
2026-07-17 10:35:00+05:30,350.7,350.7,334.8,335.95,5265,409435,0.0,24272.2,23950.0,23850,ATM-6,CALL,24150,2026-07-17
2026-07-17 10:36:00+05:30,335.4,337.15,333.45,335.85,2925,410085,0.0,24272.5,23950.0,23850,ATM-6,CALL,24150,2026-07-17
2026-07-17 10:37:00+05:30,336.75,336.8,329.45,329.45,7215,412490,0.0,24267.25,23950.0,23850,ATM-6,CALL,24150,2026-07-17
2026-07-17 10:38:00+05:30,328.1,332.65,326.85,331.5,5785,411060,0.0,24267.8,23950.0,23850,ATM-6,CALL,24150,2026-07-17
2026-07-17 10:39:00+05:30,332.25,334.2,329.6,329.6,7475,412360,0.0,24267.25,23950.0,23850,ATM-6,CALL,24150,2026-07-17
2026-07-17 10:40:00+05:30,328.55,332.45,328.55,332.4,3575,414245,0.0,24268.45,23950.0,23850,ATM-6,CALL,24150,2026-07-17
2026-07-17 10:41:00+05:30,332.1,333.8,330.55,333.45,4615,414960,0.0,24270.75,23950.0,23850,ATM-6,CALL,24150,2026-07-17
2026-07-17 10:42:00+05:30,335.0,335.0,330.0,331.9,2145,416715,0.0,24269.25,23950.0,23850,ATM-6,CALL,24150,2026-07-17
2026-07-17 10:43:00+05:30,331.15,331.9,314.15,314.15,11570,417820,0.0,24248.15,23950.0,23850,ATM-6,CALL,24150,2026-07-17
2026-07-17 10:44:00+05:30,316.75,323.25,314.15,320.5,5980,421850,0.0,24259.1,23950.0,23850,ATM-6,CALL,24150,2026-07-17
2026-07-17 10:45:00+05:30,320.8,322.25,313.25,313.25,7150,421525,0.0,24253.3,23950.0,23850,ATM-6,CALL,24150,2026-07-17
2026-07-17 10:46:00+05:30,312.95,315.9,311.1,313.95,5525,422760,0.0,24252.5,23950.0,23850,ATM-6,CALL,24150,2026-07-17
2026-07-17 10:47:00+05:30,314.85,320.25,313.95,320.25,5460,423475,0.0,24254.4,23950.0,23850,ATM-6,CALL,24150,2026-07-17
2026-07-17 10:48:00+05:30,318.85,320.25,315.0,315.0,4745,424125,0.0,24253.6,23950.0,23850,ATM-6,CALL,24150,2026-07-17
2026-07-17 10:49:00+05:30,314.85,315.0,310.15,311.55,3575,425295,0.0,24249.9,23950.0,23850,ATM-6,CALL,24150,2026-07-17
2026-07-17 10:50:00+05:30,311.75,315.3,310.5,313.7,5785,424450,0.0,24251.05,23950.0,23850,ATM-6,CALL,24150,2026-07-17
2026-07-17 10:51:00+05:30,312.0,313.7,308.9,308.9,6370,423995,0.0,24248.9,23950.0,23850,ATM-6,CALL,24150,2026-07-17
2026-07-17 10:52:00+05:30,307.8,312.15,306.1,312.15,3640,423865,0.0,24251.75,23950.0,23850,ATM-6,CALL,24150,2026-07-17
2026-07-17 10:53:00+05:30,312.95,319.15,312.15,317.75,10465,423410,0.0,24256.2,23950.0,23850,ATM-6,CALL,24150,2026-07-17
2026-07-17 10:54:00+05:30,316.4,317.75,308.65,310.7,11505,429910,0.0,24255.55,23950.0,23850,ATM-6,CALL,24150,2026-07-17
2026-07-17 10:55:00+05:30,312.5,312.8,308.1,312.8,2600,428870,0.0,24256.75,23950.0,23850,ATM-6,CALL,24150,2026-07-17
2026-07-17 10:56:00+05:30,313.05,319.0,312.05,314.95,9750,428090,0.0,24255.85,23950.0,23850,ATM-6,CALL,24150,2026-07-17
2026-07-17 10:57:00+05:30,317.35,317.35,312.2,313.1,4160,427700,0.0,24256.5,23950.0,23850,ATM-6,CALL,24150,2026-07-17
2026-07-17 10:58:00+05:30,313.95,318.8,313.1,318.15,2535,428415,0.0,24257.75,23950.0,23850,ATM-6,CALL,24150,2026-07-17
2026-07-17 10:59:00+05:30,317.0,318.15,315.05,316.9,2470,427375,0.0,24257.0,23950.0,23850,ATM-6,CALL,24150,2026-07-17
2026-07-17 11:00:00+05:30,316.0,321.4,315.75,320.0,2860,427960,0.0,24259.9,23950.0,23850,ATM-6,CALL,24150,2026-07-17
2026-07-17 11:01:00+05:30,319.6,321.2,315.1,315.1,6760,428675,0.0,24256.6,23950.0,23850,ATM-6,CALL,24150,2026-07-17
2026-07-17 11:02:00+05:30,314.25,315.1,307.65,308.4,4940,428415,0.0,24248.55,23950.0,23850,ATM-6,CALL,24150,2026-07-17
2026-07-17 11:03:00+05:30,310.0,312.8,308.4,311.65,4745,428805,0.0,24250.15,23950.0,23850,ATM-6,CALL,24150,2026-07-17
2026-07-17 11:04:00+05:30,313.75,318.0,311.65,318.0,4810,430625,0.0,24258.15,23950.0,23850,ATM-6,CALL,24150,2026-07-17
2026-07-17 11:05:00+05:30,318.0,322.6,317.55,319.5,7410,427570,0.0,24262.2,23950.0,23850,ATM-6,CALL,24150,2026-07-17
2026-07-17 11:06:00+05:30,318.0,321.0,316.05,321.0,2470,428350,0.0,24261.9,23950.0,23850,ATM-6,CALL,24150,2026-07-17
2026-07-17 11:07:00+05:30,322.0,322.0,306.1,306.2,9035,428220,0.0,24246.15,23950.0,23850,ATM-6,CALL,24150,2026-07-17
2026-07-17 11:08:00+05:30,306.25,306.95,298.5,303.0,10335,425035,0.0,24238.35,23950.0,23850,ATM-6,CALL,24150,2026-07-17
2026-07-17 11:09:00+05:30,303.7,306.7,301.7,305.55,6045,425750,0.0,24241.9,23950.0,23850,ATM-6,CALL,24150,2026-07-17
2026-07-17 11:10:00+05:30,304.2,305.8,299.9,301.5,2210,425620,0.0,24238.9,23950.0,23850,ATM-6,CALL,24150,2026-07-17
2026-07-17 11:11:00+05:30,301.6,304.8,301.2,304.35,5395,424970,0.0,24240.75,23950.0,23850,ATM-6,CALL,24150,2026-07-17
2026-07-17 11:12:00+05:30,304.1,304.45,302.25,303.0,3380,423345,0.0,24241.7,23950.0,23850,ATM-6,CALL,24150,2026-07-17
2026-07-17 11:13:00+05:30,303.9,303.9,297.5,298.6,4485,426075,0.0,24237.9,23950.0,23850,ATM-6,CALL,24150,2026-07-17
2026-07-17 11:14:00+05:30,299.5,305.0,297.7,303.25,2665,425880,0.0,24235.7,23950.0,23850,ATM-6,CALL,24150,2026-07-17
2026-07-17 11:15:00+05:30,304.1,304.3,300.65,303.1,5330,427895,0.0,24238.95,23950.0,23850,ATM-6,CALL,24150,2026-07-17
2026-07-17 11:16:00+05:30,301.65,303.1,297.0,297.75,5005,428025,0.0,24235.35,23950.0,23850,ATM-6,CALL,24150,2026-07-17
2026-07-17 11:17:00+05:30,297.85,302.7,297.1,299.25,12480,431015,0.0,24239.5,23950.0,23850,ATM-6,CALL,24150,2026-07-17
2026-07-17 11:18:00+05:30,298.2,299.25,295.1,295.1,6500,434785,0.0,24236.9,23950.0,23850,ATM-6,CALL,24150,2026-07-17
2026-07-17 11:19:00+05:30,295.65,300.45,294.3,298.8,5785,437125,0.0,24241.65,23950.0,23850,ATM-6,CALL,24150,2026-07-17
2026-07-17 11:20:00+05:30,300.0,301.8,297.8,299.05,3575,438750,0.0,24241.75,23950.0,23850,ATM-6,CALL,24150,2026-07-17
2026-07-17 11:21:00+05:30,299.85,300.65,298.0,300.65,3185,440765,0.0,24241.7,23950.0,23850,ATM-6,CALL,24150,2026-07-17
2026-07-17 11:22:00+05:30,300.25,308.2,300.25,306.65,5590,440960,0.0,24249.45,23950.0,23850,ATM-6,CALL,24150,2026-07-17
2026-07-17 11:23:00+05:30,304.0,306.65,296.05,298.7,7215,439790,0.0,24238.45,23950.0,23850,ATM-6,CALL,24150,2026-07-17
2026-07-17 11:24:00+05:30,297.05,305.0,296.0,302.9,7800,438425,0.0,24246.2,23950.0,23850,ATM-6,CALL,24150,2026-07-17
2026-07-17 11:25:00+05:30,303.85,305.7,300.05,302.5,18330,446030,0.0,24242.7,23950.0,23850,ATM-6,CALL,24150,2026-07-17
2026-07-17 11:26:00+05:30,301.2,302.5,297.1,300.8,2925,443885,0.0,24241.4,23950.0,23850,ATM-6,CALL,24150,2026-07-17
2026-07-17 11:27:00+05:30,302.4,304.35,300.8,302.8,4810,443820,0.0,24243.5,23950.0,23850,ATM-6,CALL,24150,2026-07-17
2026-07-17 11:28:00+05:30,302.05,302.9,302.05,302.2,520,442390,0.0,24245.2,23950.0,23850,ATM-6,CALL,24150,2026-07-17
2026-07-17 11:29:00+05:30,303.95,307.5,301.7,302.15,22880,430300,0.0,24243.0,23950.0,23850,ATM-6,CALL,24150,2026-07-17
2026-07-17 11:30:00+05:30,305.0,305.0,301.5,301.5,845,430625,0.0,24244.15,23950.0,23850,ATM-6,CALL,24150,2026-07-17
2026-07-17 11:31:00+05:30,302.6,302.6,300.0,302.15,910,429975,0.0,24246.2,23950.0,23850,ATM-6,CALL,24150,2026-07-17
2026-07-17 11:32:00+05:30,304.15,304.35,301.2,301.4,1495,429455,0.0,24242.85,23950.0,23850,ATM-6,CALL,24150,2026-07-17
2026-07-17 11:33:00+05:30,301.35,306.1,300.0,305.65,1560,429195,0.0,24248.95,23950.0,23850,ATM-6,CALL,24150,2026-07-17
2026-07-17 11:34:00+05:30,305.15,312.25,305.15,308.25,10335,430040,0.0,24252.6,23950.0,23850,ATM-6,CALL,24150,2026-07-17
2026-07-17 11:35:00+05:30,308.05,314.0,308.05,313.15,5785,430690,0.0,24258.55,23950.0,23850,ATM-6,CALL,24150,2026-07-17
2026-07-17 11:36:00+05:30,313.3,316.05,306.95,307.0,10075,429910,0.0,24250.85,23950.0,23850,ATM-6,CALL,24150,2026-07-17
2026-07-17 11:37:00+05:30,308.5,309.4,302.8,304.45,4875,429195,0.0,24246.9,23950.0,23850,ATM-6,CALL,24150,2026-07-17
2026-07-17 11:38:00+05:30,305.0,306.75,303.7,306.7,2860,429195,0.0,24251.2,23950.0,23850,ATM-6,CALL,24150,2026-07-17
2026-07-17 11:39:00+05:30,309.7,314.45,306.7,314.35,1560,429325,0.0,24257.05,23950.0,23850,ATM-6,CALL,24150,2026-07-17
2026-07-17 11:40:00+05:30,314.15,314.95,310.45,314.2,7410,425945,0.0,24258.5,23950.0,23850,ATM-6,CALL,24150,2026-07-17
2026-07-17 11:41:00+05:30,314.95,319.85,314.2,319.6,9685,426465,0.0,24263.3,23950.0,23850,ATM-6,CALL,24150,2026-07-17
2026-07-17 11:42:00+05:30,320.7,321.0,315.0,315.0,7215,425490,0.0,24261.4,23950.0,23850,ATM-6,CALL,24150,2026-07-17
2026-07-17 11:43:00+05:30,315.5,319.9,315.0,316.95,2470,425490,0.0,24262.1,23950.0,23850,ATM-6,CALL,24150,2026-07-17
2026-07-17 11:44:00+05:30,319.0,323.4,316.95,320.45,12025,422695,0.0,24267.2,23950.0,23850,ATM-6,CALL,24150,2026-07-17
2026-07-17 11:45:00+05:30,321.5,324.6,320.45,324.25,4550,420615,0.0,24271.55,23950.0,23850,ATM-6,CALL,24150,2026-07-17
2026-07-17 11:46:00+05:30,323.9,324.25,319.9,321.7,6695,418925,0.0,24269.05,23950.0,23850,ATM-6,CALL,24150,2026-07-17
2026-07-17 11:47:00+05:30,320.25,321.7,316.3,319.75,6565,416975,0.0,24266.35,23950.0,23850,ATM-6,CALL,24150,2026-07-17
2026-07-17 11:48:00+05:30,319.1,322.35,318.45,318.45,3185,418795,0.0,24267.65,23950.0,23850,ATM-6,CALL,24150,2026-07-17
2026-07-17 11:49:00+05:30,321.0,321.6,318.45,319.35,975,418925,0.0,24267.65,23950.0,23850,ATM-6,CALL,24150,2026-07-17
2026-07-17 11:50:00+05:30,318.95,322.6,318.95,321.8,2535,419120,0.0,24270.6,23950.0,23850,ATM-6,CALL,24150,2026-07-17
2026-07-17 11:51:00+05:30,322.4,326.0,321.8,324.35,3705,418015,0.0,24272.35,23950.0,23850,ATM-6,CALL,24150,2026-07-17
2026-07-17 11:52:00+05:30,324.8,330.0,324.35,330.0,4485,417105,0.0,24273.85,23950.0,23850,ATM-6,CALL,24150,2026-07-17
2026-07-17 11:53:00+05:30,290.8,293.65,287.55,290.9,222625,2961010,0.0,24278.7,24000.0,23850,ATM-6,CALL,24150,2026-07-17
2026-07-17 11:54:00+05:30,291.3,293.0,290.25,290.95,151125,3024125,0.0,24279.0,24000.0,23850,ATM-6,CALL,24150,2026-07-17
2026-07-17 11:55:00+05:30,332.7,332.7,326.05,326.7,6175,415480,0.0,24274.8,23950.0,23850,ATM-6,CALL,24150,2026-07-17
2026-07-17 11:56:00+05:30,286.25,293.0,281.75,290.65,176020,3007615,0.0,24280.35,24000.0,23850,ATM-6,CALL,24150,2026-07-17
2026-07-17 11:57:00+05:30,290.35,293.0,289.0,289.0,78260,3003455,0.0,24279.35,24000.0,23850,ATM-6,CALL,24150,2026-07-17
2026-07-17 11:58:00+05:30,329.55,331.55,325.0,325.0,2600,415805,0.0,24275.0,23950.0,23850,ATM-6,CALL,24150,2026-07-17
2026-07-17 11:59:00+05:30,285.0,288.0,284.45,286.6,66235,3020615,0.0,24277.85,24000.0,23850,ATM-6,CALL,24150,2026-07-17
2026-07-17 12:00:00+05:30,325.2,329.25,319.3,319.5,8125,416000,0.0,24270.9,23950.0,23850,ATM-6,CALL,24150,2026-07-17
2026-07-17 12:01:00+05:30,319.2,322.5,316.7,318.8,6370,414635,0.0,24268.15,23950.0,23850,ATM-6,CALL,24150,2026-07-17
2026-07-17 12:02:00+05:30,317.6,318.8,316.35,317.35,2860,415155,0.0,24267.3,23950.0,23850,ATM-6,CALL,24150,2026-07-17
2026-07-17 12:03:00+05:30,278.9,286.0,277.5,286.0,77675,2986230,0.0,24275.5,24000.0,23850,ATM-6,CALL,24150,2026-07-17
2026-07-17 12:04:00+05:30,327.0,328.35,325.75,326.8,2665,419900,0.0,24274.85,23950.0,23850,ATM-6,CALL,24150,2026-07-17
2026-07-17 12:05:00+05:30,325.0,326.8,323.6,323.6,1235,420030,0.0,24274.25,23950.0,23850,ATM-6,CALL,24150,2026-07-17
2026-07-17 12:06:00+05:30,321.95,323.6,317.35,318.75,3575,420030,0.0,24267.8,23950.0,23850,ATM-6,CALL,24150,2026-07-17
2026-07-17 12:07:00+05:30,317.35,319.45,313.0,313.45,9035,418145,0.0,24263.35,23950.0,23850,ATM-6,CALL,24150,2026-07-17
2026-07-17 12:08:00+05:30,313.35,318.2,312.4,318.2,2405,421135,0.0,24268.1,23950.0,23850,ATM-6,CALL,24150,2026-07-17
2026-07-17 12:09:00+05:30,319.2,324.0,318.2,324.0,9100,426270,0.0,24274.2,23950.0,23850,ATM-6,CALL,24150,2026-07-17
2026-07-17 12:10:00+05:30,322.8,327.8,322.8,323.45,12610,424580,0.0,24274.0,23950.0,23850,ATM-6,CALL,24150,2026-07-17
2026-07-17 12:11:00+05:30,324.35,324.35,320.15,320.5,5265,422500,0.0,24271.55,23950.0,23850,ATM-6,CALL,24150,2026-07-17
2026-07-17 12:12:00+05:30,280.3,284.65,279.55,283.0,24180,2945345,0.0,24275.9,24000.0,23850,ATM-6,CALL,24150,2026-07-17
2026-07-17 12:13:00+05:30,323.85,324.9,319.05,319.05,1690,423605,0.0,24270.5,23950.0,23850,ATM-6,CALL,24150,2026-07-17
2026-07-17 12:14:00+05:30,279.6,285.7,279.5,283.85,29510,2948075,0.0,24276.55,24000.0,23850,ATM-6,CALL,24150,2026-07-17
2026-07-17 12:15:00+05:30,285.4,286.6,283.3,286.6,32955,2944370,0.0,24280.5,24000.0,23850,ATM-6,CALL,24150,2026-07-17
2026-07-17 12:16:00+05:30,326.0,327.5,319.15,320.5,3705,422305,0.0,24274.3,23950.0,23850,ATM-6,CALL,24150,2026-07-17
2026-07-17 12:17:00+05:30,320.0,320.5,314.25,318.75,1950,420810,0.0,24272.2,23950.0,23850,ATM-6,CALL,24150,2026-07-17
2026-07-17 12:18:00+05:30,278.5,284.0,278.0,283.8,26455,2931370,0.0,24275.65,24000.0,23850,ATM-6,CALL,24150,2026-07-17
2026-07-17 12:19:00+05:30,283.35,283.85,279.6,279.6,18590,2931370,0.0,24275.45,24000.0,23850,ATM-6,CALL,24150,2026-07-17
2026-07-17 12:20:00+05:30,279.7,284.2,279.6,284.15,25740,2933385,0.0,24280.75,24000.0,23850,ATM-6,CALL,24150,2026-07-17
2026-07-17 12:21:00+05:30,284.3,284.3,280.5,281.75,19955,2927665,0.0,24279.5,24000.0,23850,ATM-6,CALL,24150,2026-07-17
2026-07-17 12:22:00+05:30,321.4,321.75,317.1,320.0,4550,416650,0.0,24271.9,23950.0,23850,ATM-6,CALL,24150,2026-07-17
2026-07-17 12:23:00+05:30,283.0,289.0,282.0,287.5,55250,2926040,0.0,24281.05,24000.0,23850,ATM-6,CALL,24150,2026-07-17
2026-07-17 12:24:00+05:30,287.3,289.15,285.0,287.65,61945,2925390,0.0,24281.75,24000.0,23850,ATM-6,CALL,24150,2026-07-17
2026-07-17 12:25:00+05:30,287.65,295.1,286.8,288.3,138385,2931565,0.0,24278.7,24000.0,23850,ATM-6,CALL,24150,2026-07-17
2026-07-17 12:26:00+05:30,289.45,290.95,285.0,285.0,45695,2943070,0.0,24277.3,24000.0,23850,ATM-6,CALL,24150,2026-07-17
2026-07-17 12:27:00+05:30,285.8,290.35,285.0,287.3,26715,2953795,0.0,24278.55,24000.0,23850,ATM-6,CALL,24150,2026-07-17
2026-07-17 12:28:00+05:30,287.0,290.35,286.85,288.4,19110,2947880,0.0,24277.9,24000.0,23850,ATM-6,CALL,24150,2026-07-17
2026-07-17 12:29:00+05:30,287.9,288.4,284.0,285.6,34255,2946775,0.0,24277.65,24000.0,23850,ATM-6,CALL,24150,2026-07-17
2026-07-17 12:30:00+05:30,322.25,325.85,322.25,323.65,2275,415805,0.0,24274.55,23950.0,23850,ATM-6,CALL,24150,2026-07-17
2026-07-17 12:31:00+05:30,284.25,287.55,283.05,287.0,20735,2916225,0.0,24277.1,24000.0,23850,ATM-6,CALL,24150,2026-07-17
2026-07-17 12:32:00+05:30,328.35,328.35,324.05,324.05,1430,417300,0.0,24273.75,23950.0,23850,ATM-6,CALL,24150,2026-07-17
2026-07-17 12:33:00+05:30,283.95,288.9,283.4,288.9,20865,2915575,0.0,24280.45,24000.0,23850,ATM-6,CALL,24150,2026-07-17
2026-07-17 12:34:00+05:30,289.0,291.45,288.1,288.1,35035,2912975,0.0,24281.15,24000.0,23850,ATM-6,CALL,24150,2026-07-17
2026-07-17 12:35:00+05:30,288.4,290.2,287.0,288.0,22165,2925780,0.0,24281.3,24000.0,23850,ATM-6,CALL,24150,2026-07-17
2026-07-17 12:36:00+05:30,287.8,289.65,286.5,288.1,13130,2934165,0.0,24281.65,24000.0,23850,ATM-6,CALL,24150,2026-07-17
2026-07-17 12:37:00+05:30,288.1,289.55,284.35,284.35,21385,2934945,0.0,24278.9,24000.0,23850,ATM-6,CALL,24150,2026-07-17
2026-07-17 12:38:00+05:30,284.4,286.25,281.4,284.9,57135,2933580,0.0,24278.5,24000.0,23850,ATM-6,CALL,24150,2026-07-17
2026-07-17 12:39:00+05:30,285.3,286.3,282.8,283.75,29315,2930330,0.0,24277.75,24000.0,23850,ATM-6,CALL,24150,2026-07-17
2026-07-17 12:40:00+05:30,324.1,325.55,319.95,319.95,2405,420550,0.0,24266.55,23950.0,23850,ATM-6,CALL,24150,2026-07-17
2026-07-17 12:41:00+05:30,319.1,321.1,313.9,321.1,6305,420485,0.0,24269.05,23950.0,23850,ATM-6,CALL,24150,2026-07-17
2026-07-17 12:42:00+05:30,281.75,287.0,280.5,287.0,84500,2952560,0.0,24280.15,24000.0,23850,ATM-6,CALL,24150,2026-07-17
2026-07-17 12:43:00+05:30,327.1,327.1,323.4,323.4,1040,421460,0.0,24275.0,23950.0,23850,ATM-6,CALL,24150,2026-07-17
2026-07-17 12:44:00+05:30,282.85,286.0,281.9,285.75,13910,2978300,0.0,24277.05,24000.0,23850,ATM-6,CALL,24150,2026-07-17
2026-07-17 12:45:00+05:30,286.45,293.35,285.75,292.8,84825,2979665,0.0,24283.5,24000.0,23850,ATM-6,CALL,24150,2026-07-17
2026-07-17 12:46:00+05:30,291.45,292.8,288.0,289.95,41015,2986685,0.0,24282.25,24000.0,23850,ATM-6,CALL,24150,2026-07-17
2026-07-17 12:47:00+05:30,289.65,291.75,288.55,291.2,24960,2991820,0.0,24286.55,24000.0,23850,ATM-6,CALL,24150,2026-07-17
2026-07-17 12:48:00+05:30,291.3,294.6,290.4,294.6,66755,2989805,0.0,24287.25,24000.0,23850,ATM-6,CALL,24150,2026-07-17
2026-07-17 12:49:00+05:30,299.0,310.65,294.6,305.55,300430,2971735,0.0,24294.0,24000.0,23850,ATM-6,CALL,24150,2026-07-17
2026-07-17 12:50:00+05:30,302.9,305.55,289.15,289.15,132795,2964910,0.0,24283.6,24000.0,23850,ATM-6,CALL,24150,2026-07-17
2026-07-17 12:51:00+05:30,287.65,291.7,285.6,289.5,83980,2952495,0.0,24281.35,24000.0,23850,ATM-6,CALL,24150,2026-07-17
2026-07-17 12:52:00+05:30,288.9,291.0,286.4,287.25,33930,2953210,0.0,24279.75,24000.0,23850,ATM-6,CALL,24150,2026-07-17
2026-07-17 12:53:00+05:30,326.0,328.2,320.0,320.0,5200,426530,0.0,24272.5,23950.0,23850,ATM-6,CALL,24150,2026-07-17
2026-07-17 12:54:00+05:30,321.7,322.5,318.5,319.4,3770,425425,0.0,24273.9,23950.0,23850,ATM-6,CALL,24150,2026-07-17
2026-07-17 12:55:00+05:30,319.45,325.0,316.75,316.75,4290,425945,0.0,24271.2,23950.0,23850,ATM-6,CALL,24150,2026-07-17
2026-07-17 12:56:00+05:30,317.1,323.75,316.75,322.3,6695,426270,0.0,24274.55,23950.0,23850,ATM-6,CALL,24150,2026-07-17
2026-07-17 12:57:00+05:30,282.3,289.75,282.15,286.4,71045,2859675,0.0,24280.35,24000.0,23850,ATM-6,CALL,24150,2026-07-17
2026-07-17 12:58:00+05:30,286.15,288.9,283.4,283.95,45630,2860260,0.0,24278.95,24000.0,23850,ATM-6,CALL,24150,2026-07-17
2026-07-17 12:59:00+05:30,284.65,289.8,283.95,289.0,36335,2854930,0.0,24283.3,24000.0,23850,ATM-6,CALL,24150,2026-07-17
2026-07-17 13:00:00+05:30,292.0,293.8,287.25,288.2,50050,2855645,0.0,24282.8,24000.0,23850,ATM-6,CALL,24150,2026-07-17
2026-07-17 13:01:00+05:30,289.6,294.0,288.05,290.25,44460,2857725,0.0,24283.75,24000.0,23850,ATM-6,CALL,24150,2026-07-17
2026-07-17 13:02:00+05:30,290.7,290.95,284.7,285.9,33930,2872545,0.0,24278.65,24000.0,23850,ATM-6,CALL,24150,2026-07-17
2026-07-17 13:03:00+05:30,284.9,287.7,282.65,285.55,44850,2867995,0.0,24280.7,24000.0,23850,ATM-6,CALL,24150,2026-07-17
2026-07-17 13:04:00+05:30,286.2,289.0,285.55,285.8,18460,2877160,0.0,24279.85,24000.0,23850,ATM-6,CALL,24150,2026-07-17
2026-07-17 13:05:00+05:30,286.0,286.15,283.7,286.15,14885,2886065,0.0,24281.1,24000.0,23850,ATM-6,CALL,24150,2026-07-17
2026-07-17 13:06:00+05:30,285.45,288.15,284.4,287.35,15665,2889705,0.0,24283.95,24000.0,23850,ATM-6,CALL,24150,2026-07-17
2026-07-17 13:07:00+05:30,287.35,290.0,281.05,281.75,46475,2893995,0.0,24276.45,24000.0,23850,ATM-6,CALL,24150,2026-07-17
2026-07-17 13:08:00+05:30,281.8,285.05,281.75,283.95,16380,2905825,0.0,24279.75,24000.0,23850,ATM-6,CALL,24150,2026-07-17
2026-07-17 13:09:00+05:30,283.4,286.0,281.9,282.45,20995,2905175,0.0,24278.0,24000.0,23850,ATM-6,CALL,24150,2026-07-17
2026-07-17 13:10:00+05:30,282.35,284.8,282.35,283.6,11960,2904525,0.0,24279.5,24000.0,23850,ATM-6,CALL,24150,2026-07-17
2026-07-17 13:11:00+05:30,285.0,286.8,283.35,283.5,18525,2905630,0.0,24279.3,24000.0,23850,ATM-6,CALL,24150,2026-07-17
2026-07-17 13:12:00+05:30,283.2,284.85,280.0,280.0,38870,2901665,0.0,24277.35,24000.0,23850,ATM-6,CALL,24150,2026-07-17
2026-07-17 13:13:00+05:30,280.15,284.1,280.0,284.1,18135,2901925,0.0,24276.45,24000.0,23850,ATM-6,CALL,24150,2026-07-17
2026-07-17 13:14:00+05:30,284.45,287.8,283.15,284.95,23530,2901730,0.0,24282.55,24000.0,23850,ATM-6,CALL,24150,2026-07-17
2026-07-17 13:15:00+05:30,321.0,326.4,312.95,315.85,7995,427245,0.0,24271.9,23950.0,23850,ATM-6,CALL,24150,2026-07-17
2026-07-17 13:16:00+05:30,316.75,318.2,315.85,318.2,2795,428805,0.0,24272.8,23950.0,23850,ATM-6,CALL,24150,2026-07-17
2026-07-17 13:17:00+05:30,277.95,279.6,276.7,278.6,27495,2940210,0.0,24275.4,24000.0,23850,ATM-6,CALL,24150,2026-07-17
2026-07-17 13:18:00+05:30,318.6,322.0,317.0,317.0,3445,428870,0.0,24272.55,23950.0,23850,ATM-6,CALL,24150,2026-07-17
2026-07-17 13:19:00+05:30,319.0,319.0,315.45,315.45,1820,429325,0.0,24274.35,23950.0,23850,ATM-6,CALL,24150,2026-07-17
2026-07-17 13:20:00+05:30,276.05,280.75,275.05,278.6,20475,2948270,0.0,24277.3,24000.0,23850,ATM-6,CALL,24150,2026-07-17
2026-07-17 13:21:00+05:30,277.65,278.6,274.95,275.0,20020,2952040,0.0,24277.45,24000.0,23850,ATM-6,CALL,24150,2026-07-17
2026-07-17 13:22:00+05:30,315.95,316.9,314.9,316.9,1170,429520,0.0,24274.35,23950.0,23850,ATM-6,CALL,24150,2026-07-17
2026-07-17 13:23:00+05:30,316.05,316.9,314.65,314.65,2535,428935,0.0,24269.05,23950.0,23850,ATM-6,CALL,24150,2026-07-17
2026-07-17 13:24:00+05:30,313.5,315.75,308.25,310.2,5655,429845,0.0,24266.45,23950.0,23850,ATM-6,CALL,24150,2026-07-17
2026-07-17 13:25:00+05:30,307.8,311.3,305.0,311.3,6435,430040,0.0,24268.65,23950.0,23850,ATM-6,CALL,24150,2026-07-17
2026-07-17 13:26:00+05:30,316.15,316.5,308.1,308.1,2535,429650,0.0,24265.0,23950.0,23850,ATM-6,CALL,24150,2026-07-17
2026-07-17 13:27:00+05:30,308.2,308.75,305.05,305.05,2340,429715,0.0,24261.85,23950.0,23850,ATM-6,CALL,24150,2026-07-17
2026-07-17 13:28:00+05:30,305.2,307.35,304.6,304.75,5395,430560,0.0,24260.65,23950.0,23850,ATM-6,CALL,24150,2026-07-17
2026-07-17 13:29:00+05:30,308.4,313.35,304.75,312.2,4290,428740,0.0,24267.3,23950.0,23850,ATM-6,CALL,24150,2026-07-17
2026-07-17 13:30:00+05:30,310.35,312.75,308.6,311.05,5265,430495,0.0,24269.75,23950.0,23850,ATM-6,CALL,24150,2026-07-17
2026-07-17 13:31:00+05:30,313.0,316.75,310.55,310.95,4615,429455,0.0,24268.05,23950.0,23850,ATM-6,CALL,24150,2026-07-17
2026-07-17 13:32:00+05:30,311.6,311.6,306.05,309.15,5135,428025,0.0,24266.5,23950.0,23850,ATM-6,CALL,24150,2026-07-17
2026-07-17 13:33:00+05:30,307.95,309.15,306.6,307.55,1105,426660,0.0,24263.95,23950.0,23850,ATM-6,CALL,24150,2026-07-17
2026-07-17 13:34:00+05:30,308.45,310.0,307.55,310.0,1040,426530,0.0,24265.7,23950.0,23850,ATM-6,CALL,24150,2026-07-17
2026-07-17 13:35:00+05:30,313.0,313.0,310.0,312.05,1170,426010,0.0,24267.6,23950.0,23850,ATM-6,CALL,24150,2026-07-17
2026-07-17 13:36:00+05:30,313.4,318.4,312.0,312.0,5655,426140,0.0,24269.8,23950.0,23850,ATM-6,CALL,24150,2026-07-17
2026-07-17 13:37:00+05:30,314.5,315.4,306.95,306.95,6630,428935,0.0,24264.7,23950.0,23850,ATM-6,CALL,24150,2026-07-17
2026-07-17 13:38:00+05:30,306.55,307.95,305.3,306.95,5655,427310,0.0,24265.8,23950.0,23850,ATM-6,CALL,24150,2026-07-17
2026-07-17 13:39:00+05:30,307.5,310.65,306.55,310.65,975,426985,0.0,24269.5,23950.0,23850,ATM-6,CALL,24150,2026-07-17
2026-07-17 13:40:00+05:30,307.6,310.65,298.15,299.8,5330,427375,0.0,24258.25,23950.0,23850,ATM-6,CALL,24150,2026-07-17
2026-07-17 13:41:00+05:30,300.15,302.55,291.85,302.55,14560,426075,0.0,24254.65,23950.0,23850,ATM-6,CALL,24150,2026-07-17
2026-07-17 13:42:00+05:30,302.35,302.55,294.3,296.5,4680,420290,0.0,24251.2,23950.0,23850,ATM-6,CALL,24150,2026-07-17
2026-07-17 13:43:00+05:30,296.0,296.5,293.15,296.45,5655,422305,0.0,24248.35,23950.0,23850,ATM-6,CALL,24150,2026-07-17
2026-07-17 13:44:00+05:30,295.6,299.4,292.0,297.85,3445,421720,0.0,24254.25,23950.0,23850,ATM-6,CALL,24150,2026-07-17
2026-07-17 13:45:00+05:30,296.0,297.9,294.0,296.45,2340,421980,0.0,24252.4,23950.0,23850,ATM-6,CALL,24150,2026-07-17
2026-07-17 13:46:00+05:30,297.0,297.35,285.9,286.15,8190,421330,0.0,24245.1,23950.0,23850,ATM-6,CALL,24150,2026-07-17
2026-07-17 13:47:00+05:30,286.3,287.45,279.5,281.75,21255,421655,0.0,24238.7,23950.0,23850,ATM-6,CALL,24150,2026-07-17
2026-07-17 13:48:00+05:30,282.1,288.85,281.75,287.85,6240,423410,0.0,24247.05,23950.0,23850,ATM-6,CALL,24150,2026-07-17
2026-07-17 13:49:00+05:30,289.0,289.0,283.0,283.0,5850,425100,0.0,24239.95,23950.0,23850,ATM-6,CALL,24150,2026-07-17
2026-07-17 13:50:00+05:30,284.5,284.5,277.0,278.55,8710,423150,0.0,24227.05,23950.0,23850,ATM-6,CALL,24150,2026-07-17
2026-07-17 13:51:00+05:30,319.75,320.65,308.0,311.6,42250,581100,0.0,24215.95,23900.0,23850,ATM-6,CALL,24150,2026-07-17
2026-07-17 13:52:00+05:30,311.95,317.6,311.6,314.4,12740,584415,0.0,24222.35,23900.0,23850,ATM-6,CALL,24150,2026-07-17
2026-07-17 13:53:00+05:30,273.6,276.45,273.2,276.15,6695,426920,0.0,24229.25,23950.0,23850,ATM-6,CALL,24150,2026-07-17
2026-07-17 13:54:00+05:30,276.6,280.2,274.7,279.85,7150,426725,0.0,24232.0,23950.0,23850,ATM-6,CALL,24150,2026-07-17
2026-07-17 13:55:00+05:30,276.65,285.0,275.6,282.45,8255,427765,0.0,24236.5,23950.0,23850,ATM-6,CALL,24150,2026-07-17
2026-07-17 13:56:00+05:30,281.0,282.45,277.5,279.6,9295,429390,0.0,24232.75,23950.0,23850,ATM-6,CALL,24150,2026-07-17
2026-07-17 13:57:00+05:30,280.95,284.0,279.6,282.2,9880,428545,0.0,24233.7,23950.0,23850,ATM-6,CALL,24150,2026-07-17
2026-07-17 13:58:00+05:30,284.1,285.4,281.0,285.4,7540,424710,0.0,24237.6,23950.0,23850,ATM-6,CALL,24150,2026-07-17
2026-07-17 13:59:00+05:30,285.0,302.0,285.0,301.1,28015,422175,0.0,24250.1,23950.0,23850,ATM-6,CALL,24150,2026-07-17
2026-07-17 14:00:00+05:30,298.0,301.1,295.0,298.35,17745,421005,0.0,24248.8,23950.0,23850,ATM-6,CALL,24150,2026-07-17
2026-07-17 14:01:00+05:30,297.15,298.9,293.0,296.5,15210,414895,0.0,24246.8,23950.0,23850,ATM-6,CALL,24150,2026-07-17
2026-07-17 14:02:00+05:30,294.75,296.5,289.75,292.35,4810,412230,0.0,24243.6,23950.0,23850,ATM-6,CALL,24150,2026-07-17
2026-07-17 14:03:00+05:30,292.7,296.1,292.0,295.3,3575,411905,0.0,24246.25,23950.0,23850,ATM-6,CALL,24150,2026-07-17
2026-07-17 14:04:00+05:30,296.35,300.55,295.3,298.3,7280,412945,0.0,24250.35,23950.0,23850,ATM-6,CALL,24150,2026-07-17
2026-07-17 14:05:00+05:30,298.3,303.7,298.3,300.65,9555,411450,0.0,24254.7,23950.0,23850,ATM-6,CALL,24150,2026-07-17
2026-07-17 14:06:00+05:30,301.65,301.65,296.0,296.0,8775,410215,0.0,24249.65,23950.0,23850,ATM-6,CALL,24150,2026-07-17
2026-07-17 14:07:00+05:30,294.8,298.15,294.15,298.15,8320,408785,0.0,24251.05,23950.0,23850,ATM-6,CALL,24150,2026-07-17
2026-07-17 14:08:00+05:30,298.3,299.65,294.6,295.6,3835,408135,0.0,24251.1,23950.0,23850,ATM-6,CALL,24150,2026-07-17
2026-07-17 14:09:00+05:30,296.0,298.55,295.6,296.0,650,408395,0.0,24252.95,23950.0,23850,ATM-6,CALL,24150,2026-07-17
2026-07-17 14:10:00+05:30,299.0,300.75,296.0,300.4,3640,407290,0.0,24254.0,23950.0,23850,ATM-6,CALL,24150,2026-07-17
2026-07-17 14:11:00+05:30,301.05,310.65,300.4,310.65,25285,400205,0.0,24265.25,23950.0,23850,ATM-6,CALL,24150,2026-07-17
2026-07-17 14:12:00+05:30,310.65,318.45,309.45,316.9,12805,399230,0.0,24271.6,23950.0,23850,ATM-6,CALL,24150,2026-07-17
2026-07-17 14:13:00+05:30,275.0,287.15,275.0,285.8,305435,2881125,0.0,24277.25,24000.0,23850,ATM-6,CALL,24150,2026-07-17
2026-07-17 14:14:00+05:30,286.35,293.55,284.0,293.55,279955,2835690,0.0,24280.55,24000.0,23850,ATM-6,CALL,24150,2026-07-17
2026-07-17 14:15:00+05:30,253.85,318.05,253.85,316.7,361335,1250665,0.0,24345.4,24050.0,23850,ATM-6,CALL,24150,2026-07-17
2026-07-17 14:16:00+05:30,323.0,342.95,307.25,342.2,262080,1130025,7.367912,24362.9,24050.0,23850,ATM-6,CALL,24150,2026-07-17
2026-07-17 14:17:00+05:30,340.8,346.5,320.2,324.2,139230,1068080,4.497842,24347.45,24050.0,23850,ATM-6,CALL,24150,2026-07-17
2026-07-17 14:18:00+05:30,323.35,324.2,304.15,308.15,142025,1039740,0.0,24332.7,24050.0,23850,ATM-6,CALL,24150,2026-07-17
2026-07-17 14:19:00+05:30,346.9,348.15,323.5,323.5,214630,2518685,0.0,24308.45,24000.0,23850,ATM-6,CALL,24150,2026-07-17
2026-07-17 14:20:00+05:30,325.45,335.5,323.25,324.9,168285,2556905,0.0,24312.75,24000.0,23850,ATM-6,CALL,24150,2026-07-17
2026-07-17 14:21:00+05:30,323.4,329.9,317.9,319.9,141570,2549300,0.0,24309.35,24000.0,23850,ATM-6,CALL,24150,2026-07-17
2026-07-17 14:22:00+05:30,318.85,319.9,310.55,310.55,147420,2563470,0.0,24300.95,24000.0,23850,ATM-6,CALL,24150,2026-07-17
2026-07-17 14:23:00+05:30,305.0,311.4,303.9,304.2,122395,2596035,0.0,24292.7,24000.0,23850,ATM-6,CALL,24150,2026-07-17
2026-07-17 14:24:00+05:30,303.7,309.45,301.95,309.45,110760,2583620,0.0,24298.3,24000.0,23850,ATM-6,CALL,24150,2026-07-17
2026-07-17 14:25:00+05:30,307.8,323.6,306.0,319.4,309855,2558400,0.0,24307.3,24000.0,23850,ATM-6,CALL,24150,2026-07-17
2026-07-17 14:26:00+05:30,320.0,327.95,318.7,325.0,280735,2602730,0.0,24311.25,24000.0,23850,ATM-6,CALL,24150,2026-07-17
2026-07-17 14:27:00+05:30,322.05,327.0,320.85,325.0,109785,2597205,0.0,24310.95,24000.0,23850,ATM-6,CALL,24150,2026-07-17
2026-07-17 14:28:00+05:30,326.7,333.2,324.5,324.95,192140,2530580,0.0,24309.5,24000.0,23850,ATM-6,CALL,24150,2026-07-17
2026-07-17 14:29:00+05:30,325.15,325.85,299.45,304.0,221455,2486380,0.0,24287.4,24000.0,23850,ATM-6,CALL,24150,2026-07-17
2026-07-17 14:30:00+05:30,304.75,320.05,303.0,317.1,133965,2481180,0.0,24304.65,24000.0,23850,ATM-6,CALL,24150,2026-07-17
2026-07-17 14:31:00+05:30,318.8,320.3,309.55,311.7,72605,2475070,0.0,24300.3,24000.0,23850,ATM-6,CALL,24150,2026-07-17
2026-07-17 14:32:00+05:30,311.6,315.4,307.8,311.0,43030,2483325,0.0,24299.15,24000.0,23850,ATM-6,CALL,24150,2026-07-17
2026-07-17 14:33:00+05:30,309.85,314.0,308.4,312.4,22750,2485795,0.0,24295.55,24000.0,23850,ATM-6,CALL,24150,2026-07-17
2026-07-17 14:34:00+05:30,312.15,317.1,310.0,314.4,28470,2482870,0.0,24298.0,24000.0,23850,ATM-6,CALL,24150,2026-07-17
2026-07-17 14:35:00+05:30,314.65,315.4,312.0,312.25,23400,2480140,0.0,24298.65,24000.0,23850,ATM-6,CALL,24150,2026-07-17
2026-07-17 14:36:00+05:30,310.05,312.25,305.5,309.15,58500,2483000,0.0,24293.25,24000.0,23850,ATM-6,CALL,24150,2026-07-17
2026-07-17 14:37:00+05:30,306.8,312.0,305.8,308.05,32500,2485795,0.0,24293.05,24000.0,23850,ATM-6,CALL,24150,2026-07-17
2026-07-17 14:38:00+05:30,306.9,316.6,304.8,312.45,48815,2469740,0.0,24298.95,24000.0,23850,ATM-6,CALL,24150,2026-07-17
2026-07-17 14:39:00+05:30,313.25,313.9,310.0,313.0,21515,2477995,0.0,24297.9,24000.0,23850,ATM-6,CALL,24150,2026-07-17
2026-07-17 14:40:00+05:30,314.1,318.0,313.0,314.35,51805,2471365,0.0,24302.0,24000.0,23850,ATM-6,CALL,24150,2026-07-17
2026-07-17 14:41:00+05:30,314.25,324.75,312.7,324.3,93210,2474615,0.0,24311.85,24000.0,23850,ATM-6,CALL,24150,2026-07-17
2026-07-17 14:42:00+05:30,325.6,325.6,318.95,324.05,75075,2446665,0.0,24310.4,24000.0,23850,ATM-6,CALL,24150,2026-07-17
2026-07-17 14:43:00+05:30,324.35,331.8,322.5,323.05,90415,2440100,0.0,24312.1,24000.0,23850,ATM-6,CALL,24150,2026-07-17
2026-07-17 14:44:00+05:30,323.4,332.85,323.05,329.4,75790,2427620,0.0,24317.65,24000.0,23850,ATM-6,CALL,24150,2026-07-17
2026-07-17 14:45:00+05:30,329.95,330.75,327.0,328.6,49400,2419885,0.0,24319.5,24000.0,23850,ATM-6,CALL,24150,2026-07-17
2026-07-17 14:46:00+05:30,287.75,294.15,284.4,293.25,44460,1044550,0.0,24325.05,24050.0,23850,ATM-6,CALL,24150,2026-07-17
2026-07-17 14:47:00+05:30,333.75,334.4,328.8,330.1,54145,2416375,0.0,24321.6,24000.0,23850,ATM-6,CALL,24150,2026-07-17
2026-07-17 14:48:00+05:30,330.2,331.5,324.5,331.5,47255,2409615,0.0,24320.25,24000.0,23850,ATM-6,CALL,24150,2026-07-17
2026-07-17 14:49:00+05:30,330.0,333.15,328.8,329.0,44135,2413905,0.0,24324.0,24000.0,23850,ATM-6,CALL,24150,2026-07-17
2026-07-17 14:50:00+05:30,329.05,331.1,322.7,326.55,62140,2391870,0.0,24320.0,24000.0,23850,ATM-6,CALL,24150,2026-07-17
2026-07-17 14:51:00+05:30,327.15,331.25,322.45,325.0,33605,2390050,0.0,24317.05,24000.0,23850,ATM-6,CALL,24150,2026-07-17
2026-07-17 14:52:00+05:30,325.6,328.0,324.7,325.6,20605,2392065,0.0,24319.6,24000.0,23850,ATM-6,CALL,24150,2026-07-17
2026-07-17 14:53:00+05:30,325.45,326.25,318.15,325.0,50895,2389335,0.0,24320.5,24000.0,23850,ATM-6,CALL,24150,2026-07-17
2026-07-17 14:54:00+05:30,326.0,326.0,320.05,325.8,23270,2380690,0.0,24320.95,24000.0,23850,ATM-6,CALL,24150,2026-07-17
2026-07-17 14:55:00+05:30,284.4,289.9,282.15,289.9,19760,1028235,0.0,24327.4,24050.0,23850,ATM-6,CALL,24150,2026-07-17
2026-07-17 14:56:00+05:30,334.05,340.45,325.85,329.15,141115,2371265,0.0,24324.9,24000.0,23850,ATM-6,CALL,24150,2026-07-17
2026-07-17 14:57:00+05:30,330.15,331.3,324.65,327.9,40950,2360735,0.0,24321.6,24000.0,23850,ATM-6,CALL,24150,2026-07-17
2026-07-17 14:58:00+05:30,327.2,327.9,321.0,325.0,45240,2353780,0.0,24315.85,24000.0,23850,ATM-6,CALL,24150,2026-07-17
2026-07-17 14:59:00+05:30,324.85,326.35,318.6,318.6,45110,2347475,0.0,24311.75,24000.0,23850,ATM-6,CALL,24150,2026-07-17
2026-07-17 15:00:00+05:30,320.7,334.7,315.3,331.45,160875,2351635,0.0,24323.7,24000.0,23850,ATM-6,CALL,24150,2026-07-17
2026-07-17 15:01:00+05:30,291.1,303.0,287.65,292.9,75400,1016015,0.0,24325.6,24050.0,23850,ATM-6,CALL,24150,2026-07-17
2026-07-17 15:02:00+05:30,332.6,334.9,325.8,330.2,47840,2328625,0.0,24324.35,24000.0,23850,ATM-6,CALL,24150,2026-07-17
2026-07-17 15:03:00+05:30,329.7,332.9,323.1,324.4,51805,2328950,0.0,24317.95,24000.0,23850,ATM-6,CALL,24150,2026-07-17
2026-07-17 15:04:00+05:30,322.45,328.0,321.5,326.75,35750,2318745,0.0,24322.05,24000.0,23850,ATM-6,CALL,24150,2026-07-17
2026-07-17 15:05:00+05:30,285.95,293.7,285.95,291.65,44850,987870,0.0,24327.55,24050.0,23850,ATM-6,CALL,24150,2026-07-17
2026-07-17 15:06:00+05:30,292.3,296.0,290.5,292.95,20280,982085,0.0,24330.2,24050.0,23850,ATM-6,CALL,24150,2026-07-17
2026-07-17 15:07:00+05:30,293.75,298.65,291.8,296.55,38350,976040,0.0,24334.3,24050.0,23850,ATM-6,CALL,24150,2026-07-17
2026-07-17 15:08:00+05:30,294.2,296.55,290.0,292.55,19110,976365,0.0,24332.1,24050.0,23850,ATM-6,CALL,24150,2026-07-17
2026-07-17 15:09:00+05:30,290.4,294.6,288.0,292.8,12870,974025,0.0,24333.55,24050.0,23850,ATM-6,CALL,24150,2026-07-17
2026-07-17 15:10:00+05:30,292.4,292.8,289.45,291.65,19175,971230,0.0,24331.75,24050.0,23850,ATM-6,CALL,24150,2026-07-17
2026-07-17 15:11:00+05:30,292.05,294.3,291.6,292.8,17485,963560,0.0,24332.25,24050.0,23850,ATM-6,CALL,24150,2026-07-17
2026-07-17 15:12:00+05:30,292.75,298.9,292.6,296.4,20280,956475,0.0,24336.05,24050.0,23850,ATM-6,CALL,24150,2026-07-17
2026-07-17 15:13:00+05:30,294.3,296.4,290.75,293.0,19240,949585,0.0,24334.9,24050.0,23850,ATM-6,CALL,24150,2026-07-17
2026-07-17 15:14:00+05:30,292.45,293.4,284.8,286.7,15665,943085,0.0,24328.75,24050.0,23850,ATM-6,CALL,24150,2026-07-17
2026-07-17 15:15:00+05:30,325.0,327.05,318.8,323.0,82745,2232425,0.0,24323.85,24000.0,23850,ATM-6,CALL,24150,2026-07-17
2026-07-17 15:16:00+05:30,322.0,323.8,319.05,322.5,26390,2226120,0.0,24322.9,24000.0,23850,ATM-6,CALL,24150,2026-07-17
2026-07-17 15:17:00+05:30,281.25,287.25,281.25,285.0,12220,936260,0.0,24325.55,24050.0,23850,ATM-6,CALL,24150,2026-07-17
2026-07-17 15:18:00+05:30,284.35,286.65,279.85,279.9,20280,927225,0.0,24328.8,24050.0,23850,ATM-6,CALL,24150,2026-07-17
2026-07-17 15:19:00+05:30,280.1,284.0,279.7,283.05,23400,912600,0.0,24329.0,24050.0,23850,ATM-6,CALL,24150,2026-07-17
2026-07-17 15:20:00+05:30,283.0,286.5,282.45,285.3,36140,892905,0.0,24332.95,24050.0,23850,ATM-6,CALL,24150,2026-07-17
2026-07-17 15:21:00+05:30,285.7,295.5,284.45,295.5,34125,881985,0.0,24333.15,24050.0,23850,ATM-6,CALL,24150,2026-07-17
2026-07-17 15:22:00+05:30,294.15,298.5,294.15,296.3,46410,861055,0.0,24336.85,24050.0,23850,ATM-6,CALL,24150,2026-07-17
2026-07-17 15:23:00+05:30,296.0,301.35,296.0,300.3,22035,858585,0.0,24337.95,24050.0,23850,ATM-6,CALL,24150,2026-07-17
2026-07-17 15:24:00+05:30,301.45,311.0,300.3,305.8,28535,855855,0.0,24342.8,24050.0,23850,ATM-6,CALL,24150,2026-07-17
2026-07-17 15:25:00+05:30,306.8,313.35,305.7,311.2,25870,856895,0.0,24345.0,24050.0,23850,ATM-6,CALL,24150,2026-07-17
2026-07-17 15:26:00+05:30,310.45,312.15,307.3,309.25,20280,854880,0.0,24342.8,24050.0,23850,ATM-6,CALL,24150,2026-07-17
2026-07-17 15:27:00+05:30,309.8,313.95,309.05,313.0,18525,849355,0.0,24344.0,24050.0,23850,ATM-6,CALL,24150,2026-07-17
2026-07-17 15:28:00+05:30,311.75,319.8,311.75,316.75,15470,843765,5.966804,24339.4,24050.0,23850,ATM-6,CALL,24150,2026-07-17
2026-07-17 15:29:00+05:30,317.35,326.3,316.75,321.75,26650,837525,0.0,24346.7,24050.0,23850,ATM-6,CALL,24150,2026-07-17
2026-07-17 09:15:00+05:30,50.05,50.05,37.0,39.85,829075,1789450,14.55862,24151.25,23850.0,23850,ATM-6,PUT,24150,2026-07-17
2026-07-17 09:16:00+05:30,38.6,40.15,36.6,36.6,959985,1940055,14.612016,24171.0,23850.0,23850,ATM-6,PUT,24150,2026-07-17
2026-07-17 09:17:00+05:30,45.9,47.7,45.15,46.25,602030,4146675,14.720791,24176.15,23900.0,23850,ATM-6,PUT,24150,2026-07-17
2026-07-17 09:18:00+05:30,45.95,46.25,43.4,43.4,674635,4235075,14.650299,24187.4,23900.0,23850,ATM-6,PUT,24150,2026-07-17
2026-07-17 09:19:00+05:30,43.55,44.65,43.05,44.0,764400,4442555,14.745312,24187.85,23900.0,23850,ATM-6,PUT,24150,2026-07-17
2026-07-17 09:20:00+05:30,43.9,44.0,41.7,43.1,786305,4482855,14.621107,24187.75,23900.0,23850,ATM-6,PUT,24150,2026-07-17
2026-07-17 09:21:00+05:30,42.8,44.25,42.7,43.65,442065,4738045,14.642215,24185.75,23900.0,23850,ATM-6,PUT,24150,2026-07-17
2026-07-17 09:22:00+05:30,43.5,44.45,43.1,43.55,343265,4796675,14.71203,24188.75,23900.0,23850,ATM-6,PUT,24150,2026-07-17
2026-07-17 09:23:00+05:30,43.55,44.2,43.25,44.05,208390,4835675,14.709635,24186.15,23900.0,23850,ATM-6,PUT,24150,2026-07-17
2026-07-17 09:24:00+05:30,43.55,44.05,42.55,42.75,290420,4874025,14.690855,24191.9,23900.0,23850,ATM-6,PUT,24150,2026-07-17
2026-07-17 09:25:00+05:30,42.9,42.95,41.8,42.45,535535,4962945,14.839585,24198.85,23900.0,23850,ATM-6,PUT,24150,2026-07-17
2026-07-17 09:26:00+05:30,42.1,43.0,42.1,42.8,500890,4920435,14.91489,24199.8,23900.0,23850,ATM-6,PUT,24150,2026-07-17
2026-07-17 09:27:00+05:30,42.65,43.0,41.6,41.75,620685,5170100,14.852615,24202.85,23900.0,23850,ATM-6,PUT,24150,2026-07-17
2026-07-17 09:28:00+05:30,41.9,42.3,41.5,41.5,261040,5484375,14.871279,24204.8,23900.0,23850,ATM-6,PUT,24150,2026-07-17
2026-07-17 09:29:00+05:30,41.75,41.8,40.9,41.0,259155,5522920,14.941628,24210.0,23900.0,23850,ATM-6,PUT,24150,2026-07-17
2026-07-17 09:30:00+05:30,40.9,42.0,40.25,41.5,413530,5572060,14.843834,24203.7,23900.0,23850,ATM-6,PUT,24150,2026-07-17
2026-07-17 09:31:00+05:30,41.5,42.25,41.2,42.15,356655,5652985,14.750261,24196.85,23900.0,23850,ATM-6,PUT,24150,2026-07-17
2026-07-17 09:32:00+05:30,42.0,42.65,40.8,40.85,329680,5752565,14.795053,24205.2,23900.0,23850,ATM-6,PUT,24150,2026-07-17
2026-07-17 09:33:00+05:30,40.65,41.1,39.7,40.0,366340,5801185,14.822845,24210.7,23900.0,23850,ATM-6,PUT,24150,2026-07-17
2026-07-17 09:34:00+05:30,39.85,41.45,39.2,41.1,342940,5866380,14.870028,24206.6,23900.0,23850,ATM-6,PUT,24150,2026-07-17
2026-07-17 09:35:00+05:30,40.9,41.2,40.5,40.75,174330,5941195,14.833831,24207.05,23900.0,23850,ATM-6,PUT,24150,2026-07-17
2026-07-17 09:36:00+05:30,40.65,41.45,40.1,40.2,199745,5978440,14.819883,24209.4,23900.0,23850,ATM-6,PUT,24150,2026-07-17
2026-07-17 09:37:00+05:30,39.95,40.35,39.0,39.0,298090,6039475,14.831226,24216.25,23900.0,23850,ATM-6,PUT,24150,2026-07-17
2026-07-17 09:38:00+05:30,39.0,39.2,38.3,38.65,320060,6058845,14.921506,24221.55,23900.0,23850,ATM-6,PUT,24150,2026-07-17
2026-07-17 09:39:00+05:30,38.45,39.55,38.45,39.45,250380,6138535,14.975038,24219.15,23900.0,23850,ATM-6,PUT,24150,2026-07-17
2026-07-17 09:40:00+05:30,39.35,39.7,38.95,39.55,262925,6222710,15.040834,24221.05,23900.0,23850,ATM-6,PUT,24150,2026-07-17
2026-07-17 09:41:00+05:30,39.4,39.85,39.1,39.5,175565,6295770,15.065133,24222.2,23900.0,23850,ATM-6,PUT,24150,2026-07-17
2026-07-17 09:42:00+05:30,39.3,39.65,38.8,38.95,160095,6333535,15.052467,24224.7,23900.0,23850,ATM-6,PUT,24150,2026-07-17
2026-07-17 09:43:00+05:30,48.15,48.7,47.75,48.0,197990,3273985,14.922506,24225.15,23950.0,23850,ATM-6,PUT,24150,2026-07-17
2026-07-17 09:44:00+05:30,47.6,48.8,47.15,47.35,262600,3314805,15.010562,24231.3,23950.0,23850,ATM-6,PUT,24150,2026-07-17
2026-07-17 09:45:00+05:30,47.15,47.35,45.2,46.4,474435,3381235,14.974679,24234.5,23950.0,23850,ATM-6,PUT,24150,2026-07-17
2026-07-17 09:46:00+05:30,46.4,47.15,46.0,46.25,151970,3410160,15.148534,24241.45,23950.0,23850,ATM-6,PUT,24150,2026-07-17
2026-07-17 09:47:00+05:30,46.1,47.05,45.15,46.8,133965,3423225,15.081715,24236.35,23950.0,23850,ATM-6,PUT,24150,2026-07-17
2026-07-17 09:48:00+05:30,47.0,47.1,46.2,46.55,110370,3444545,15.152216,24240.05,23950.0,23850,ATM-6,PUT,24150,2026-07-17
2026-07-17 09:49:00+05:30,46.55,47.45,46.55,47.1,187395,3509935,15.137838,24236.85,23950.0,23850,ATM-6,PUT,24150,2026-07-17
2026-07-17 09:50:00+05:30,46.85,47.1,45.7,45.9,195975,3521375,15.15426,24243.2,23950.0,23850,ATM-6,PUT,24150,2026-07-17
2026-07-17 09:51:00+05:30,46.0,48.4,45.9,47.95,150865,3567200,15.030198,24228.9,23950.0,23850,ATM-6,PUT,24150,2026-07-17
2026-07-17 09:52:00+05:30,47.75,48.5,47.55,48.25,205205,3581175,15.100328,24229.95,23950.0,23850,ATM-6,PUT,24150,2026-07-17
2026-07-17 09:53:00+05:30,48.3,48.3,47.35,47.45,185575,3590210,15.084096,24233.1,23950.0,23850,ATM-6,PUT,24150,2026-07-17
2026-07-17 09:54:00+05:30,47.3,47.75,46.3,47.0,215800,3661710,15.217743,24240.0,23950.0,23850,ATM-6,PUT,24150,2026-07-17
2026-07-17 09:55:00+05:30,47.05,48.95,47.0,48.7,382265,3587155,15.169875,24230.2,23950.0,23850,ATM-6,PUT,24150,2026-07-17
2026-07-17 09:56:00+05:30,39.4,39.95,39.35,39.65,305435,6487325,15.12733,24223.1,23900.0,23850,ATM-6,PUT,24150,2026-07-17
2026-07-17 09:57:00+05:30,39.7,40.55,39.65,40.1,314275,6534970,15.093831,24219.35,23900.0,23850,ATM-6,PUT,24150,2026-07-17
2026-07-17 09:58:00+05:30,49.75,50.05,47.95,48.0,182975,3634865,15.048724,24229.05,23950.0,23850,ATM-6,PUT,24150,2026-07-17
2026-07-17 09:59:00+05:30,47.95,48.8,47.85,48.0,86385,3627845,15.044203,24228.85,23950.0,23850,ATM-6,PUT,24150,2026-07-17
2026-07-17 10:00:00+05:30,38.6,40.6,38.15,40.35,207675,6605040,15.194252,24221.65,23900.0,23850,ATM-6,PUT,24150,2026-07-17
2026-07-17 10:01:00+05:30,40.35,41.4,39.5,40.5,391885,6625190,14.968818,24212.35,23900.0,23850,ATM-6,PUT,24150,2026-07-17
2026-07-17 10:02:00+05:30,40.4,40.5,40.0,40.2,363935,6625970,15.021894,24215.9,23900.0,23850,ATM-6,PUT,24150,2026-07-17
2026-07-17 10:03:00+05:30,40.1,40.45,39.9,39.9,277810,6685575,14.954693,24214.95,23900.0,23850,ATM-6,PUT,24150,2026-07-17
2026-07-17 10:04:00+05:30,39.75,40.3,39.75,40.15,243685,6714175,14.979614,24214.5,23900.0,23850,ATM-6,PUT,24150,2026-07-17
2026-07-17 10:05:00+05:30,40.1,40.5,38.9,39.25,279955,6751615,15.031826,24221.3,23900.0,23850,ATM-6,PUT,24150,2026-07-17
2026-07-17 10:06:00+05:30,39.05,39.55,38.6,39.45,262860,6755190,15.098978,24222.7,23900.0,23850,ATM-6,PUT,24150,2026-07-17
2026-07-17 10:07:00+05:30,48.75,49.2,48.3,48.55,262665,4220450,15.035102,24225.65,23950.0,23850,ATM-6,PUT,24150,2026-07-17
2026-07-17 10:08:00+05:30,48.55,49.45,48.0,48.0,116480,4307160,15.018951,24227.6,23950.0,23850,ATM-6,PUT,24150,2026-07-17
2026-07-17 10:09:00+05:30,47.85,48.15,46.85,47.7,140725,4315480,15.102747,24231.95,23950.0,23850,ATM-6,PUT,24150,2026-07-17
2026-07-17 10:10:00+05:30,47.95,48.85,47.7,48.8,52325,4327505,15.212457,24230.65,23950.0,23850,ATM-6,PUT,24150,2026-07-17
2026-07-17 10:11:00+05:30,48.7,48.9,48.25,48.3,41795,4334200,15.22087,24233.25,23950.0,23850,ATM-6,PUT,24150,2026-07-17
2026-07-17 10:12:00+05:30,48.1,48.3,46.45,46.95,147550,4341870,15.228451,24239.9,23950.0,23850,ATM-6,PUT,24150,2026-07-17
2026-07-17 10:13:00+05:30,46.8,47.1,46.2,47.0,123500,4346680,15.408608,24246.1,23950.0,23850,ATM-6,PUT,24150,2026-07-17
2026-07-17 10:14:00+05:30,46.9,47.75,46.9,47.45,138450,4361110,15.296167,24239.85,23950.0,23850,ATM-6,PUT,24150,2026-07-17
2026-07-17 10:15:00+05:30,47.5,47.6,46.8,47.2,143130,4317950,15.426674,24245.7,23950.0,23850,ATM-6,PUT,24150,2026-07-17
2026-07-17 10:16:00+05:30,47.05,47.2,46.35,46.55,107835,4331015,15.380457,24247.15,23950.0,23850,ATM-6,PUT,24150,2026-07-17
2026-07-17 10:17:00+05:30,46.4,46.55,45.3,45.6,232895,4357210,15.431821,24253.65,23950.0,23850,ATM-6,PUT,24150,2026-07-17
2026-07-17 10:18:00+05:30,45.55,45.85,43.35,43.45,486590,4360915,15.700138,24274.45,23950.0,23850,ATM-6,PUT,24150,2026-07-17
2026-07-17 10:19:00+05:30,43.8,44.65,43.45,44.6,332800,4390230,15.849126,24273.95,23950.0,23850,ATM-6,PUT,24150,2026-07-17
2026-07-17 10:20:00+05:30,44.45,45.1,44.0,45.0,239655,4392830,15.710755,24266.75,23950.0,23850,ATM-6,PUT,24150,2026-07-17
2026-07-17 10:21:00+05:30,44.9,45.15,44.05,44.65,211705,4472845,15.705444,24268.3,23950.0,23850,ATM-6,PUT,24150,2026-07-17
2026-07-17 10:22:00+05:30,44.7,44.85,43.9,44.5,268125,4589130,15.540444,24262.95,23950.0,23850,ATM-6,PUT,24150,2026-07-17
2026-07-17 10:23:00+05:30,44.65,45.15,44.5,44.85,159445,4721795,15.476858,24258.8,23950.0,23850,ATM-6,PUT,24150,2026-07-17
2026-07-17 10:24:00+05:30,44.8,45.1,44.65,44.8,69550,4740775,15.383644,24255.6,23950.0,23850,ATM-6,PUT,24150,2026-07-17
2026-07-17 10:25:00+05:30,44.5,45.25,44.45,44.6,111280,4759755,15.583618,24263.9,23950.0,23850,ATM-6,PUT,24150,2026-07-17
2026-07-17 10:26:00+05:30,44.6,44.8,44.4,44.4,68445,4755855,15.60729,24265.75,23950.0,23850,ATM-6,PUT,24150,2026-07-17
2026-07-17 10:27:00+05:30,44.3,44.65,43.9,44.45,112060,4767815,15.666981,24267.65,23950.0,23850,ATM-6,PUT,24150,2026-07-17
2026-07-17 10:28:00+05:30,44.4,44.45,43.55,43.75,110370,4825275,15.723068,24273.3,23950.0,23850,ATM-6,PUT,24150,2026-07-17
2026-07-17 10:29:00+05:30,54.1,54.1,52.75,52.95,522405,15893345,15.769441,24281.55,24000.0,23850,ATM-6,PUT,24150,2026-07-17
2026-07-17 10:30:00+05:30,52.75,53.5,52.55,52.85,596180,15797015,15.696181,24279.4,24000.0,23850,ATM-6,PUT,24150,2026-07-17
2026-07-17 10:31:00+05:30,52.55,53.0,52.2,52.85,413920,15808390,15.803202,24283.1,24000.0,23850,ATM-6,PUT,24150,2026-07-17
2026-07-17 10:32:00+05:30,52.9,53.2,52.3,53.15,648765,15873000,15.903112,24285.2,24000.0,23850,ATM-6,PUT,24150,2026-07-17
2026-07-17 10:33:00+05:30,53.4,54.7,53.15,54.35,504335,15816580,15.899308,24279.65,24000.0,23850,ATM-6,PUT,24150,2026-07-17
2026-07-17 10:34:00+05:30,54.4,54.6,54.05,54.3,340925,15870530,16.027774,24284.3,24000.0,23850,ATM-6,PUT,24150,2026-07-17
2026-07-17 10:35:00+05:30,44.25,45.15,44.15,44.9,113295,4912245,15.862511,24272.2,23950.0,23850,ATM-6,PUT,24150,2026-07-17
2026-07-17 10:36:00+05:30,44.75,45.0,44.6,44.75,87360,4929860,15.850906,24272.5,23950.0,23850,ATM-6,PUT,24150,2026-07-17
2026-07-17 10:37:00+05:30,44.7,45.1,44.65,45.0,68445,4947995,15.744262,24267.25,23950.0,23850,ATM-6,PUT,24150,2026-07-17
2026-07-17 10:38:00+05:30,45.1,45.35,44.15,44.35,138190,4982315,15.669955,24267.8,23950.0,23850,ATM-6,PUT,24150,2026-07-17
2026-07-17 10:39:00+05:30,44.2,44.75,44.1,44.75,92820,5014100,15.711878,24267.25,23950.0,23850,ATM-6,PUT,24150,2026-07-17
2026-07-17 10:40:00+05:30,44.8,45.0,43.95,44.05,75140,5028335,15.648032,24268.45,23950.0,23850,ATM-6,PUT,24150,2026-07-17
2026-07-17 10:41:00+05:30,44.15,44.25,43.8,43.85,37245,5037175,15.683466,24270.75,23950.0,23850,ATM-6,PUT,24150,2026-07-17
2026-07-17 10:42:00+05:30,43.85,44.5,43.75,44.35,65910,5048745,15.713983,24269.25,23950.0,23850,ATM-6,PUT,24150,2026-07-17
2026-07-17 10:43:00+05:30,44.55,46.5,44.35,46.5,187720,5064475,15.432238,24248.15,23950.0,23850,ATM-6,PUT,24150,2026-07-17
2026-07-17 10:44:00+05:30,46.05,46.5,45.1,45.75,428870,5057000,15.633183,24259.1,23950.0,23850,ATM-6,PUT,24150,2026-07-17
2026-07-17 10:45:00+05:30,45.75,47.0,45.45,47.0,345085,4802590,15.645033,24253.3,23950.0,23850,ATM-6,PUT,24150,2026-07-17
2026-07-17 10:46:00+05:30,47.0,47.1,46.1,46.5,211965,4732195,15.556138,24252.5,23950.0,23850,ATM-6,PUT,24150,2026-07-17
2026-07-17 10:47:00+05:30,46.5,46.6,45.45,45.7,131495,4731675,15.500579,24254.4,23950.0,23850,ATM-6,PUT,24150,2026-07-17
2026-07-17 10:48:00+05:30,45.9,46.3,45.65,46.3,57720,4724525,15.561626,24253.6,23950.0,23850,ATM-6,PUT,24150,2026-07-17
2026-07-17 10:49:00+05:30,46.45,46.5,45.8,46.25,95615,4744220,15.453674,24249.9,23950.0,23850,ATM-6,PUT,24150,2026-07-17
2026-07-17 10:50:00+05:30,46.05,46.4,45.1,45.6,106275,4782375,15.398024,24251.05,23950.0,23850,ATM-6,PUT,24150,2026-07-17
2026-07-17 10:51:00+05:30,45.6,46.25,45.6,45.85,45890,4773730,15.373879,24248.9,23950.0,23850,ATM-6,PUT,24150,2026-07-17
2026-07-17 10:52:00+05:30,45.9,46.3,45.2,45.2,80210,4781140,15.364873,24251.75,23950.0,23850,ATM-6,PUT,24150,2026-07-17
2026-07-17 10:53:00+05:30,45.15,45.25,44.2,44.65,117780,4793035,15.412612,24256.2,23950.0,23850,ATM-6,PUT,24150,2026-07-17
2026-07-17 10:54:00+05:30,44.7,45.95,44.25,45.35,67275,4787965,15.492311,24255.55,23950.0,23850,ATM-6,PUT,24150,2026-07-17
2026-07-17 10:55:00+05:30,45.3,46.0,45.05,45.15,36530,4791215,15.498929,24256.75,23950.0,23850,ATM-6,PUT,24150,2026-07-17
2026-07-17 10:56:00+05:30,45.0,45.65,44.4,45.05,60970,4796870,15.461604,24255.85,23950.0,23850,ATM-6,PUT,24150,2026-07-17
2026-07-17 10:57:00+05:30,44.7,45.3,44.65,45.05,39455,4807335,15.480606,24256.5,23950.0,23850,ATM-6,PUT,24150,2026-07-17
2026-07-17 10:58:00+05:30,44.9,45.05,44.15,44.15,122590,4808700,15.391586,24257.75,23950.0,23850,ATM-6,PUT,24150,2026-07-17
2026-07-17 10:59:00+05:30,44.25,44.8,44.1,44.35,34255,4804540,15.39994,24257.0,23950.0,23850,ATM-6,PUT,24150,2026-07-17
2026-07-17 11:00:00+05:30,44.25,44.45,43.35,43.9,111475,4806815,15.417846,24259.9,23950.0,23850,ATM-6,PUT,24150,2026-07-17
2026-07-17 11:01:00+05:30,43.85,44.6,43.6,44.5,57265,4827290,15.412046,24256.6,23950.0,23850,ATM-6,PUT,24150,2026-07-17
2026-07-17 11:02:00+05:30,44.45,45.7,44.45,45.55,165685,4868110,15.335879,24248.55,23950.0,23850,ATM-6,PUT,24150,2026-07-17
2026-07-17 11:03:00+05:30,45.55,45.55,44.8,44.85,51805,4873895,15.285363,24250.15,23950.0,23850,ATM-6,PUT,24150,2026-07-17
2026-07-17 11:04:00+05:30,44.9,45.0,44.2,44.2,47775,4873765,15.416362,24258.15,23950.0,23850,ATM-6,PUT,24150,2026-07-17
2026-07-17 11:05:00+05:30,44.2,44.35,43.6,44.2,89960,4867070,15.528129,24262.2,23950.0,23850,ATM-6,PUT,24150,2026-07-17
2026-07-17 11:06:00+05:30,44.25,44.95,44.05,44.05,56485,4875715,15.500212,24261.9,23950.0,23850,ATM-6,PUT,24150,2026-07-17
2026-07-17 11:07:00+05:30,43.85,46.25,43.8,46.2,313560,4877470,15.36357,24246.15,23950.0,23850,ATM-6,PUT,24150,2026-07-17
2026-07-17 11:08:00+05:30,46.05,47.45,46.05,46.95,252850,4745065,15.248427,24238.35,23950.0,23850,ATM-6,PUT,24150,2026-07-17
2026-07-17 11:09:00+05:30,46.8,47.15,45.85,46.1,88790,4741295,15.234082,24241.9,23950.0,23850,ATM-6,PUT,24150,2026-07-17
2026-07-17 11:10:00+05:30,46.1,47.4,46.0,47.15,113880,4742400,15.292967,24238.9,23950.0,23850,ATM-6,PUT,24150,2026-07-17
2026-07-17 11:11:00+05:30,47.15,47.25,46.15,46.75,104130,4736485,15.292073,24240.75,23950.0,23850,ATM-6,PUT,24150,2026-07-17
2026-07-17 11:12:00+05:30,46.65,47.0,46.35,46.35,60775,4727060,15.265741,24241.7,23950.0,23850,ATM-6,PUT,24150,2026-07-17
2026-07-17 11:13:00+05:30,46.55,47.95,46.35,47.45,85735,4727970,15.308567,24237.9,23950.0,23850,ATM-6,PUT,24150,2026-07-17
2026-07-17 11:14:00+05:30,47.4,47.9,46.2,46.75,137345,4736420,15.154101,24235.7,23950.0,23850,ATM-6,PUT,24150,2026-07-17
2026-07-17 11:15:00+05:30,46.9,47.25,46.45,46.8,64935,4746560,15.253022,24238.95,23950.0,23850,ATM-6,PUT,24150,2026-07-17
2026-07-17 11:16:00+05:30,46.85,47.95,46.6,47.65,127920,4744610,15.267037,24235.35,23950.0,23850,ATM-6,PUT,24150,2026-07-17
2026-07-17 11:17:00+05:30,47.7,47.7,46.1,46.65,147030,4750395,15.250484,24239.5,23950.0,23850,ATM-6,PUT,24150,2026-07-17
2026-07-17 11:18:00+05:30,46.7,47.65,46.65,47.55,58305,4715100,15.299562,24236.9,23950.0,23850,ATM-6,PUT,24150,2026-07-17
2026-07-17 11:19:00+05:30,47.5,47.7,46.45,46.8,83070,4720235,15.333117,24241.65,23950.0,23850,ATM-6,PUT,24150,2026-07-17
2026-07-17 11:20:00+05:30,46.65,47.1,46.3,46.9,59020,4721405,15.350547,24241.75,23950.0,23850,ATM-6,PUT,24150,2026-07-17
2026-07-17 11:21:00+05:30,46.7,47.15,46.35,46.35,48620,4722055,15.276004,24241.7,23950.0,23850,ATM-6,PUT,24150,2026-07-17
2026-07-17 11:22:00+05:30,46.55,46.55,45.1,45.7,136370,4713475,15.404247,24249.45,23950.0,23850,ATM-6,PUT,24150,2026-07-17
2026-07-17 11:23:00+05:30,46.0,47.5,45.7,46.85,79300,4716010,15.25485,24238.45,23950.0,23850,ATM-6,PUT,24150,2026-07-17
2026-07-17 11:24:00+05:30,46.7,47.35,45.8,46.0,83720,4724525,15.357281,24246.2,23950.0,23850,ATM-6,PUT,24150,2026-07-17
2026-07-17 11:25:00+05:30,46.05,46.85,45.8,46.75,56810,4735640,15.3626,24242.7,23950.0,23850,ATM-6,PUT,24150,2026-07-17
2026-07-17 11:26:00+05:30,46.65,47.4,46.3,46.4,41405,4733820,15.280105,24241.4,23950.0,23850,ATM-6,PUT,24150,2026-07-17
2026-07-17 11:27:00+05:30,46.3,46.55,45.7,45.95,74360,4741685,15.278803,24243.5,23950.0,23850,ATM-6,PUT,24150,2026-07-17
2026-07-17 11:28:00+05:30,45.9,46.55,45.85,46.2,75335,4747210,15.361259,24245.2,23950.0,23850,ATM-6,PUT,24150,2026-07-17
2026-07-17 11:29:00+05:30,46.25,46.55,45.3,46.45,76115,4749225,15.334982,24243.0,23950.0,23850,ATM-6,PUT,24150,2026-07-17
2026-07-17 11:30:00+05:30,46.25,46.5,45.65,45.95,57395,4750850,15.300335,24244.15,23950.0,23850,ATM-6,PUT,24150,2026-07-17
2026-07-17 11:31:00+05:30,46.0,46.3,45.6,45.9,30940,4750525,15.351717,24246.2,23950.0,23850,ATM-6,PUT,24150,2026-07-17
2026-07-17 11:32:00+05:30,45.65,46.3,45.55,45.75,15210,4751045,15.239222,24242.85,23950.0,23850,ATM-6,PUT,24150,2026-07-17
2026-07-17 11:33:00+05:30,45.75,46.25,45.0,45.2,60645,4754685,15.334603,24248.95,23950.0,23850,ATM-6,PUT,24150,2026-07-17
2026-07-17 11:34:00+05:30,45.15,45.2,43.9,44.95,136435,4746430,15.402256,24252.6,23950.0,23850,ATM-6,PUT,24150,2026-07-17
2026-07-17 11:35:00+05:30,44.85,44.95,44.05,44.25,81900,4748510,15.470143,24258.55,23950.0,23850,ATM-6,PUT,24150,2026-07-17
2026-07-17 11:36:00+05:30,44.3,45.85,44.1,45.8,108550,4745650,15.472932,24250.85,23950.0,23850,ATM-6,PUT,24150,2026-07-17
2026-07-17 11:37:00+05:30,45.4,46.5,45.25,45.95,97110,4743115,15.384906,24246.9,23950.0,23850,ATM-6,PUT,24150,2026-07-17
2026-07-17 11:38:00+05:30,45.95,46.1,44.7,44.75,60125,4743375,15.340665,24251.2,23950.0,23850,ATM-6,PUT,24150,2026-07-17
2026-07-17 11:39:00+05:30,44.85,45.0,44.45,44.55,70915,4746430,15.475293,24257.05,23950.0,23850,ATM-6,PUT,24150,2026-07-17
2026-07-17 11:40:00+05:30,44.4,45.05,44.2,44.4,51350,4740840,15.495449,24258.5,23950.0,23850,ATM-6,PUT,24150,2026-07-17
2026-07-17 11:41:00+05:30,44.3,44.75,43.9,44.1,118885,4737135,15.586255,24263.3,23950.0,23850,ATM-6,PUT,24150,2026-07-17
2026-07-17 11:42:00+05:30,43.95,44.5,43.7,44.2,83330,4763980,15.549421,24261.4,23950.0,23850,ATM-6,PUT,24150,2026-07-17
2026-07-17 11:43:00+05:30,44.3,44.45,43.65,43.9,67080,4773015,15.527821,24262.1,23950.0,23850,ATM-6,PUT,24150,2026-07-17
2026-07-17 11:44:00+05:30,43.95,43.95,42.85,43.3,128505,4777695,15.583721,24267.2,23950.0,23850,ATM-6,PUT,24150,2026-07-17
2026-07-17 11:45:00+05:30,43.25,43.4,42.65,42.7,104000,4780555,15.617883,24271.55,23950.0,23850,ATM-6,PUT,24150,2026-07-17
2026-07-17 11:46:00+05:30,42.7,43.6,42.7,43.3,53235,4781465,15.636345,24269.05,23950.0,23850,ATM-6,PUT,24150,2026-07-17
2026-07-17 11:47:00+05:30,43.2,44.1,43.2,43.8,56160,4781010,15.634518,24266.35,23950.0,23850,ATM-6,PUT,24150,2026-07-17
2026-07-17 11:48:00+05:30,43.85,43.85,42.95,43.4,32565,4789720,15.614772,24267.65,23950.0,23850,ATM-6,PUT,24150,2026-07-17
2026-07-17 11:49:00+05:30,43.15,43.4,43.0,43.05,38740,4793815,15.566511,24267.65,23950.0,23850,ATM-6,PUT,24150,2026-07-17
2026-07-17 11:50:00+05:30,42.8,43.3,42.75,42.85,51545,4806230,15.619373,24270.6,23950.0,23850,ATM-6,PUT,24150,2026-07-17
2026-07-17 11:51:00+05:30,42.8,43.05,42.45,42.95,72410,4828915,15.682162,24272.35,23950.0,23850,ATM-6,PUT,24150,2026-07-17
2026-07-17 11:52:00+05:30,42.75,42.95,42.1,42.35,58760,4837755,15.638409,24273.85,23950.0,23850,ATM-6,PUT,24150,2026-07-17
2026-07-17 11:53:00+05:30,52.0,52.9,51.45,52.35,463125,17383990,15.708621,24278.7,24000.0,23850,ATM-6,PUT,24150,2026-07-17
2026-07-17 11:54:00+05:30,52.35,52.65,52.0,52.5,327340,17416230,15.737915,24279.0,24000.0,23850,ATM-6,PUT,24150,2026-07-17
2026-07-17 11:55:00+05:30,42.5,43.3,42.4,43.1,91585,4836260,15.77458,24274.8,23950.0,23850,ATM-6,PUT,24150,2026-07-17
2026-07-17 11:56:00+05:30,53.2,53.55,52.45,52.95,293020,17406285,15.837574,24280.35,24000.0,23850,ATM-6,PUT,24150,2026-07-17
2026-07-17 11:57:00+05:30,52.9,53.5,52.7,53.5,332930,17469725,15.881055,24279.35,24000.0,23850,ATM-6,PUT,24150,2026-07-17
2026-07-17 11:58:00+05:30,43.65,44.0,43.1,43.6,77285,4848415,15.854626,24275.0,23950.0,23850,ATM-6,PUT,24150,2026-07-17
2026-07-17 11:59:00+05:30,53.55,53.55,53.0,53.2,161915,17486300,15.801282,24277.85,24000.0,23850,ATM-6,PUT,24150,2026-07-17
2026-07-17 12:00:00+05:30,43.5,44.15,43.0,44.0,59410,4867135,15.802132,24270.9,23950.0,23850,ATM-6,PUT,24150,2026-07-17
2026-07-17 12:01:00+05:30,43.8,44.05,43.5,43.65,74360,4890535,15.679026,24268.15,23950.0,23850,ATM-6,PUT,24150,2026-07-17
2026-07-17 12:02:00+05:30,43.75,43.95,43.6,43.75,57005,4904185,15.671135,24267.3,23950.0,23850,ATM-6,PUT,24150,2026-07-17
2026-07-17 12:03:00+05:30,53.8,54.0,53.0,53.0,247910,17660110,15.712157,24275.5,24000.0,23850,ATM-6,PUT,24150,2026-07-17
2026-07-17 12:04:00+05:30,42.95,43.55,42.9,43.55,48490,4891900,15.850668,24274.85,23950.0,23850,ATM-6,PUT,24150,2026-07-17
2026-07-17 12:05:00+05:30,43.8,44.0,43.5,43.8,99190,4927325,15.871027,24274.25,23950.0,23850,ATM-6,PUT,24150,2026-07-17
2026-07-17 12:06:00+05:30,43.95,44.35,43.7,44.3,67470,4918680,15.766921,24267.8,23950.0,23850,ATM-6,PUT,24150,2026-07-17
2026-07-17 12:07:00+05:30,44.15,44.6,43.85,44.55,45890,4921345,15.681233,24263.35,23950.0,23850,ATM-6,PUT,24150,2026-07-17
2026-07-17 12:08:00+05:30,44.35,44.7,43.7,43.7,60710,4920825,15.693032,24268.1,23950.0,23850,ATM-6,PUT,24150,2026-07-17
2026-07-17 12:09:00+05:30,43.75,43.85,43.15,43.6,54665,4929535,15.846126,24274.2,23950.0,23850,ATM-6,PUT,24150,2026-07-17
2026-07-17 12:10:00+05:30,43.5,43.85,43.0,43.85,105885,4908605,15.877335,24274.0,23950.0,23850,ATM-6,PUT,24150,2026-07-17
2026-07-17 12:11:00+05:30,43.7,44.2,43.55,43.9,61230,4912115,15.81891,24271.55,23950.0,23850,ATM-6,PUT,24150,2026-07-17
2026-07-17 12:12:00+05:30,53.9,54.35,53.4,53.7,164255,17953325,15.824768,24275.9,24000.0,23850,ATM-6,PUT,24150,2026-07-17
2026-07-17 12:13:00+05:30,43.55,44.2,43.25,44.05,24895,4912245,15.813859,24270.5,23950.0,23850,ATM-6,PUT,24150,2026-07-17
2026-07-17 12:14:00+05:30,54.3,54.3,53.15,53.45,128765,17994990,15.81377,24276.55,24000.0,23850,ATM-6,PUT,24150,2026-07-17
2026-07-17 12:15:00+05:30,53.1,53.65,53.0,53.2,145600,18001815,15.897034,24280.5,24000.0,23850,ATM-6,PUT,24150,2026-07-17
2026-07-17 12:16:00+05:30,43.1,44.2,42.9,43.9,75660,4916665,15.899823,24274.3,23950.0,23850,ATM-6,PUT,24150,2026-07-17
2026-07-17 12:17:00+05:30,43.9,44.5,43.75,43.85,53105,4919265,15.83676,24272.2,23950.0,23850,ATM-6,PUT,24150,2026-07-17
2026-07-17 12:18:00+05:30,54.1,54.3,53.25,53.7,141440,18082870,15.824661,24275.65,24000.0,23850,ATM-6,PUT,24150,2026-07-17
2026-07-17 12:19:00+05:30,53.85,54.3,53.5,54.15,99255,18082870,15.877999,24275.45,24000.0,23850,ATM-6,PUT,24150,2026-07-17
2026-07-17 12:20:00+05:30,54.35,54.5,53.75,54.15,294190,18058625,16.033278,24280.75,24000.0,23850,ATM-6,PUT,24150,2026-07-17
2026-07-17 12:21:00+05:30,54.15,54.5,54.05,54.25,118495,17959240,16.011103,24279.5,24000.0,23850,ATM-6,PUT,24150,2026-07-17
2026-07-17 12:22:00+05:30,44.15,44.65,43.95,44.3,36010,4876495,15.898201,24271.9,23950.0,23850,ATM-6,PUT,24150,2026-07-17
2026-07-17 12:23:00+05:30,54.15,54.4,53.45,53.6,145210,17953065,15.974441,24281.05,24000.0,23850,ATM-6,PUT,24150,2026-07-17
2026-07-17 12:24:00+05:30,53.6,54.1,53.5,53.8,131170,17986475,16.021846,24281.75,24000.0,23850,ATM-6,PUT,24150,2026-07-17
2026-07-17 12:25:00+05:30,53.7,54.4,53.25,54.2,226590,17999475,15.986237,24278.7,24000.0,23850,ATM-6,PUT,24150,2026-07-17
2026-07-17 12:26:00+05:30,54.2,54.45,53.85,54.25,134030,17988880,15.953159,24277.3,24000.0,23850,ATM-6,PUT,24150,2026-07-17
2026-07-17 12:27:00+05:30,54.3,54.3,53.45,53.75,103350,18023460,15.926174,24278.55,24000.0,23850,ATM-6,PUT,24150,2026-07-17
2026-07-17 12:28:00+05:30,53.7,54.1,53.55,54.0,151905,18052645,15.940785,24277.9,24000.0,23850,ATM-6,PUT,24150,2026-07-17
2026-07-17 12:29:00+05:30,54.1,54.7,53.85,54.4,128115,18006560,15.986301,24277.65,24000.0,23850,ATM-6,PUT,24150,2026-07-17
2026-07-17 12:30:00+05:30,44.55,44.85,44.5,44.65,77480,5146765,16.029737,24274.55,23950.0,23850,ATM-6,PUT,24150,2026-07-17
2026-07-17 12:31:00+05:30,54.6,55.0,54.15,54.15,109330,17912570,15.940477,24277.1,24000.0,23850,ATM-6,PUT,24150,2026-07-17
2026-07-17 12:32:00+05:30,44.2,44.7,44.05,44.6,19305,5149755,16.00325,24273.75,23950.0,23850,ATM-6,PUT,24150,2026-07-17
2026-07-17 12:33:00+05:30,54.7,55.0,54.05,54.05,112710,17908930,16.027412,24280.45,24000.0,23850,ATM-6,PUT,24150,2026-07-17
2026-07-17 12:34:00+05:30,54.05,54.4,53.55,54.25,128895,17913350,16.074838,24281.15,24000.0,23850,ATM-6,PUT,24150,2026-07-17
2026-07-17 12:35:00+05:30,54.2,54.45,54.0,54.3,99905,17924335,16.086883,24281.3,24000.0,23850,ATM-6,PUT,24150,2026-07-17
2026-07-17 12:36:00+05:30,54.4,54.45,53.95,54.15,113685,17897490,16.078861,24281.65,24000.0,23850,ATM-6,PUT,24150,2026-07-17
2026-07-17 12:37:00+05:30,54.1,54.6,53.8,54.35,127400,17882995,16.025957,24278.9,24000.0,23850,ATM-6,PUT,24150,2026-07-17
2026-07-17 12:38:00+05:30,54.35,54.75,54.05,54.25,212030,17891250,16.002613,24278.5,24000.0,23850,ATM-6,PUT,24150,2026-07-17
2026-07-17 12:39:00+05:30,54.1,54.5,53.65,54.2,167895,17942470,15.975527,24277.75,24000.0,23850,ATM-6,PUT,24150,2026-07-17
2026-07-17 12:40:00+05:30,44.15,44.9,44.0,44.9,33865,5111600,15.857693,24266.55,23950.0,23850,ATM-6,PUT,24150,2026-07-17
2026-07-17 12:41:00+05:30,44.95,45.0,44.0,44.0,86580,5113030,15.800851,24269.05,23950.0,23850,ATM-6,PUT,24150,2026-07-17
2026-07-17 12:42:00+05:30,54.2,54.2,53.3,53.3,284505,17899505,15.932396,24280.15,24000.0,23850,ATM-6,PUT,24150,2026-07-17
2026-07-17 12:43:00+05:30,43.4,44.25,43.3,44.05,38480,5126680,15.972964,24275.0,23950.0,23850,ATM-6,PUT,24150,2026-07-17
2026-07-17 12:44:00+05:30,53.95,54.25,53.45,53.55,91000,17872985,15.877176,24277.05,24000.0,23850,ATM-6,PUT,24150,2026-07-17
2026-07-17 12:45:00+05:30,53.55,53.55,52.6,52.8,328965,17885075,15.967902,24283.5,24000.0,23850,ATM-6,PUT,24150,2026-07-17
2026-07-17 12:46:00+05:30,52.8,53.5,52.8,53.1,199875,17896385,15.972079,24282.25,24000.0,23850,ATM-6,PUT,24150,2026-07-17
2026-07-17 12:47:00+05:30,53.1,53.4,52.8,53.1,170755,17933435,16.097624,24286.55,24000.0,23850,ATM-6,PUT,24150,2026-07-17
2026-07-17 12:48:00+05:30,52.95,53.3,52.5,52.5,361010,17956380,16.040478,24287.25,24000.0,23850,ATM-6,PUT,24150,2026-07-17
2026-07-17 12:49:00+05:30,51.8,52.55,48.15,49.75,1773785,17894240,15.870632,24294.0,24000.0,23850,ATM-6,PUT,24150,2026-07-17
2026-07-17 12:50:00+05:30,50.4,52.8,49.75,52.55,621335,17522960,15.944189,24283.6,24000.0,23850,ATM-6,PUT,24150,2026-07-17
2026-07-17 12:51:00+05:30,53.05,53.8,52.55,53.05,671060,17582695,15.945564,24281.35,24000.0,23850,ATM-6,PUT,24150,2026-07-17
2026-07-17 12:52:00+05:30,52.9,53.8,52.9,53.5,240175,17712305,15.958864,24279.75,24000.0,23850,ATM-6,PUT,24150,2026-07-17
2026-07-17 12:53:00+05:30,43.6,44.4,43.55,43.9,94770,4980625,15.895583,24272.5,23950.0,23850,ATM-6,PUT,24150,2026-07-17
2026-07-17 12:54:00+05:30,44.2,44.95,43.9,44.55,115050,4981860,16.027209,24273.9,23950.0,23850,ATM-6,PUT,24150,2026-07-17
2026-07-17 12:55:00+05:30,44.3,44.95,43.3,44.85,69095,4975685,15.996739,24271.2,23950.0,23850,ATM-6,PUT,24150,2026-07-17
2026-07-17 12:56:00+05:30,44.8,44.9,43.85,44.15,46020,4977960,15.990764,24274.55,23950.0,23850,ATM-6,PUT,24150,2026-07-17
2026-07-17 12:57:00+05:30,54.0,54.0,52.0,53.15,381680,17880785,15.936855,24280.35,24000.0,23850,ATM-6,PUT,24150,2026-07-17
2026-07-17 12:58:00+05:30,53.1,53.6,52.5,53.15,145665,17824820,15.897419,24278.95,24000.0,23850,ATM-6,PUT,24150,2026-07-17
2026-07-17 12:59:00+05:30,52.9,53.15,52.35,52.4,208585,17882995,15.926808,24283.3,24000.0,23850,ATM-6,PUT,24150,2026-07-17
2026-07-17 13:00:00+05:30,51.7,53.0,51.6,52.6,210665,17996680,15.939737,24282.8,24000.0,23850,ATM-6,PUT,24150,2026-07-17
2026-07-17 13:01:00+05:30,52.7,52.75,51.5,52.0,191230,17993040,15.889791,24283.75,24000.0,23850,ATM-6,PUT,24150,2026-07-17
2026-07-17 13:02:00+05:30,52.0,52.6,51.7,52.4,257855,17990830,15.79585,24278.65,24000.0,23850,ATM-6,PUT,24150,2026-07-17
2026-07-17 13:03:00+05:30,52.45,53.2,52.05,52.7,396955,17986020,15.895633,24280.7,24000.0,23850,ATM-6,PUT,24150,2026-07-17
2026-07-17 13:04:00+05:30,52.6,52.7,52.05,52.6,123370,18239130,15.859148,24279.85,24000.0,23850,ATM-6,PUT,24150,2026-07-17
2026-07-17 13:05:00+05:30,52.6,53.15,52.4,52.5,173160,18248100,15.883518,24281.1,24000.0,23850,ATM-6,PUT,24150,2026-07-17
2026-07-17 13:06:00+05:30,52.6,52.75,52.0,52.2,204555,18255965,15.927872,24283.95,24000.0,23850,ATM-6,PUT,24150,2026-07-17
2026-07-17 13:07:00+05:30,52.0,53.7,51.9,53.55,384475,18358210,15.887459,24276.45,24000.0,23850,ATM-6,PUT,24150,2026-07-17
2026-07-17 13:08:00+05:30,53.6,53.6,52.85,53.25,198185,18410665,15.945796,24279.75,24000.0,23850,ATM-6,PUT,24150,2026-07-17
2026-07-17 13:09:00+05:30,53.1,53.55,52.9,53.5,180375,18449405,15.928577,24278.0,24000.0,23850,ATM-6,PUT,24150,2026-07-17
2026-07-17 13:10:00+05:30,53.5,53.5,52.9,53.15,78585,18470790,15.927943,24279.5,24000.0,23850,ATM-6,PUT,24150,2026-07-17
2026-07-17 13:11:00+05:30,53.0,53.25,52.35,53.2,83655,18463640,15.929849,24279.3,24000.0,23850,ATM-6,PUT,24150,2026-07-17
2026-07-17 13:12:00+05:30,53.05,53.65,52.7,53.65,194545,18467410,15.932738,24277.35,24000.0,23850,ATM-6,PUT,24150,2026-07-17
2026-07-17 13:13:00+05:30,53.7,53.9,52.85,53.05,287300,18575700,15.829812,24276.45,24000.0,23850,ATM-6,PUT,24150,2026-07-17
2026-07-17 13:14:00+05:30,53.0,53.25,52.45,52.9,367770,18837975,15.988754,24282.55,24000.0,23850,ATM-6,PUT,24150,2026-07-17
2026-07-17 13:15:00+05:30,43.25,45.25,43.1,44.6,86840,4981925,16.005216,24271.9,23950.0,23850,ATM-6,PUT,24150,2026-07-17
2026-07-17 13:16:00+05:30,44.25,44.6,43.65,43.8,54080,4984135,15.917627,24272.8,23950.0,23850,ATM-6,PUT,24150,2026-07-17
2026-07-17 13:17:00+05:30,53.95,54.5,53.65,53.9,157170,18687305,15.914243,24275.4,24000.0,23850,ATM-6,PUT,24150,2026-07-17
2026-07-17 13:18:00+05:30,43.7,44.2,43.15,43.7,34515,4998305,15.898994,24272.55,23950.0,23850,ATM-6,PUT,24150,2026-07-17
2026-07-17 13:19:00+05:30,43.9,44.2,43.7,44.1,25285,4998890,16.00643,24274.35,23950.0,23850,ATM-6,PUT,24150,2026-07-17
2026-07-17 13:20:00+05:30,54.15,54.25,53.2,53.65,142090,18575245,15.941006,24277.3,24000.0,23850,ATM-6,PUT,24150,2026-07-17
2026-07-17 13:21:00+05:30,53.75,54.2,53.5,53.85,188370,18646420,15.972551,24277.45,24000.0,23850,ATM-6,PUT,24150,2026-07-17
2026-07-17 13:22:00+05:30,43.4,43.8,43.35,43.5,43420,5014100,15.924594,24274.35,23950.0,23850,ATM-6,PUT,24150,2026-07-17
2026-07-17 13:23:00+05:30,43.45,44.2,43.15,44.2,22295,5035810,15.88008,24269.05,23950.0,23850,ATM-6,PUT,24150,2026-07-17
2026-07-17 13:24:00+05:30,44.0,44.95,43.6,44.95,69225,5031910,15.915471,24266.45,23950.0,23850,ATM-6,PUT,24150,2026-07-17
2026-07-17 13:25:00+05:30,44.85,45.4,43.6,43.6,130910,5037825,15.786421,24268.65,23950.0,23850,ATM-6,PUT,24150,2026-07-17
2026-07-17 13:26:00+05:30,43.4,44.85,43.25,44.45,61165,5055050,15.807488,24265.0,23950.0,23850,ATM-6,PUT,24150,2026-07-17
2026-07-17 13:27:00+05:30,44.65,45.1,44.4,45.1,82290,5051670,15.812868,24261.85,23950.0,23850,ATM-6,PUT,24150,2026-07-17
2026-07-17 13:28:00+05:30,44.9,45.15,44.5,44.95,71435,5045495,15.759806,24260.65,23950.0,23850,ATM-6,PUT,24150,2026-07-17
2026-07-17 13:29:00+05:30,44.8,44.95,43.5,44.45,71695,5050045,15.874578,24267.3,23950.0,23850,ATM-6,PUT,24150,2026-07-17
2026-07-17 13:30:00+05:30,44.25,44.5,43.4,43.65,53300,5045950,15.82979,24269.75,23950.0,23850,ATM-6,PUT,24150,2026-07-17
2026-07-17 13:31:00+05:30,43.65,44.2,43.05,43.95,84370,5036850,15.826917,24268.05,23950.0,23850,ATM-6,PUT,24150,2026-07-17
2026-07-17 13:32:00+05:30,43.95,44.75,43.65,44.1,46865,5034380,15.806719,24266.5,23950.0,23850,ATM-6,PUT,24150,2026-07-17
2026-07-17 13:33:00+05:30,44.2,44.6,44.05,44.05,39975,5041920,15.730572,24263.95,23950.0,23850,ATM-6,PUT,24150,2026-07-17
2026-07-17 13:34:00+05:30,44.05,44.55,43.7,43.8,39390,5046925,15.744641,24265.7,23950.0,23850,ATM-6,PUT,24150,2026-07-17
2026-07-17 13:35:00+05:30,43.65,43.85,43.25,43.45,34905,5062525,15.748402,24267.6,23950.0,23850,ATM-6,PUT,24150,2026-07-17
2026-07-17 13:36:00+05:30,43.55,43.55,42.2,43.25,111410,5058690,15.781471,24269.8,23950.0,23850,ATM-6,PUT,24150,2026-07-17
2026-07-17 13:37:00+05:30,43.3,44.0,42.9,43.95,68185,5042960,15.741965,24264.7,23950.0,23850,ATM-6,PUT,24150,2026-07-17
2026-07-17 13:38:00+05:30,43.9,44.1,43.35,44.0,57460,5035420,15.780575,24265.8,23950.0,23850,ATM-6,PUT,24150,2026-07-17
2026-07-17 13:39:00+05:30,43.85,44.0,43.2,43.5,17225,5039905,15.812544,24269.5,23950.0,23850,ATM-6,PUT,24150,2026-07-17
2026-07-17 13:40:00+05:30,43.55,45.5,43.5,45.3,88660,5039385,15.756584,24258.25,23950.0,23850,ATM-6,PUT,24150,2026-07-17
2026-07-17 13:41:00+05:30,45.25,46.6,44.55,44.65,196300,5037305,15.566818,24254.65,23950.0,23850,ATM-6,PUT,24150,2026-07-17
2026-07-17 13:42:00+05:30,44.5,46.35,44.45,45.8,126815,5062395,15.631563,24251.2,23950.0,23850,ATM-6,PUT,24150,2026-07-17
2026-07-17 13:43:00+05:30,45.85,46.2,45.0,45.05,130845,5067855,15.449053,24248.35,23950.0,23850,ATM-6,PUT,24150,2026-07-17
2026-07-17 13:44:00+05:30,45.2,45.8,44.2,44.45,132535,5068375,15.531313,24254.25,23950.0,23850,ATM-6,PUT,24150,2026-07-17
2026-07-17 13:45:00+05:30,44.75,45.45,44.45,44.95,58370,5070650,15.55074,24252.4,23950.0,23850,ATM-6,PUT,24150,2026-07-17
2026-07-17 13:46:00+05:30,45.1,46.5,44.6,46.45,180960,5068765,15.554387,24245.1,23950.0,23850,ATM-6,PUT,24150,2026-07-17
2026-07-17 13:47:00+05:30,46.55,47.3,46.1,46.35,239135,5070130,15.36098,24238.7,23950.0,23850,ATM-6,PUT,24150,2026-07-17
2026-07-17 13:48:00+05:30,45.95,46.35,44.8,45.0,146510,5045625,15.411644,24247.05,23950.0,23850,ATM-6,PUT,24150,2026-07-17
2026-07-17 13:49:00+05:30,44.95,46.05,44.85,46.0,78780,5033795,15.350833,24239.95,23950.0,23850,ATM-6,PUT,24150,2026-07-17
2026-07-17 13:50:00+05:30,45.8,47.4,45.65,46.9,228085,5030545,15.107522,24227.05,23950.0,23850,ATM-6,PUT,24150,2026-07-17
2026-07-17 13:51:00+05:30,38.0,39.05,37.85,38.4,816075,7689045,15.020828,24215.95,23900.0,23850,ATM-6,PUT,24150,2026-07-17
2026-07-17 13:52:00+05:30,38.35,38.4,37.25,37.45,322660,7726485,15.052446,24222.35,23900.0,23850,ATM-6,PUT,24150,2026-07-17
2026-07-17 13:53:00+05:30,46.9,47.0,45.7,46.0,169260,4986800,15.051979,24229.25,23950.0,23850,ATM-6,PUT,24150,2026-07-17
2026-07-17 13:54:00+05:30,45.55,46.25,44.45,45.0,165815,4992130,14.994822,24232.0,23950.0,23850,ATM-6,PUT,24150,2026-07-17
2026-07-17 13:55:00+05:30,45.25,45.95,43.65,44.45,242255,4997005,15.047431,24236.5,23950.0,23850,ATM-6,PUT,24150,2026-07-17
2026-07-17 13:56:00+05:30,44.3,45.65,44.3,44.65,109525,4979650,14.970329,24232.75,23950.0,23850,ATM-6,PUT,24150,2026-07-17
2026-07-17 13:57:00+05:30,44.4,45.2,43.85,44.4,110630,4992000,14.96392,24233.7,23950.0,23850,ATM-6,PUT,24150,2026-07-17
2026-07-17 13:58:00+05:30,44.25,44.95,43.95,44.35,93600,4998045,15.068054,24237.6,23950.0,23850,ATM-6,PUT,24150,2026-07-17
2026-07-17 13:59:00+05:30,44.3,44.35,40.85,41.7,338390,4974060,15.046236,24250.1,23950.0,23850,ATM-6,PUT,24150,2026-07-17
2026-07-17 14:00:00+05:30,42.0,42.9,41.7,42.05,126360,4958720,15.061129,24248.8,23950.0,23850,ATM-6,PUT,24150,2026-07-17
2026-07-17 14:01:00+05:30,41.95,43.0,41.75,42.25,146250,4997070,15.035173,24246.8,23950.0,23850,ATM-6,PUT,24150,2026-07-17
2026-07-17 14:02:00+05:30,42.4,43.25,42.0,42.55,67340,5013580,14.98971,24243.6,23950.0,23850,ATM-6,PUT,24150,2026-07-17
2026-07-17 14:03:00+05:30,42.6,42.8,42.0,42.0,71045,5021900,14.986908,24246.25,23950.0,23850,ATM-6,PUT,24150,2026-07-17
2026-07-17 14:04:00+05:30,42.0,42.0,41.2,41.6,92235,5056805,15.044704,24250.35,23950.0,23850,ATM-6,PUT,24150,2026-07-17
2026-07-17 14:05:00+05:30,41.5,41.6,40.1,40.75,163280,5055310,15.043966,24254.7,23950.0,23850,ATM-6,PUT,24150,2026-07-17
2026-07-17 14:06:00+05:30,40.65,41.85,40.5,41.85,109200,5076630,15.06323,24249.65,23950.0,23850,ATM-6,PUT,24150,2026-07-17
2026-07-17 14:07:00+05:30,41.9,41.9,40.9,41.05,71370,5088655,14.989012,24251.05,23950.0,23850,ATM-6,PUT,24150,2026-07-17
2026-07-17 14:08:00+05:30,41.25,42.1,40.85,41.45,88010,5091840,15.048662,24251.1,23950.0,23850,ATM-6,PUT,24150,2026-07-17
2026-07-17 14:09:00+05:30,41.65,41.75,41.1,41.25,15925,5094960,15.072224,24252.95,23950.0,23850,ATM-6,PUT,24150,2026-07-17
2026-07-17 14:10:00+05:30,41.25,41.35,40.7,40.85,106600,5093270,15.044926,24254.0,23950.0,23850,ATM-6,PUT,24150,2026-07-17
2026-07-17 14:11:00+05:30,40.8,40.85,38.6,38.6,303810,5100095,15.024984,24265.25,23950.0,23850,ATM-6,PUT,24150,2026-07-17
2026-07-17 14:12:00+05:30,38.85,39.0,37.15,37.4,450970,5079035,15.018415,24271.6,23950.0,23850,ATM-6,PUT,24150,2026-07-17
2026-07-17 14:13:00+05:30,46.8,46.85,45.0,45.45,1400360,17006860,14.913846,24277.25,24000.0,23850,ATM-6,PUT,24150,2026-07-17
2026-07-17 14:14:00+05:30,45.2,46.45,45.2,45.5,898755,16899675,15.01555,24280.55,24000.0,23850,ATM-6,PUT,24150,2026-07-17
2026-07-17 14:15:00+05:30,56.55,56.8,42.55,42.65,1381770,6817525,15.009748,24345.4,24050.0,23850,ATM-6,PUT,24150,2026-07-17
2026-07-17 14:16:00+05:30,41.45,45.4,38.65,43.3,1671670,6651580,15.585784,24362.9,24050.0,23850,ATM-6,PUT,24150,2026-07-17
2026-07-17 14:17:00+05:30,43.25,45.95,43.1,44.75,977795,6555900,15.361976,24347.45,24050.0,23850,ATM-6,PUT,24150,2026-07-17
2026-07-17 14:18:00+05:30,45.1,48.15,44.75,46.65,855270,6493500,15.207843,24332.7,24050.0,23850,ATM-6,PUT,24150,2026-07-17
2026-07-17 14:19:00+05:30,38.15,40.2,37.85,40.2,1450540,16352245,15.05382,24308.45,24000.0,23850,ATM-6,PUT,24150,2026-07-17
2026-07-17 14:20:00+05:30,39.75,42.0,38.8,42.0,1258660,16368105,15.431718,24312.75,24000.0,23850,ATM-6,PUT,24150,2026-07-17
2026-07-17 14:21:00+05:30,41.95,43.7,41.15,43.0,1138800,16311490,15.482022,24309.35,24000.0,23850,ATM-6,PUT,24150,2026-07-17
2026-07-17 14:22:00+05:30,43.1,44.7,42.7,44.65,923910,16143595,15.482144,24300.95,24000.0,23850,ATM-6,PUT,24150,2026-07-17
2026-07-17 14:23:00+05:30,45.85,46.85,44.35,46.65,1119365,16091530,15.527656,24292.7,24000.0,23850,ATM-6,PUT,24150,2026-07-17
2026-07-17 14:24:00+05:30,46.6,46.75,43.7,44.0,1010685,15899715,15.319777,24298.3,24000.0,23850,ATM-6,PUT,24150,2026-07-17
2026-07-17 14:25:00+05:30,44.15,44.2,40.85,42.5,909090,15858895,15.359192,24307.3,24000.0,23850,ATM-6,PUT,24150,2026-07-17
2026-07-17 14:26:00+05:30,42.45,42.6,41.4,41.45,519025,15853305,15.318814,24311.25,24000.0,23850,ATM-6,PUT,24150,2026-07-17
2026-07-17 14:27:00+05:30,42.0,42.0,40.25,40.6,502905,15846025,15.189238,24310.95,24000.0,23850,ATM-6,PUT,24150,2026-07-17
2026-07-17 14:28:00+05:30,40.05,40.7,39.2,40.55,911235,15861625,15.143592,24309.5,24000.0,23850,ATM-6,PUT,24150,2026-07-17
2026-07-17 14:29:00+05:30,40.65,44.85,40.45,43.95,1351610,15858375,15.013361,24287.4,24000.0,23850,ATM-6,PUT,24150,2026-07-17
2026-07-17 14:30:00+05:30,43.75,44.0,40.85,41.45,811720,16072420,15.142356,24304.65,24000.0,23850,ATM-6,PUT,24150,2026-07-17
2026-07-17 14:31:00+05:30,41.25,42.55,40.9,42.05,387335,16143985,15.108997,24300.3,24000.0,23850,ATM-6,PUT,24150,2026-07-17
2026-07-17 14:32:00+05:30,42.3,42.5,41.4,41.9,472420,16192345,15.057068,24299.15,24000.0,23850,ATM-6,PUT,24150,2026-07-17
2026-07-17 14:33:00+05:30,42.05,42.65,41.65,42.0,277225,16230955,14.972664,24295.55,24000.0,23850,ATM-6,PUT,24150,2026-07-17
2026-07-17 14:34:00+05:30,42.15,42.35,41.5,41.7,356655,16258645,14.999188,24298.0,24000.0,23850,ATM-6,PUT,24150,2026-07-17
2026-07-17 14:35:00+05:30,41.8,42.3,41.6,42.05,269295,16286920,15.067997,24298.65,24000.0,23850,ATM-6,PUT,24150,2026-07-17
2026-07-17 14:36:00+05:30,41.9,43.3,41.9,42.85,477945,16297515,15.031896,24293.25,24000.0,23850,ATM-6,PUT,24150,2026-07-17
2026-07-17 14:37:00+05:30,42.95,43.35,42.0,42.8,338260,16301870,15.020462,24293.05,24000.0,23850,ATM-6,PUT,24150,2026-07-17
2026-07-17 14:38:00+05:30,42.9,43.5,41.45,41.7,484185,16329430,15.030119,24298.95,24000.0,23850,ATM-6,PUT,24150,2026-07-17
2026-07-17 14:39:00+05:30,41.65,42.1,41.3,41.5,280670,16267680,14.973803,24297.9,24000.0,23850,ATM-6,PUT,24150,2026-07-17
2026-07-17 14:40:00+05:30,41.45,42.0,41.05,41.75,288210,16271970,15.123866,24302.0,24000.0,23850,ATM-6,PUT,24150,2026-07-17
2026-07-17 14:41:00+05:30,41.6,42.1,40.2,40.35,395655,16277495,15.19408,24311.85,24000.0,23850,ATM-6,PUT,24150,2026-07-17
2026-07-17 14:42:00+05:30,40.3,41.0,40.15,40.15,402090,16226795,15.12666,24310.4,24000.0,23850,ATM-6,PUT,24150,2026-07-17
2026-07-17 14:43:00+05:30,40.15,40.15,39.05,39.95,544700,16160755,15.145092,24312.1,24000.0,23850,ATM-6,PUT,24150,2026-07-17
2026-07-17 14:44:00+05:30,39.95,40.0,38.4,38.55,547625,16146910,15.091191,24317.65,24000.0,23850,ATM-6,PUT,24150,2026-07-17
2026-07-17 14:45:00+05:30,38.8,39.35,38.4,38.9,405990,16214510,15.19403,24319.5,24000.0,23850,ATM-6,PUT,24150,2026-07-17
2026-07-17 14:46:00+05:30,48.05,48.8,46.35,46.55,320320,6170905,15.008731,24325.05,24050.0,23850,ATM-6,PUT,24150,2026-07-17
2026-07-17 14:47:00+05:30,37.95,38.65,37.7,38.15,289575,16202225,15.141663,24321.6,24000.0,23850,ATM-6,PUT,24150,2026-07-17
2026-07-17 14:48:00+05:30,38.15,39.25,37.1,37.1,447785,16252600,14.94965,24320.25,24000.0,23850,ATM-6,PUT,24150,2026-07-17
2026-07-17 14:49:00+05:30,37.55,37.55,36.0,36.55,561665,16347370,14.968008,24324.0,24000.0,23850,ATM-6,PUT,24150,2026-07-17
2026-07-17 14:50:00+05:30,36.45,37.65,35.9,37.3,474955,16332420,14.975283,24320.0,24000.0,23850,ATM-6,PUT,24150,2026-07-17
2026-07-17 14:51:00+05:30,37.3,37.85,36.25,37.7,351585,16385785,14.957039,24317.05,24000.0,23850,ATM-6,PUT,24150,2026-07-17
2026-07-17 14:52:00+05:30,37.5,37.8,37.15,37.55,246025,16442335,15.004307,24319.6,24000.0,23850,ATM-6,PUT,24150,2026-07-17
2026-07-17 14:53:00+05:30,37.75,38.15,36.5,36.7,634205,16502395,14.901989,24320.5,24000.0,23850,ATM-6,PUT,24150,2026-07-17
2026-07-17 14:54:00+05:30,36.8,37.7,36.7,37.0,396955,16651960,14.960341,24320.95,24000.0,23850,ATM-6,PUT,24150,2026-07-17
2026-07-17 14:55:00+05:30,45.95,46.6,45.1,45.35,171470,6200935,14.923522,24327.4,24050.0,23850,ATM-6,PUT,24150,2026-07-17
2026-07-17 14:56:00+05:30,36.3,37.8,35.5,37.3,992290,16708770,15.113413,24324.9,24000.0,23850,ATM-6,PUT,24150,2026-07-17
2026-07-17 14:57:00+05:30,37.2,38.1,37.15,37.8,277095,16698630,15.101221,24321.6,24000.0,23850,ATM-6,PUT,24150,2026-07-17
2026-07-17 14:58:00+05:30,37.8,38.9,37.8,38.25,448890,16651570,15.01461,24315.85,24000.0,23850,ATM-6,PUT,24150,2026-07-17
2026-07-17 14:59:00+05:30,38.3,38.95,37.95,38.75,469495,16648450,14.978674,24311.75,24000.0,23850,ATM-6,PUT,24150,2026-07-17
2026-07-17 15:00:00+05:30,38.5,39.0,35.65,36.25,1473550,16700385,14.927382,24323.7,24000.0,23850,ATM-6,PUT,24150,2026-07-17
2026-07-17 15:01:00+05:30,44.6,45.8,42.8,44.75,519155,5955495,14.797347,24325.6,24050.0,23850,ATM-6,PUT,24150,2026-07-17
2026-07-17 15:02:00+05:30,36.55,37.7,36.25,37.2,580125,16468205,15.090728,24324.35,24000.0,23850,ATM-6,PUT,24150,2026-07-17
2026-07-17 15:03:00+05:30,37.15,38.15,36.75,37.9,369590,16473860,15.02507,24317.95,24000.0,23850,ATM-6,PUT,24150,2026-07-17
2026-07-17 15:04:00+05:30,38.1,38.35,37.05,37.25,412360,16376100,15.039068,24322.05,24000.0,23850,ATM-6,PUT,24150,2026-07-17
2026-07-17 15:05:00+05:30,45.9,46.1,44.5,44.7,308555,5905770,14.850542,24327.55,24050.0,23850,ATM-6,PUT,24150,2026-07-17
2026-07-17 15:06:00+05:30,44.7,44.7,43.55,43.8,240305,5913050,14.803086,24330.2,24050.0,23850,ATM-6,PUT,24150,2026-07-17
2026-07-17 15:07:00+05:30,43.75,44.25,42.3,43.05,278395,5873465,14.815835,24334.3,24050.0,23850,ATM-6,PUT,24150,2026-07-17
2026-07-17 15:08:00+05:30,43.25,44.0,43.05,43.45,227370,5857345,14.810611,24332.1,24050.0,23850,ATM-6,PUT,24150,2026-07-17
2026-07-17 15:09:00+05:30,43.35,43.6,42.55,43.6,181545,5826405,14.873417,24333.55,24050.0,23850,ATM-6,PUT,24150,2026-07-17
2026-07-17 15:10:00+05:30,44.0,44.4,43.5,43.75,221585,5790460,14.844561,24331.75,24050.0,23850,ATM-6,PUT,24150,2026-07-17
2026-07-17 15:11:00+05:30,43.85,43.95,42.85,43.1,115895,5778305,14.769728,24332.25,24050.0,23850,ATM-6,PUT,24150,2026-07-17
2026-07-17 15:12:00+05:30,43.35,43.35,41.6,42.35,269685,5784220,14.772933,24336.05,24050.0,23850,ATM-6,PUT,24150,2026-07-17
2026-07-17 15:13:00+05:30,42.55,43.3,42.35,43.0,238680,5790915,14.832638,24334.9,24050.0,23850,ATM-6,PUT,24150,2026-07-17
2026-07-17 15:14:00+05:30,43.2,45.2,43.0,44.55,408525,5737615,14.874443,24328.75,24050.0,23850,ATM-6,PUT,24150,2026-07-17
2026-07-17 15:15:00+05:30,36.9,38.7,36.1,38.1,1095185,15061475,15.227884,24323.85,24000.0,23850,ATM-6,PUT,24150,2026-07-17
2026-07-17 15:16:00+05:30,38.1,39.05,37.9,38.35,788515,15036905,15.240871,24322.9,24000.0,23850,ATM-6,PUT,24150,2026-07-17
2026-07-17 15:17:00+05:30,47.35,47.35,45.75,46.6,252330,5527080,15.065944,24325.55,24050.0,23850,ATM-6,PUT,24150,2026-07-17
2026-07-17 15:18:00+05:30,46.4,46.95,45.9,46.75,175695,5481970,15.180656,24328.8,24050.0,23850,ATM-6,PUT,24150,2026-07-17
2026-07-17 15:19:00+05:30,46.65,47.25,46.1,47.2,268385,5410925,15.248518,24329.0,24050.0,23850,ATM-6,PUT,24150,2026-07-17
2026-07-17 15:20:00+05:30,47.4,48.0,46.4,46.4,407745,5393180,15.25415,24332.95,24050.0,23850,ATM-6,PUT,24150,2026-07-17
2026-07-17 15:21:00+05:30,46.7,47.35,43.45,43.65,388115,5338320,14.882948,24333.15,24050.0,23850,ATM-6,PUT,24150,2026-07-17
2026-07-17 15:22:00+05:30,44.15,45.4,43.05,44.65,539825,5182385,15.127091,24336.85,24050.0,23850,ATM-6,PUT,24150,2026-07-17
2026-07-17 15:23:00+05:30,44.6,45.65,44.0,44.5,354055,5161390,15.1386,24337.95,24050.0,23850,ATM-6,PUT,24150,2026-07-17
2026-07-17 15:24:00+05:30,44.6,44.95,43.8,44.45,368420,5128045,15.269604,24342.8,24050.0,23850,ATM-6,PUT,24150,2026-07-17
2026-07-17 15:25:00+05:30,45.25,46.8,44.45,46.2,536315,5118620,15.57535,24345.0,24050.0,23850,ATM-6,PUT,24150,2026-07-17
2026-07-17 15:26:00+05:30,46.3,46.5,44.85,45.75,294450,5039515,15.452175,24342.8,24050.0,23850,ATM-6,PUT,24150,2026-07-17
2026-07-17 15:27:00+05:30,46.15,46.2,44.7,45.2,315185,5008445,15.411204,24344.0,24050.0,23850,ATM-6,PUT,24150,2026-07-17
2026-07-17 15:28:00+05:30,44.9,45.2,42.55,42.55,511160,4981080,14.913257,24339.4,24050.0,23850,ATM-6,PUT,24150,2026-07-17
2026-07-17 15:29:00+05:30,42.95,43.2,40.15,40.15,540995,4948255,14.77625,24346.7,24050.0,23850,ATM-6,PUT,24150,2026-07-17
2026-07-17 09:15:00+05:30,260.8,276.85,234.85,276.85,187070,612625,0.0,24151.25,23900.0,23900,ATM-5,CALL,24150,2026-07-17
2026-07-17 09:16:00+05:30,282.9,297.65,276.85,297.65,210275,636285,0.0,24171.0,23900.0,23900,ATM-5,CALL,24150,2026-07-17
2026-07-17 09:17:00+05:30,259.35,265.45,257.95,261.05,104520,382525,7.067978,24176.15,23950.0,23900,ATM-5,CALL,24150,2026-07-17
2026-07-17 09:18:00+05:30,261.3,274.5,261.05,274.5,81705,376740,7.830491,24187.4,23950.0,23900,ATM-5,CALL,24150,2026-07-17
2026-07-17 09:19:00+05:30,275.0,280.0,269.8,275.4,76635,368095,7.942352,24187.85,23950.0,23900,ATM-5,CALL,24150,2026-07-17
2026-07-17 09:20:00+05:30,270.7,281.0,269.9,272.45,55575,378365,7.261339,24187.75,23950.0,23900,ATM-5,CALL,24150,2026-07-17
2026-07-17 09:21:00+05:30,273.7,274.55,267.7,270.25,30030,379080,7.169705,24185.75,23950.0,23900,ATM-5,CALL,24150,2026-07-17
2026-07-17 09:22:00+05:30,270.15,275.0,269.0,275.0,20280,380575,7.66932,24188.75,23950.0,23900,ATM-5,CALL,24150,2026-07-17
2026-07-17 09:23:00+05:30,273.6,276.05,270.1,271.2,30420,382460,7.323138,24186.15,23950.0,23900,ATM-5,CALL,24150,2026-07-17
2026-07-17 09:24:00+05:30,269.95,278.2,268.65,277.7,19370,383305,7.630956,24191.9,23950.0,23900,ATM-5,CALL,24150,2026-07-17
2026-07-17 09:25:00+05:30,277.7,286.05,277.3,283.55,57070,380120,7.497106,24198.85,23950.0,23900,ATM-5,CALL,24150,2026-07-17
2026-07-17 09:26:00+05:30,283.5,287.4,281.05,281.75,34710,385515,6.694031,24199.8,23950.0,23900,ATM-5,CALL,24150,2026-07-17
2026-07-17 09:27:00+05:30,281.75,288.6,279.3,285.55,28535,394680,7.002646,24202.85,23950.0,23900,ATM-5,CALL,24150,2026-07-17
2026-07-17 09:28:00+05:30,286.4,286.4,283.3,286.0,20345,395395,6.516606,24204.8,23950.0,23900,ATM-5,CALL,24150,2026-07-17
2026-07-17 09:29:00+05:30,284.8,291.95,283.55,291.6,22555,402480,6.766439,24210.0,23950.0,23900,ATM-5,CALL,24150,2026-07-17
2026-07-17 09:30:00+05:30,291.25,293.65,281.45,285.25,49140,398255,6.632997,24203.7,23950.0,23900,ATM-5,CALL,24150,2026-07-17
2026-07-17 09:31:00+05:30,285.0,287.0,276.9,277.8,24570,403910,6.279308,24196.85,23950.0,23900,ATM-5,CALL,24150,2026-07-17
2026-07-17 09:32:00+05:30,278.6,284.2,274.05,284.2,20995,412035,5.409298,24205.2,23950.0,23900,ATM-5,CALL,24150,2026-07-17
2026-07-17 09:33:00+05:30,285.0,291.0,282.8,289.05,30680,418795,4.88303,24210.7,23950.0,23900,ATM-5,CALL,24150,2026-07-17
2026-07-17 09:34:00+05:30,289.95,294.3,281.85,283.6,35490,423800,0.0,24206.6,23950.0,23900,ATM-5,CALL,24150,2026-07-17
2026-07-17 09:35:00+05:30,283.65,286.05,282.05,283.8,12870,429130,0.0,24207.05,23950.0,23900,ATM-5,CALL,24150,2026-07-17
2026-07-17 09:36:00+05:30,283.0,285.25,278.6,284.05,16120,434070,0.0,24209.4,23950.0,23900,ATM-5,CALL,24150,2026-07-17
2026-07-17 09:37:00+05:30,284.6,291.65,283.3,290.8,11960,437385,0.0,24216.25,23950.0,23900,ATM-5,CALL,24150,2026-07-17
2026-07-17 09:38:00+05:30,291.95,295.1,288.95,292.5,21645,440375,0.0,24221.55,23950.0,23900,ATM-5,CALL,24150,2026-07-17
2026-07-17 09:39:00+05:30,294.05,296.0,290.0,290.8,11310,439335,0.0,24219.15,23950.0,23900,ATM-5,CALL,24150,2026-07-17
2026-07-17 09:40:00+05:30,289.0,294.95,289.0,292.35,11050,441415,0.0,24221.05,23950.0,23900,ATM-5,CALL,24150,2026-07-17
2026-07-17 09:41:00+05:30,293.9,295.25,291.2,291.95,8320,444015,0.0,24222.2,23950.0,23900,ATM-5,CALL,24150,2026-07-17
2026-07-17 09:42:00+05:30,293.55,296.0,291.95,294.8,10790,444925,0.0,24224.7,23950.0,23900,ATM-5,CALL,24150,2026-07-17
2026-07-17 09:43:00+05:30,256.2,260.45,255.6,259.0,261430,3673410,6.788805,24225.15,24000.0,23900,ATM-5,CALL,24150,2026-07-17
2026-07-17 09:44:00+05:30,261.0,265.6,254.45,261.55,356915,3613090,5.698724,24231.3,24000.0,23900,ATM-5,CALL,24150,2026-07-17
2026-07-17 09:45:00+05:30,262.0,272.5,261.55,265.15,460135,3539640,5.929828,24234.5,24000.0,23900,ATM-5,CALL,24150,2026-07-17
2026-07-17 09:46:00+05:30,266.0,271.0,262.1,267.65,214240,3527290,0.0,24241.45,24000.0,23900,ATM-5,CALL,24150,2026-07-17
2026-07-17 09:47:00+05:30,268.0,272.05,264.25,265.45,272155,3481595,5.176863,24236.35,24000.0,23900,ATM-5,CALL,24150,2026-07-17
2026-07-17 09:48:00+05:30,265.5,270.7,265.1,268.5,136240,3483740,4.702222,24240.05,24000.0,23900,ATM-5,CALL,24150,2026-07-17
2026-07-17 09:49:00+05:30,268.4,268.9,263.4,264.6,94835,3491085,0.0,24236.85,24000.0,23900,ATM-5,CALL,24150,2026-07-17
2026-07-17 09:50:00+05:30,266.0,271.0,264.6,269.55,129415,3500770,0.0,24243.2,24000.0,23900,ATM-5,CALL,24150,2026-07-17
2026-07-17 09:51:00+05:30,269.7,269.7,257.15,258.4,254605,3486535,5.305955,24228.9,24000.0,23900,ATM-5,CALL,24150,2026-07-17
2026-07-17 09:52:00+05:30,259.0,261.1,256.65,257.7,165165,3432845,0.0,24229.95,24000.0,23900,ATM-5,CALL,24150,2026-07-17
2026-07-17 09:53:00+05:30,257.5,263.35,256.0,263.0,144820,3448835,5.589901,24233.1,24000.0,23900,ATM-5,CALL,24150,2026-07-17
2026-07-17 09:54:00+05:30,263.5,271.85,262.45,267.6,294255,3502720,0.0,24240.0,24000.0,23900,ATM-5,CALL,24150,2026-07-17
2026-07-17 09:55:00+05:30,268.0,268.0,257.85,259.65,170105,3460600,5.311885,24230.2,24000.0,23900,ATM-5,CALL,24150,2026-07-17
2026-07-17 09:56:00+05:30,297.45,297.7,289.35,291.55,14560,437645,0.0,24223.1,23950.0,23900,ATM-5,CALL,24150,2026-07-17
2026-07-17 09:57:00+05:30,291.85,292.45,285.05,288.65,14040,439530,0.0,24219.35,23950.0,23900,ATM-5,CALL,24150,2026-07-17
2026-07-17 09:58:00+05:30,249.95,257.65,248.55,257.65,164125,3429790,4.724913,24229.05,24000.0,23900,ATM-5,CALL,24150,2026-07-17
2026-07-17 09:59:00+05:30,257.65,259.95,255.0,259.4,168155,3459365,5.818169,24228.85,24000.0,23900,ATM-5,CALL,24150,2026-07-17
2026-07-17 10:00:00+05:30,298.0,302.55,287.0,287.45,25805,448955,0.0,24221.65,23950.0,23900,ATM-5,CALL,24150,2026-07-17
2026-07-17 10:01:00+05:30,287.6,292.95,278.0,279.3,26325,451815,0.0,24212.35,23950.0,23900,ATM-5,CALL,24150,2026-07-17
2026-07-17 10:02:00+05:30,281.1,284.5,279.3,282.75,18070,460070,0.0,24215.9,23950.0,23900,ATM-5,CALL,24150,2026-07-17
2026-07-17 10:03:00+05:30,282.7,284.4,280.45,284.0,7995,460785,0.0,24214.95,23950.0,23900,ATM-5,CALL,24150,2026-07-17
2026-07-17 10:04:00+05:30,284.6,285.0,277.05,280.75,15795,459940,0.0,24214.5,23950.0,23900,ATM-5,CALL,24150,2026-07-17
2026-07-17 10:05:00+05:30,280.95,289.25,279.95,288.6,10465,464295,0.0,24221.3,23950.0,23900,ATM-5,CALL,24150,2026-07-17
2026-07-17 10:06:00+05:30,288.0,292.0,286.9,286.9,12480,464620,0.0,24222.7,23950.0,23900,ATM-5,CALL,24150,2026-07-17
2026-07-17 10:07:00+05:30,250.0,252.95,248.5,252.85,51610,3467620,0.0,24225.65,24000.0,23900,ATM-5,CALL,24150,2026-07-17
2026-07-17 10:08:00+05:30,252.2,254.1,248.7,254.1,57200,3466970,0.0,24227.6,24000.0,23900,ATM-5,CALL,24150,2026-07-17
2026-07-17 10:09:00+05:30,255.0,261.5,254.1,255.85,204880,3409510,0.0,24231.95,24000.0,23900,ATM-5,CALL,24150,2026-07-17
2026-07-17 10:10:00+05:30,255.8,258.1,254.5,254.95,83070,3420885,0.0,24230.65,24000.0,23900,ATM-5,CALL,24150,2026-07-17
2026-07-17 10:11:00+05:30,254.8,256.6,253.0,256.45,48555,3418740,0.0,24233.25,24000.0,23900,ATM-5,CALL,24150,2026-07-17
2026-07-17 10:12:00+05:30,256.4,266.2,256.4,266.05,204880,3399500,0.0,24239.9,24000.0,23900,ATM-5,CALL,24150,2026-07-17
2026-07-17 10:13:00+05:30,267.0,270.7,266.05,267.25,271700,3358940,0.0,24246.1,24000.0,23900,ATM-5,CALL,24150,2026-07-17
2026-07-17 10:14:00+05:30,267.1,267.25,260.9,260.9,124345,3317275,0.0,24239.85,24000.0,23900,ATM-5,CALL,24150,2026-07-17
2026-07-17 10:15:00+05:30,262.0,269.0,260.85,267.35,114400,3308565,0.0,24245.7,24000.0,23900,ATM-5,CALL,24150,2026-07-17
2026-07-17 10:16:00+05:30,267.95,271.55,267.35,268.3,96720,3312985,0.0,24247.15,24000.0,23900,ATM-5,CALL,24150,2026-07-17
2026-07-17 10:17:00+05:30,268.7,281.05,268.15,278.95,257790,3308500,0.0,24253.65,24000.0,23900,ATM-5,CALL,24150,2026-07-17
2026-07-17 10:18:00+05:30,278.25,314.75,278.1,308.1,722410,3276845,7.781938,24274.45,24000.0,23900,ATM-5,CALL,24150,2026-07-17
2026-07-17 10:19:00+05:30,308.05,313.65,297.1,300.4,414245,3140020,0.0,24273.95,24000.0,23900,ATM-5,CALL,24150,2026-07-17
2026-07-17 10:20:00+05:30,302.55,306.2,294.0,294.2,234390,3107130,0.0,24266.75,24000.0,23900,ATM-5,CALL,24150,2026-07-17
2026-07-17 10:21:00+05:30,295.0,299.0,292.9,294.3,138190,3117270,0.0,24268.3,24000.0,23900,ATM-5,CALL,24150,2026-07-17
2026-07-17 10:22:00+05:30,294.05,295.35,289.55,290.0,94770,3144765,0.0,24262.95,24000.0,23900,ATM-5,CALL,24150,2026-07-17
2026-07-17 10:23:00+05:30,290.0,290.0,285.6,287.2,95940,3135210,5.111063,24258.8,24000.0,23900,ATM-5,CALL,24150,2026-07-17
2026-07-17 10:24:00+05:30,288.5,288.8,283.35,287.4,60125,3135925,6.837493,24255.6,24000.0,23900,ATM-5,CALL,24150,2026-07-17
2026-07-17 10:25:00+05:30,288.5,293.6,284.95,293.1,97435,3152240,5.82067,24263.9,24000.0,23900,ATM-5,CALL,24150,2026-07-17
2026-07-17 10:26:00+05:30,292.3,293.1,288.75,291.05,109265,3164070,0.0,24265.75,24000.0,23900,ATM-5,CALL,24150,2026-07-17
2026-07-17 10:27:00+05:30,292.4,296.8,289.9,292.95,149565,3144375,0.0,24267.65,24000.0,23900,ATM-5,CALL,24150,2026-07-17
2026-07-17 10:28:00+05:30,293.8,299.8,292.95,298.8,117130,3146390,0.0,24273.3,24000.0,23900,ATM-5,CALL,24150,2026-07-17
2026-07-17 10:29:00+05:30,260.5,269.0,259.6,268.0,96980,1414725,7.612505,24281.55,24050.0,23900,ATM-5,CALL,24150,2026-07-17
2026-07-17 10:30:00+05:30,268.05,268.4,261.2,266.0,56225,1398605,7.601915,24279.4,24050.0,23900,ATM-5,CALL,24150,2026-07-17
2026-07-17 10:31:00+05:30,265.65,270.75,265.65,270.45,77155,1392690,7.850944,24283.1,24050.0,23900,ATM-5,CALL,24150,2026-07-17
2026-07-17 10:32:00+05:30,270.3,278.15,269.2,269.4,132015,1376765,7.141851,24285.2,24050.0,23900,ATM-5,CALL,24150,2026-07-17
2026-07-17 10:33:00+05:30,269.45,269.45,263.2,267.15,46670,1354470,7.811295,24279.65,24050.0,23900,ATM-5,CALL,24150,2026-07-17
2026-07-17 10:34:00+05:30,266.5,271.4,265.55,271.15,31850,1356485,7.770486,24284.3,24050.0,23900,ATM-5,CALL,24150,2026-07-17
2026-07-17 10:35:00+05:30,310.0,310.0,295.0,295.0,87230,3008525,0.0,24272.2,24000.0,23900,ATM-5,CALL,24150,2026-07-17
2026-07-17 10:36:00+05:30,295.45,297.5,292.7,296.25,75465,2987400,0.0,24272.5,24000.0,23900,ATM-5,CALL,24150,2026-07-17
2026-07-17 10:37:00+05:30,296.25,297.05,290.0,290.0,68120,2996695,0.0,24267.25,24000.0,23900,ATM-5,CALL,24150,2026-07-17
2026-07-17 10:38:00+05:30,289.3,293.4,287.6,291.8,83200,2990975,0.0,24267.8,24000.0,23900,ATM-5,CALL,24150,2026-07-17
2026-07-17 10:39:00+05:30,292.65,294.15,289.3,289.9,48945,2999035,0.0,24267.25,24000.0,23900,ATM-5,CALL,24150,2026-07-17
2026-07-17 10:40:00+05:30,290.25,293.8,288.3,293.1,34710,3000595,0.0,24268.45,24000.0,23900,ATM-5,CALL,24150,2026-07-17
2026-07-17 10:41:00+05:30,292.4,294.1,290.9,293.7,32435,3001895,0.0,24270.75,24000.0,23900,ATM-5,CALL,24150,2026-07-17
2026-07-17 10:42:00+05:30,294.0,295.45,290.7,292.0,29510,3001115,0.0,24269.25,24000.0,23900,ATM-5,CALL,24150,2026-07-17
2026-07-17 10:43:00+05:30,292.65,292.65,275.1,276.25,147030,2993705,4.726598,24248.15,24000.0,23900,ATM-5,CALL,24150,2026-07-17
2026-07-17 10:44:00+05:30,277.55,284.4,276.25,281.9,123110,2970435,0.0,24259.1,24000.0,23900,ATM-5,CALL,24150,2026-07-17
2026-07-17 10:45:00+05:30,281.55,283.15,274.1,274.2,115505,2983500,0.0,24253.3,24000.0,23900,ATM-5,CALL,24150,2026-07-17
2026-07-17 10:46:00+05:30,273.25,277.95,272.25,276.0,100100,2996565,0.0,24252.5,24000.0,23900,ATM-5,CALL,24150,2026-07-17
2026-07-17 10:47:00+05:30,275.15,280.8,275.0,280.1,50505,3015350,0.0,24254.4,24000.0,23900,ATM-5,CALL,24150,2026-07-17
2026-07-17 10:48:00+05:30,279.1,280.1,274.0,274.0,70980,3041090,0.0,24253.6,24000.0,23900,ATM-5,CALL,24150,2026-07-17
2026-07-17 10:49:00+05:30,275.15,275.95,271.35,272.0,54340,3062215,0.0,24249.9,24000.0,23900,ATM-5,CALL,24150,2026-07-17
2026-07-17 10:50:00+05:30,272.55,276.8,271.0,273.3,53625,3069820,0.0,24251.05,24000.0,23900,ATM-5,CALL,24150,2026-07-17
2026-07-17 10:51:00+05:30,273.7,273.7,269.0,269.55,80210,3088735,0.0,24248.9,24000.0,23900,ATM-5,CALL,24150,2026-07-17
2026-07-17 10:52:00+05:30,270.2,273.65,267.25,272.9,110435,3116165,0.0,24251.75,24000.0,23900,ATM-5,CALL,24150,2026-07-17
2026-07-17 10:53:00+05:30,273.9,279.6,272.9,277.9,219895,3187990,0.0,24256.2,24000.0,23900,ATM-5,CALL,24150,2026-07-17
2026-07-17 10:54:00+05:30,276.9,277.95,270.0,273.6,173290,3226990,0.0,24255.55,24000.0,23900,ATM-5,CALL,24150,2026-07-17
2026-07-17 10:55:00+05:30,273.1,274.1,269.45,273.9,85605,3251690,0.0,24256.75,24000.0,23900,ATM-5,CALL,24150,2026-07-17
2026-07-17 10:56:00+05:30,274.2,279.7,273.4,277.2,155350,3266770,0.0,24255.85,24000.0,23900,ATM-5,CALL,24150,2026-07-17
2026-07-17 10:57:00+05:30,277.85,278.0,272.95,274.7,49985,3242330,0.0,24256.5,24000.0,23900,ATM-5,CALL,24150,2026-07-17
2026-07-17 10:58:00+05:30,275.65,279.6,274.7,279.6,51415,3243110,0.0,24257.75,24000.0,23900,ATM-5,CALL,24150,2026-07-17
2026-07-17 10:59:00+05:30,279.9,279.9,276.0,277.25,46670,3218540,0.0,24257.0,24000.0,23900,ATM-5,CALL,24150,2026-07-17
2026-07-17 11:00:00+05:30,276.45,283.0,275.55,280.9,114725,3186430,0.0,24259.9,24000.0,23900,ATM-5,CALL,24150,2026-07-17
2026-07-17 11:01:00+05:30,279.55,281.65,274.25,276.4,127985,3188380,0.0,24256.6,24000.0,23900,ATM-5,CALL,24150,2026-07-17
2026-07-17 11:02:00+05:30,275.8,276.4,268.6,269.1,133510,3130595,0.0,24248.55,24000.0,23900,ATM-5,CALL,24150,2026-07-17
2026-07-17 11:03:00+05:30,269.2,274.4,269.1,274.4,38220,3131570,0.0,24250.15,24000.0,23900,ATM-5,CALL,24150,2026-07-17
2026-07-17 11:04:00+05:30,274.0,278.6,273.2,278.35,50375,3120065,0.0,24258.15,24000.0,23900,ATM-5,CALL,24150,2026-07-17
2026-07-17 11:05:00+05:30,278.8,282.8,278.1,279.05,116155,3112785,0.0,24262.2,24000.0,23900,ATM-5,CALL,24150,2026-07-17
2026-07-17 11:06:00+05:30,278.05,281.3,275.2,281.3,41665,3109990,0.0,24261.9,24000.0,23900,ATM-5,CALL,24150,2026-07-17
2026-07-17 11:07:00+05:30,281.25,281.8,267.5,268.5,97240,3104725,0.0,24246.15,24000.0,23900,ATM-5,CALL,24150,2026-07-17
2026-07-17 11:08:00+05:30,268.0,268.5,260.8,264.65,210665,3064100,0.0,24238.35,24000.0,23900,ATM-5,CALL,24150,2026-07-17
2026-07-17 11:09:00+05:30,264.7,267.55,262.75,265.55,186875,2984020,0.0,24241.9,24000.0,23900,ATM-5,CALL,24150,2026-07-17
2026-07-17 11:10:00+05:30,265.7,266.5,260.5,261.95,50830,2989805,0.0,24238.9,24000.0,23900,ATM-5,CALL,24150,2026-07-17
2026-07-17 11:11:00+05:30,262.0,267.0,261.05,264.7,53170,2991365,0.0,24240.75,24000.0,23900,ATM-5,CALL,24150,2026-07-17
2026-07-17 11:12:00+05:30,265.0,266.55,263.35,266.55,42315,3003000,0.0,24241.7,24000.0,23900,ATM-5,CALL,24150,2026-07-17
2026-07-17 11:13:00+05:30,265.45,266.55,258.4,260.5,70070,3011840,0.0,24237.9,24000.0,23900,ATM-5,CALL,24150,2026-07-17
2026-07-17 11:14:00+05:30,261.05,266.1,258.9,263.7,67925,2991430,4.600198,24235.7,24000.0,23900,ATM-5,CALL,24150,2026-07-17
2026-07-17 11:15:00+05:30,264.3,265.9,262.25,264.0,31785,3001895,0.0,24238.95,24000.0,23900,ATM-5,CALL,24150,2026-07-17
2026-07-17 11:16:00+05:30,264.15,264.15,257.6,258.9,55445,3006380,0.0,24235.35,24000.0,23900,ATM-5,CALL,24150,2026-07-17
2026-07-17 11:17:00+05:30,259.0,263.9,258.5,260.7,45565,3015350,0.0,24239.5,24000.0,23900,ATM-5,CALL,24150,2026-07-17
2026-07-17 11:18:00+05:30,260.0,260.75,255.85,256.4,57330,3017950,0.0,24236.9,24000.0,23900,ATM-5,CALL,24150,2026-07-17
2026-07-17 11:19:00+05:30,256.95,262.0,255.3,260.7,61425,3017365,0.0,24241.65,24000.0,23900,ATM-5,CALL,24150,2026-07-17
2026-07-17 11:20:00+05:30,260.2,261.8,259.45,261.05,31590,3029260,0.0,24241.75,24000.0,23900,ATM-5,CALL,24150,2026-07-17
2026-07-17 11:21:00+05:30,260.7,261.3,258.6,260.8,30355,3041675,0.0,24241.7,24000.0,23900,ATM-5,CALL,24150,2026-07-17
2026-07-17 11:22:00+05:30,261.55,269.15,260.8,266.0,112190,3026010,0.0,24249.45,24000.0,23900,ATM-5,CALL,24150,2026-07-17
2026-07-17 11:23:00+05:30,266.1,266.1,257.15,258.75,60320,3027115,0.0,24238.45,24000.0,23900,ATM-5,CALL,24150,2026-07-17
2026-07-17 11:24:00+05:30,258.7,266.55,256.2,265.7,116870,3025685,0.0,24246.2,24000.0,23900,ATM-5,CALL,24150,2026-07-17
2026-07-17 11:25:00+05:30,264.95,266.15,260.75,261.9,115115,3021395,0.0,24242.7,24000.0,23900,ATM-5,CALL,24150,2026-07-17
2026-07-17 11:26:00+05:30,261.9,262.4,258.35,262.4,28015,3024255,0.0,24241.4,24000.0,23900,ATM-5,CALL,24150,2026-07-17
2026-07-17 11:27:00+05:30,263.0,265.45,262.4,263.5,38155,3021850,0.0,24243.5,24000.0,23900,ATM-5,CALL,24150,2026-07-17
2026-07-17 11:28:00+05:30,264.0,264.85,261.9,263.95,15860,3022955,0.0,24245.2,24000.0,23900,ATM-5,CALL,24150,2026-07-17
2026-07-17 11:29:00+05:30,264.0,268.0,262.35,263.15,44590,3022175,0.0,24243.0,24000.0,23900,ATM-5,CALL,24150,2026-07-17
2026-07-17 11:30:00+05:30,263.15,266.15,262.5,263.05,30160,3028025,0.0,24244.15,24000.0,23900,ATM-5,CALL,24150,2026-07-17
2026-07-17 11:31:00+05:30,263.55,264.9,261.0,264.7,25025,3023995,0.0,24246.2,24000.0,23900,ATM-5,CALL,24150,2026-07-17
2026-07-17 11:32:00+05:30,264.65,265.7,261.75,263.0,18720,3022955,0.0,24242.85,24000.0,23900,ATM-5,CALL,24150,2026-07-17
2026-07-17 11:33:00+05:30,264.0,266.85,260.4,265.55,33865,3026530,0.0,24248.95,24000.0,23900,ATM-5,CALL,24150,2026-07-17
2026-07-17 11:34:00+05:30,265.7,273.1,265.55,268.45,131170,3013205,0.0,24252.6,24000.0,23900,ATM-5,CALL,24150,2026-07-17
2026-07-17 11:35:00+05:30,268.65,275.3,268.45,273.8,99645,3010020,0.0,24258.55,24000.0,23900,ATM-5,CALL,24150,2026-07-17
2026-07-17 11:36:00+05:30,273.05,276.5,267.05,267.85,117130,3015545,0.0,24250.85,24000.0,23900,ATM-5,CALL,24150,2026-07-17
2026-07-17 11:37:00+05:30,269.1,270.8,263.6,265.3,74750,2993510,0.0,24246.9,24000.0,23900,ATM-5,CALL,24150,2026-07-17
2026-07-17 11:38:00+05:30,264.7,271.9,264.05,270.15,38220,2993835,0.0,24251.2,24000.0,23900,ATM-5,CALL,24150,2026-07-17
2026-07-17 11:39:00+05:30,270.7,274.75,270.15,273.9,60385,2982070,0.0,24257.05,24000.0,23900,ATM-5,CALL,24150,2026-07-17
2026-07-17 11:40:00+05:30,274.8,275.35,270.5,275.35,48165,2975245,0.0,24258.5,24000.0,23900,ATM-5,CALL,24150,2026-07-17
2026-07-17 11:41:00+05:30,274.7,280.9,274.7,278.7,106665,2966795,0.0,24263.3,24000.0,23900,ATM-5,CALL,24150,2026-07-17
2026-07-17 11:42:00+05:30,280.9,281.15,276.0,276.45,60190,2960295,0.0,24261.4,24000.0,23900,ATM-5,CALL,24150,2026-07-17
2026-07-17 11:43:00+05:30,275.9,279.7,275.6,277.95,40625,2959385,0.0,24262.1,24000.0,23900,ATM-5,CALL,24150,2026-07-17
2026-07-17 11:44:00+05:30,277.85,284.0,277.85,280.35,115440,2951065,0.0,24267.2,24000.0,23900,ATM-5,CALL,24150,2026-07-17
2026-07-17 11:45:00+05:30,281.05,285.0,280.35,282.95,106925,2930850,0.0,24271.55,24000.0,23900,ATM-5,CALL,24150,2026-07-17
2026-07-17 11:46:00+05:30,284.35,284.8,279.15,281.9,76375,2923765,0.0,24269.05,24000.0,23900,ATM-5,CALL,24150,2026-07-17
2026-07-17 11:47:00+05:30,283.1,283.1,276.85,280.4,52715,2927080,0.0,24266.35,24000.0,23900,ATM-5,CALL,24150,2026-07-17
2026-07-17 11:48:00+05:30,279.3,284.0,279.0,280.75,42835,2927535,0.0,24267.65,24000.0,23900,ATM-5,CALL,24150,2026-07-17
2026-07-17 11:49:00+05:30,281.55,282.75,280.0,280.15,23790,2936115,0.0,24267.65,24000.0,23900,ATM-5,CALL,24150,2026-07-17
2026-07-17 11:50:00+05:30,281.0,282.65,279.45,281.9,22555,2932995,0.0,24270.6,24000.0,23900,ATM-5,CALL,24150,2026-07-17
2026-07-17 11:51:00+05:30,283.0,286.0,281.9,283.75,82420,2937870,0.0,24272.35,24000.0,23900,ATM-5,CALL,24150,2026-07-17
2026-07-17 11:52:00+05:30,284.1,289.55,283.3,289.25,78130,2940665,0.0,24273.85,24000.0,23900,ATM-5,CALL,24150,2026-07-17
2026-07-17 11:53:00+05:30,252.0,255.65,249.45,252.6,74035,1397500,0.0,24278.7,24050.0,23900,ATM-5,CALL,24150,2026-07-17
2026-07-17 11:54:00+05:30,253.35,254.9,251.4,252.0,39975,1400490,0.0,24279.0,24050.0,23900,ATM-5,CALL,24150,2026-07-17
2026-07-17 11:55:00+05:30,291.75,292.5,286.0,286.0,107250,3050385,0.0,24274.8,24000.0,23900,ATM-5,CALL,24150,2026-07-17
2026-07-17 11:56:00+05:30,247.45,254.0,244.45,252.25,35295,1397565,0.0,24280.35,24050.0,23900,ATM-5,CALL,24150,2026-07-17
2026-07-17 11:57:00+05:30,253.0,254.75,250.8,250.8,20150,1402245,0.0,24279.35,24050.0,23900,ATM-5,CALL,24150,2026-07-17
2026-07-17 11:58:00+05:30,289.75,290.7,284.0,285.0,98475,3014440,0.0,24275.0,24000.0,23900,ATM-5,CALL,24150,2026-07-17
2026-07-17 11:59:00+05:30,247.45,250.1,246.6,248.25,13260,1408745,0.0,24277.85,24050.0,23900,ATM-5,CALL,24150,2026-07-17
2026-07-17 12:00:00+05:30,285.45,288.8,278.2,279.85,123760,3013725,0.0,24270.9,24000.0,23900,ATM-5,CALL,24150,2026-07-17
2026-07-17 12:01:00+05:30,279.6,282.25,277.05,280.1,59995,2978885,0.0,24268.15,24000.0,23900,ATM-5,CALL,24150,2026-07-17
2026-07-17 12:02:00+05:30,278.5,280.1,276.4,277.5,31655,2983305,0.0,24267.3,24000.0,23900,ATM-5,CALL,24150,2026-07-17
2026-07-17 12:03:00+05:30,240.8,248.05,239.65,247.05,25090,1400425,0.0,24275.5,24050.0,23900,ATM-5,CALL,24150,2026-07-17
2026-07-17 12:04:00+05:30,287.05,288.35,285.15,286.6,69420,2983175,0.0,24274.85,24000.0,23900,ATM-5,CALL,24150,2026-07-17
2026-07-17 12:05:00+05:30,282.6,286.7,281.9,283.7,36270,2978755,0.0,24274.25,24000.0,23900,ATM-5,CALL,24150,2026-07-17
2026-07-17 12:06:00+05:30,283.2,283.75,277.0,277.75,51675,2963480,0.0,24267.8,24000.0,23900,ATM-5,CALL,24150,2026-07-17
2026-07-17 12:07:00+05:30,278.0,279.9,272.45,273.05,68510,2955485,0.0,24263.35,24000.0,23900,ATM-5,CALL,24150,2026-07-17
2026-07-17 12:08:00+05:30,274.4,279.1,272.55,279.1,67730,2937610,0.0,24268.1,24000.0,23900,ATM-5,CALL,24150,2026-07-17
2026-07-17 12:09:00+05:30,278.3,284.4,278.2,283.2,52715,2938520,0.0,24274.2,24000.0,23900,ATM-5,CALL,24150,2026-07-17
2026-07-17 12:10:00+05:30,283.15,287.95,283.15,284.3,78065,2942290,0.0,24274.0,24000.0,23900,ATM-5,CALL,24150,2026-07-17
2026-07-17 12:11:00+05:30,284.2,284.3,280.0,280.6,40560,2943070,0.0,24271.55,24000.0,23900,ATM-5,CALL,24150,2026-07-17
2026-07-17 12:12:00+05:30,242.0,246.8,241.25,244.8,9620,1396850,0.0,24275.9,24050.0,23900,ATM-5,CALL,24150,2026-07-17
2026-07-17 12:13:00+05:30,283.05,285.9,278.0,280.1,31070,2952755,0.0,24270.5,24000.0,23900,ATM-5,CALL,24150,2026-07-17
2026-07-17 12:14:00+05:30,242.0,247.4,241.0,246.4,13130,1400295,0.0,24276.55,24050.0,23900,ATM-5,CALL,24150,2026-07-17
2026-07-17 12:15:00+05:30,247.05,248.45,245.35,248.25,15405,1400490,0.0,24280.5,24050.0,23900,ATM-5,CALL,24150,2026-07-17
2026-07-17 12:16:00+05:30,286.35,287.7,277.7,279.0,49530,2942095,0.0,24274.3,24000.0,23900,ATM-5,CALL,24150,2026-07-17
2026-07-17 12:17:00+05:30,279.85,279.85,274.25,278.35,51415,2939040,0.0,24272.2,24000.0,23900,ATM-5,CALL,24150,2026-07-17
2026-07-17 12:18:00+05:30,241.3,246.0,240.1,245.6,27365,1407510,0.0,24275.65,24050.0,23900,ATM-5,CALL,24150,2026-07-17
2026-07-17 12:19:00+05:30,245.15,246.0,242.35,242.35,5070,1401205,0.0,24275.45,24050.0,23900,ATM-5,CALL,24150,2026-07-17
2026-07-17 12:20:00+05:30,242.25,247.0,242.25,246.45,8125,1402765,0.0,24280.75,24050.0,23900,ATM-5,CALL,24150,2026-07-17
2026-07-17 12:21:00+05:30,246.05,246.5,242.9,243.0,6240,1398930,0.0,24279.5,24050.0,23900,ATM-5,CALL,24150,2026-07-17
2026-07-17 12:22:00+05:30,281.75,282.0,278.05,282.0,30810,2929550,0.0,24271.9,24000.0,23900,ATM-5,CALL,24150,2026-07-17
2026-07-17 12:23:00+05:30,245.05,250.85,244.15,249.15,23205,1400490,0.0,24281.05,24050.0,23900,ATM-5,CALL,24150,2026-07-17
2026-07-17 12:24:00+05:30,249.4,250.85,247.65,249.6,25480,1401400,0.0,24281.75,24050.0,23900,ATM-5,CALL,24150,2026-07-17
2026-07-17 12:25:00+05:30,249.35,256.4,249.15,249.7,66950,1400035,0.0,24278.7,24050.0,23900,ATM-5,CALL,24150,2026-07-17
2026-07-17 12:26:00+05:30,250.05,251.75,247.1,249.6,22880,1393470,0.0,24277.3,24050.0,23900,ATM-5,CALL,24150,2026-07-17
2026-07-17 12:27:00+05:30,246.9,252.8,246.9,249.6,12935,1391130,0.0,24278.55,24050.0,23900,ATM-5,CALL,24150,2026-07-17
2026-07-17 12:28:00+05:30,249.2,251.95,249.0,249.8,12675,1389245,0.0,24277.9,24050.0,23900,ATM-5,CALL,24150,2026-07-17
2026-07-17 12:29:00+05:30,249.65,249.8,246.05,247.8,10985,1386125,0.0,24277.65,24050.0,23900,ATM-5,CALL,24150,2026-07-17
2026-07-17 12:30:00+05:30,284.6,285.6,282.0,284.5,49920,2937675,0.0,24274.55,24000.0,23900,ATM-5,CALL,24150,2026-07-17
2026-07-17 12:31:00+05:30,246.9,249.2,245.0,249.2,8385,1385605,0.0,24277.1,24050.0,23900,ATM-5,CALL,24150,2026-07-17
2026-07-17 12:32:00+05:30,287.4,288.35,283.4,283.4,25935,2915835,0.0,24273.75,24000.0,23900,ATM-5,CALL,24150,2026-07-17
2026-07-17 12:33:00+05:30,246.0,250.8,245.35,250.8,9750,1381900,0.0,24280.45,24050.0,23900,ATM-5,CALL,24150,2026-07-17
2026-07-17 12:34:00+05:30,250.35,253.25,250.0,250.45,21775,1379365,0.0,24281.15,24050.0,23900,ATM-5,CALL,24150,2026-07-17
2026-07-17 12:35:00+05:30,249.8,251.75,248.95,248.95,11440,1382680,0.0,24281.3,24050.0,23900,ATM-5,CALL,24150,2026-07-17
2026-07-17 12:36:00+05:30,249.85,251.05,248.55,249.05,7280,1383460,0.0,24281.65,24050.0,23900,ATM-5,CALL,24150,2026-07-17
2026-07-17 12:37:00+05:30,249.8,250.85,246.15,246.3,19110,1385085,0.0,24278.9,24050.0,23900,ATM-5,CALL,24150,2026-07-17
2026-07-17 12:38:00+05:30,245.9,247.55,243.5,245.85,16510,1377740,0.0,24278.5,24050.0,23900,ATM-5,CALL,24150,2026-07-17
2026-07-17 12:39:00+05:30,247.2,247.7,244.8,245.35,6045,1378195,0.0,24277.75,24050.0,23900,ATM-5,CALL,24150,2026-07-17
2026-07-17 12:40:00+05:30,284.3,284.7,278.15,278.2,48620,2948725,0.0,24266.55,24000.0,23900,ATM-5,CALL,24150,2026-07-17
2026-07-17 12:41:00+05:30,279.4,280.75,274.1,280.5,87230,2949310,0.0,24269.05,24000.0,23900,ATM-5,CALL,24150,2026-07-17
2026-07-17 12:42:00+05:30,243.0,248.65,243.0,248.15,28730,1373125,0.0,24280.15,24050.0,23900,ATM-5,CALL,24150,2026-07-17
2026-07-17 12:43:00+05:30,286.9,287.95,280.45,282.65,47320,2975505,0.0,24275.0,24000.0,23900,ATM-5,CALL,24150,2026-07-17
2026-07-17 12:44:00+05:30,243.9,248.3,243.7,247.0,12285,1374945,0.0,24277.05,24050.0,23900,ATM-5,CALL,24150,2026-07-17
2026-07-17 12:45:00+05:30,248.5,255.45,247.0,253.95,39845,1376440,0.0,24283.5,24050.0,23900,ATM-5,CALL,24150,2026-07-17
2026-07-17 12:46:00+05:30,253.55,253.95,249.75,251.25,14950,1367535,0.0,24282.25,24050.0,23900,ATM-5,CALL,24150,2026-07-17
2026-07-17 12:47:00+05:30,250.85,253.4,250.65,252.9,15015,1366625,0.0,24286.55,24050.0,23900,ATM-5,CALL,24150,2026-07-17
2026-07-17 12:48:00+05:30,252.9,256.2,252.25,255.55,18395,1367925,0.0,24287.25,24050.0,23900,ATM-5,CALL,24150,2026-07-17
2026-07-17 12:49:00+05:30,257.35,274.4,255.55,266.15,159835,1368965,0.0,24294.0,24050.0,23900,ATM-5,CALL,24150,2026-07-17
2026-07-17 12:50:00+05:30,264.25,266.15,251.0,251.0,78585,1357005,0.0,24283.6,24050.0,23900,ATM-5,CALL,24150,2026-07-17
2026-07-17 12:51:00+05:30,249.45,253.0,247.25,251.85,46020,1335620,0.0,24281.35,24050.0,23900,ATM-5,CALL,24150,2026-07-17
2026-07-17 12:52:00+05:30,251.6,252.55,248.0,248.6,16965,1339715,0.0,24279.75,24050.0,23900,ATM-5,CALL,24150,2026-07-17
2026-07-17 12:53:00+05:30,286.4,287.25,279.35,280.0,92560,2948660,0.0,24272.5,24000.0,23900,ATM-5,CALL,24150,2026-07-17
2026-07-17 12:54:00+05:30,281.9,282.6,278.15,278.85,82160,2907775,0.0,24273.9,24000.0,23900,ATM-5,CALL,24150,2026-07-17
2026-07-17 12:55:00+05:30,280.0,284.85,276.6,277.7,86970,2871180,0.0,24271.2,24000.0,23900,ATM-5,CALL,24150,2026-07-17
2026-07-17 12:56:00+05:30,277.65,283.4,276.85,282.15,52065,2860910,0.0,24274.55,24000.0,23900,ATM-5,CALL,24150,2026-07-17
2026-07-17 12:57:00+05:30,245.0,251.35,244.05,247.7,28600,1325350,0.0,24280.35,24050.0,23900,ATM-5,CALL,24150,2026-07-17
2026-07-17 12:58:00+05:30,248.0,250.5,246.0,246.1,16315,1327170,0.0,24278.95,24050.0,23900,ATM-5,CALL,24150,2026-07-17
2026-07-17 12:59:00+05:30,246.5,251.35,246.1,250.8,19305,1329380,0.0,24283.3,24050.0,23900,ATM-5,CALL,24150,2026-07-17
2026-07-17 13:00:00+05:30,252.75,254.0,249.0,250.05,18915,1331070,0.0,24282.8,24050.0,23900,ATM-5,CALL,24150,2026-07-17
2026-07-17 13:01:00+05:30,251.05,255.9,250.05,251.85,18005,1333215,0.0,24283.75,24050.0,23900,ATM-5,CALL,24150,2026-07-17
2026-07-17 13:02:00+05:30,251.9,251.9,247.0,247.0,16770,1334060,0.0,24278.65,24050.0,23900,ATM-5,CALL,24150,2026-07-17
2026-07-17 13:03:00+05:30,247.1,249.45,244.4,247.05,21125,1330940,0.0,24280.7,24050.0,23900,ATM-5,CALL,24150,2026-07-17
2026-07-17 13:04:00+05:30,248.0,250.4,246.85,247.5,7800,1327040,0.0,24279.85,24050.0,23900,ATM-5,CALL,24150,2026-07-17
2026-07-17 13:05:00+05:30,247.3,247.5,245.4,247.3,4420,1327430,0.0,24281.1,24050.0,23900,ATM-5,CALL,24150,2026-07-17
2026-07-17 13:06:00+05:30,247.5,249.35,246.1,249.05,8190,1325740,0.0,24283.95,24050.0,23900,ATM-5,CALL,24150,2026-07-17
2026-07-17 13:07:00+05:30,248.7,250.65,242.3,242.9,21385,1328860,0.0,24276.45,24050.0,23900,ATM-5,CALL,24150,2026-07-17
2026-07-17 13:08:00+05:30,244.1,246.55,242.9,245.3,7020,1323920,0.0,24279.75,24050.0,23900,ATM-5,CALL,24150,2026-07-17
2026-07-17 13:09:00+05:30,246.2,246.75,243.6,243.6,4680,1324895,0.0,24278.0,24050.0,23900,ATM-5,CALL,24150,2026-07-17
2026-07-17 13:10:00+05:30,244.2,246.55,243.6,245.1,6240,1322750,0.0,24279.5,24050.0,23900,ATM-5,CALL,24150,2026-07-17
2026-07-17 13:11:00+05:30,246.7,248.15,245.0,247.3,6435,1324505,0.0,24279.3,24050.0,23900,ATM-5,CALL,24150,2026-07-17
2026-07-17 13:12:00+05:30,244.7,247.3,241.75,241.75,7150,1323595,0.0,24277.35,24050.0,23900,ATM-5,CALL,24150,2026-07-17
2026-07-17 13:13:00+05:30,242.05,246.15,241.75,245.45,5135,1320670,0.0,24276.45,24050.0,23900,ATM-5,CALL,24150,2026-07-17
2026-07-17 13:14:00+05:30,246.0,249.15,245.45,246.8,10270,1320215,0.0,24282.55,24050.0,23900,ATM-5,CALL,24150,2026-07-17
2026-07-17 13:15:00+05:30,284.6,284.95,273.1,276.5,104325,2909985,0.0,24271.9,24000.0,23900,ATM-5,CALL,24150,2026-07-17
2026-07-17 13:16:00+05:30,276.85,278.95,275.75,277.9,31460,2938780,0.0,24272.8,24000.0,23900,ATM-5,CALL,24150,2026-07-17
2026-07-17 13:17:00+05:30,240.15,241.35,237.4,241.1,18980,1309815,0.0,24275.4,24050.0,23900,ATM-5,CALL,24150,2026-07-17
2026-07-17 13:18:00+05:30,279.4,282.0,276.2,279.3,20670,2948725,0.0,24272.55,24000.0,23900,ATM-5,CALL,24150,2026-07-17
2026-07-17 13:19:00+05:30,278.95,279.3,274.35,275.05,22165,2948790,0.0,24274.35,24000.0,23900,ATM-5,CALL,24150,2026-07-17
2026-07-17 13:20:00+05:30,237.4,242.1,237.4,240.4,9555,1312220,0.0,24277.3,24050.0,23900,ATM-5,CALL,24150,2026-07-17
2026-07-17 13:21:00+05:30,239.25,240.4,236.85,237.0,11375,1315925,0.0,24277.45,24050.0,23900,ATM-5,CALL,24150,2026-07-17
2026-07-17 13:22:00+05:30,275.9,277.2,274.65,276.35,20670,2954380,0.0,24274.35,24000.0,23900,ATM-5,CALL,24150,2026-07-17
2026-07-17 13:23:00+05:30,276.65,278.0,272.9,273.0,46995,2943070,0.0,24269.05,24000.0,23900,ATM-5,CALL,24150,2026-07-17
2026-07-17 13:24:00+05:30,274.45,276.0,268.25,269.15,84370,2931110,0.0,24266.45,24000.0,23900,ATM-5,CALL,24150,2026-07-17
2026-07-17 13:25:00+05:30,269.65,273.9,265.35,273.9,77805,2918760,0.0,24268.65,24000.0,23900,ATM-5,CALL,24150,2026-07-17
2026-07-17 13:26:00+05:30,274.55,276.0,268.1,269.8,33215,2901340,0.0,24265.0,24000.0,23900,ATM-5,CALL,24150,2026-07-17
2026-07-17 13:27:00+05:30,269.55,269.8,265.0,265.0,39325,2900560,0.0,24261.85,24000.0,23900,ATM-5,CALL,24150,2026-07-17
2026-07-17 13:28:00+05:30,265.85,267.9,264.6,266.9,46020,2897635,0.0,24260.65,24000.0,23900,ATM-5,CALL,24150,2026-07-17
2026-07-17 13:29:00+05:30,267.2,272.65,266.9,268.9,59605,2891525,0.0,24267.3,24000.0,23900,ATM-5,CALL,24150,2026-07-17
2026-07-17 13:30:00+05:30,269.15,272.55,268.9,271.1,23335,2902835,0.0,24269.75,24000.0,23900,ATM-5,CALL,24150,2026-07-17
2026-07-17 13:31:00+05:30,271.55,276.15,269.7,270.45,61555,2907905,0.0,24268.05,24000.0,23900,ATM-5,CALL,24150,2026-07-17
2026-07-17 13:32:00+05:30,270.6,271.8,266.7,270.2,46475,2918305,0.0,24266.5,24000.0,23900,ATM-5,CALL,24150,2026-07-17
2026-07-17 13:33:00+05:30,268.75,270.2,266.1,268.0,41275,2887495,0.0,24263.95,24000.0,23900,ATM-5,CALL,24150,2026-07-17
2026-07-17 13:34:00+05:30,268.5,271.1,266.25,270.75,26195,2891785,0.0,24265.7,24000.0,23900,ATM-5,CALL,24150,2026-07-17
2026-07-17 13:35:00+05:30,271.0,274.1,270.2,272.7,25350,2887430,0.0,24267.6,24000.0,23900,ATM-5,CALL,24150,2026-07-17
2026-07-17 13:36:00+05:30,272.45,278.45,272.4,272.8,59085,2882035,0.0,24269.8,24000.0,23900,ATM-5,CALL,24150,2026-07-17
2026-07-17 13:37:00+05:30,273.7,275.5,266.3,266.5,48750,2900755,0.0,24264.7,24000.0,23900,ATM-5,CALL,24150,2026-07-17
2026-07-17 13:38:00+05:30,268.0,269.4,265.5,266.0,32175,2906735,0.0,24265.8,24000.0,23900,ATM-5,CALL,24150,2026-07-17
2026-07-17 13:39:00+05:30,267.7,270.75,266.0,268.7,14105,2910570,0.0,24269.5,24000.0,23900,ATM-5,CALL,24150,2026-07-17
2026-07-17 13:40:00+05:30,267.0,268.7,258.9,259.7,161265,2916940,0.0,24258.25,24000.0,23900,ATM-5,CALL,24150,2026-07-17
2026-07-17 13:41:00+05:30,261.05,263.55,254.0,263.25,148200,2974205,0.0,24254.65,24000.0,23900,ATM-5,CALL,24150,2026-07-17
2026-07-17 13:42:00+05:30,262.9,263.65,255.15,258.1,79300,2967445,0.0,24251.2,24000.0,23900,ATM-5,CALL,24150,2026-07-17
2026-07-17 13:43:00+05:30,256.35,258.1,254.0,258.0,56940,2985775,0.0,24248.35,24000.0,23900,ATM-5,CALL,24150,2026-07-17
2026-07-17 13:44:00+05:30,257.85,260.0,253.45,258.0,59410,2999360,0.0,24254.25,24000.0,23900,ATM-5,CALL,24150,2026-07-17
2026-07-17 13:45:00+05:30,257.25,259.0,254.55,257.8,40820,3005145,0.0,24252.4,24000.0,23900,ATM-5,CALL,24150,2026-07-17
2026-07-17 13:46:00+05:30,257.0,258.9,247.2,247.2,125710,3005730,0.0,24245.1,24000.0,23900,ATM-5,CALL,24150,2026-07-17
2026-07-17 13:47:00+05:30,248.7,249.0,241.0,244.15,160810,3021720,0.0,24238.7,24000.0,23900,ATM-5,CALL,24150,2026-07-17
2026-07-17 13:48:00+05:30,245.5,249.85,243.5,249.0,113035,3030755,0.0,24247.05,24000.0,23900,ATM-5,CALL,24150,2026-07-17
2026-07-17 13:49:00+05:30,248.6,249.7,244.05,244.2,113945,3005340,0.0,24239.95,24000.0,23900,ATM-5,CALL,24150,2026-07-17
2026-07-17 13:50:00+05:30,244.0,245.4,238.8,241.35,204620,3055000,0.0,24227.05,24000.0,23900,ATM-5,CALL,24150,2026-07-17
2026-07-17 13:51:00+05:30,279.2,279.5,267.25,271.5,27105,423475,0.0,24215.95,23950.0,23900,ATM-5,CALL,24150,2026-07-17
2026-07-17 13:52:00+05:30,272.25,276.85,271.5,274.0,13065,423735,0.0,24222.35,23950.0,23900,ATM-5,CALL,24150,2026-07-17
2026-07-17 13:53:00+05:30,235.5,238.5,234.7,237.3,78455,3129230,0.0,24229.25,24000.0,23900,ATM-5,CALL,24150,2026-07-17
2026-07-17 13:54:00+05:30,238.6,241.5,236.0,240.65,108875,3124095,0.0,24232.0,24000.0,23900,ATM-5,CALL,24150,2026-07-17
2026-07-17 13:55:00+05:30,240.1,246.0,237.25,243.55,165880,3114930,0.0,24236.5,24000.0,23900,ATM-5,CALL,24150,2026-07-17
2026-07-17 13:56:00+05:30,243.85,243.85,238.35,242.0,71825,3107260,0.0,24232.75,24000.0,23900,ATM-5,CALL,24150,2026-07-17
2026-07-17 13:57:00+05:30,242.3,245.0,241.0,244.3,97630,3079570,0.0,24233.7,24000.0,23900,ATM-5,CALL,24150,2026-07-17
2026-07-17 13:58:00+05:30,245.0,247.05,242.2,245.85,74750,3078920,0.0,24237.6,24000.0,23900,ATM-5,CALL,24150,2026-07-17
2026-07-17 13:59:00+05:30,246.75,262.9,245.85,259.95,443365,3049215,0.0,24250.1,24000.0,23900,ATM-5,CALL,24150,2026-07-17
2026-07-17 14:00:00+05:30,258.0,260.9,254.65,258.25,203320,3121560,0.0,24248.8,24000.0,23900,ATM-5,CALL,24150,2026-07-17
2026-07-17 14:01:00+05:30,259.25,259.5,253.2,256.7,166920,3119805,0.0,24246.8,24000.0,23900,ATM-5,CALL,24150,2026-07-17
2026-07-17 14:02:00+05:30,255.7,256.7,250.4,253.2,139945,3034590,0.0,24243.6,24000.0,23900,ATM-5,CALL,24150,2026-07-17
2026-07-17 14:03:00+05:30,253.6,256.45,252.0,255.7,73970,3012945,0.0,24246.25,24000.0,23900,ATM-5,CALL,24150,2026-07-17
2026-07-17 14:04:00+05:30,257.0,260.65,255.7,258.0,107705,2999685,0.0,24250.35,24000.0,23900,ATM-5,CALL,24150,2026-07-17
2026-07-17 14:05:00+05:30,258.65,263.25,258.0,261.4,103415,2992990,0.0,24254.7,24000.0,23900,ATM-5,CALL,24150,2026-07-17
2026-07-17 14:06:00+05:30,260.8,262.35,255.25,255.25,112320,3007030,0.0,24249.65,24000.0,23900,ATM-5,CALL,24150,2026-07-17
2026-07-17 14:07:00+05:30,255.3,258.65,254.6,258.0,60775,2981095,0.0,24251.05,24000.0,23900,ATM-5,CALL,24150,2026-07-17
2026-07-17 14:08:00+05:30,257.8,260.1,253.45,256.5,57850,2985840,0.0,24251.1,24000.0,23900,ATM-5,CALL,24150,2026-07-17
2026-07-17 14:09:00+05:30,256.55,258.75,256.05,258.05,35035,2994225,0.0,24252.95,24000.0,23900,ATM-5,CALL,24150,2026-07-17
2026-07-17 14:10:00+05:30,258.6,261.6,257.85,260.75,61035,2984475,0.0,24254.0,24000.0,23900,ATM-5,CALL,24150,2026-07-17
2026-07-17 14:11:00+05:30,261.0,270.9,260.75,270.4,264420,2890030,0.0,24265.25,24000.0,23900,ATM-5,CALL,24150,2026-07-17
2026-07-17 14:12:00+05:30,269.25,277.1,269.05,275.0,243750,2882555,0.0,24271.6,24000.0,23900,ATM-5,CALL,24150,2026-07-17
2026-07-17 14:13:00+05:30,236.45,248.65,236.45,246.75,154245,1301885,0.0,24277.25,24050.0,23900,ATM-5,CALL,24150,2026-07-17
2026-07-17 14:14:00+05:30,247.15,254.1,245.35,253.85,94900,1282840,0.0,24280.55,24050.0,23900,ATM-5,CALL,24150,2026-07-17
2026-07-17 14:15:00+05:30,217.25,282.6,216.9,282.6,1472185,4224870,8.416704,24345.4,24100.0,23900,ATM-5,CALL,24150,2026-07-17
2026-07-17 14:16:00+05:30,285.3,301.7,267.45,301.7,1096160,3952780,9.156243,24362.9,24100.0,23900,ATM-5,CALL,24150,2026-07-17
2026-07-17 14:17:00+05:30,300.0,306.2,279.15,284.55,499720,3873610,8.443616,24347.45,24100.0,23900,ATM-5,CALL,24150,2026-07-17
2026-07-17 14:18:00+05:30,272.65,284.55,265.2,267.4,445705,3833180,7.567226,24332.7,24100.0,23900,ATM-5,CALL,24150,2026-07-17
2026-07-17 14:19:00+05:30,306.5,308.15,282.6,284.55,90610,1038180,0.0,24308.45,24050.0,23900,ATM-5,CALL,24150,2026-07-17
2026-07-17 14:20:00+05:30,286.1,294.3,282.8,283.95,57655,1037335,0.0,24312.75,24050.0,23900,ATM-5,CALL,24150,2026-07-17
2026-07-17 14:21:00+05:30,281.9,289.45,277.4,281.0,69225,1039870,0.0,24309.35,24050.0,23900,ATM-5,CALL,24150,2026-07-17
2026-07-17 14:22:00+05:30,274.95,281.0,268.1,269.3,42640,1040910,0.0,24300.95,24050.0,23900,ATM-5,CALL,24150,2026-07-17
2026-07-17 14:23:00+05:30,266.15,271.4,263.65,263.65,37895,1042730,0.0,24292.7,24050.0,23900,ATM-5,CALL,24150,2026-07-17
2026-07-17 14:24:00+05:30,265.55,269.15,262.0,269.15,39130,1055145,0.0,24298.3,24050.0,23900,ATM-5,CALL,24150,2026-07-17
2026-07-17 14:25:00+05:30,268.05,282.8,266.15,279.35,43940,1058070,0.0,24307.3,24050.0,23900,ATM-5,CALL,24150,2026-07-17
2026-07-17 14:26:00+05:30,279.85,286.95,278.45,283.85,58110,1065350,0.0,24311.25,24050.0,23900,ATM-5,CALL,24150,2026-07-17
2026-07-17 14:27:00+05:30,282.45,286.4,281.2,284.0,28145,1062035,0.0,24310.95,24050.0,23900,ATM-5,CALL,24150,2026-07-17
2026-07-17 14:28:00+05:30,286.85,292.35,284.0,284.95,38675,1064960,0.0,24309.5,24050.0,23900,ATM-5,CALL,24150,2026-07-17
2026-07-17 14:29:00+05:30,285.4,285.4,260.75,263.6,79950,1056380,0.0,24287.4,24050.0,23900,ATM-5,CALL,24150,2026-07-17
2026-07-17 14:30:00+05:30,263.95,279.4,263.4,277.55,76765,1044225,0.0,24304.65,24050.0,23900,ATM-5,CALL,24150,2026-07-17
2026-07-17 14:31:00+05:30,277.9,279.1,270.3,271.55,29380,1050660,0.0,24300.3,24050.0,23900,ATM-5,CALL,24150,2026-07-17
2026-07-17 14:32:00+05:30,271.2,274.95,268.3,270.25,21775,1047865,0.0,24299.15,24050.0,23900,ATM-5,CALL,24150,2026-07-17
2026-07-17 14:33:00+05:30,269.95,273.75,267.85,272.3,9750,1050270,4.116129,24295.55,24050.0,23900,ATM-5,CALL,24150,2026-07-17
2026-07-17 14:34:00+05:30,271.4,276.4,270.45,274.35,11245,1052155,0.0,24298.0,24050.0,23900,ATM-5,CALL,24150,2026-07-17
2026-07-17 14:35:00+05:30,274.05,275.15,271.5,272.0,14300,1046760,0.0,24298.65,24050.0,23900,ATM-5,CALL,24150,2026-07-17
2026-07-17 14:36:00+05:30,273.05,273.05,266.2,268.75,15860,1048125,0.0,24293.25,24050.0,23900,ATM-5,CALL,24150,2026-07-17
2026-07-17 14:37:00+05:30,268.6,271.25,266.0,270.5,11960,1049490,5.089548,24293.05,24050.0,23900,ATM-5,CALL,24150,2026-07-17
2026-07-17 14:38:00+05:30,266.55,275.5,265.0,272.25,20930,1048320,0.0,24298.95,24050.0,23900,ATM-5,CALL,24150,2026-07-17
2026-07-17 14:39:00+05:30,273.0,273.7,269.85,273.15,6435,1051505,0.0,24297.9,24050.0,23900,ATM-5,CALL,24150,2026-07-17
2026-07-17 14:40:00+05:30,273.95,277.05,273.15,273.95,14560,1048970,0.0,24302.0,24050.0,23900,ATM-5,CALL,24150,2026-07-17
2026-07-17 14:41:00+05:30,274.45,283.75,272.2,283.75,27625,1048905,0.0,24311.85,24050.0,23900,ATM-5,CALL,24150,2026-07-17
2026-07-17 14:42:00+05:30,283.8,284.4,278.85,284.0,24310,1041365,0.0,24310.4,24050.0,23900,ATM-5,CALL,24150,2026-07-17
2026-07-17 14:43:00+05:30,283.65,290.0,281.25,282.7,30550,1045070,0.0,24312.1,24050.0,23900,ATM-5,CALL,24150,2026-07-17
2026-07-17 14:44:00+05:30,283.25,291.8,282.7,288.2,24440,1043965,0.0,24317.65,24050.0,23900,ATM-5,CALL,24150,2026-07-17
2026-07-17 14:45:00+05:30,288.85,290.0,285.8,287.7,21775,1042730,0.0,24319.5,24050.0,23900,ATM-5,CALL,24150,2026-07-17
2026-07-17 14:46:00+05:30,249.0,255.4,245.0,253.4,134225,3658135,5.374518,24325.05,24100.0,23900,ATM-5,CALL,24150,2026-07-17
2026-07-17 14:47:00+05:30,292.0,293.85,288.75,288.95,14755,1052285,0.0,24321.6,24050.0,23900,ATM-5,CALL,24150,2026-07-17
2026-07-17 14:48:00+05:30,289.9,290.25,284.35,290.1,17030,1051180,0.0,24320.25,24050.0,23900,ATM-5,CALL,24150,2026-07-17
2026-07-17 14:49:00+05:30,290.5,292.0,288.1,288.1,9555,1048905,0.0,24324.0,24050.0,23900,ATM-5,CALL,24150,2026-07-17
2026-07-17 14:50:00+05:30,288.8,289.9,281.9,286.15,25805,1046760,0.0,24320.0,24050.0,23900,ATM-5,CALL,24150,2026-07-17
2026-07-17 14:51:00+05:30,286.45,290.1,282.15,285.2,12870,1044940,0.0,24317.05,24050.0,23900,ATM-5,CALL,24150,2026-07-17
2026-07-17 14:52:00+05:30,284.35,287.45,283.85,284.85,22880,1040195,0.0,24319.6,24050.0,23900,ATM-5,CALL,24150,2026-07-17
2026-07-17 14:53:00+05:30,284.6,285.0,277.7,284.5,27170,1037530,0.0,24320.5,24050.0,23900,ATM-5,CALL,24150,2026-07-17
2026-07-17 14:54:00+05:30,284.15,285.0,279.7,285.0,10725,1032655,0.0,24320.95,24050.0,23900,ATM-5,CALL,24150,2026-07-17
2026-07-17 14:55:00+05:30,245.95,252.4,243.35,251.85,87490,3599440,0.0,24327.4,24100.0,23900,ATM-5,CALL,24150,2026-07-17
2026-07-17 14:56:00+05:30,293.0,297.35,285.0,288.6,49985,1036165,0.0,24324.9,24050.0,23900,ATM-5,CALL,24150,2026-07-17
2026-07-17 14:57:00+05:30,289.65,290.0,282.6,286.0,25090,1048775,0.0,24321.6,24050.0,23900,ATM-5,CALL,24150,2026-07-17
2026-07-17 14:58:00+05:30,286.3,286.55,280.55,284.35,28405,1055990,0.0,24315.85,24050.0,23900,ATM-5,CALL,24150,2026-07-17
2026-07-17 14:59:00+05:30,284.3,285.75,278.0,278.7,11895,1051635,0.0,24311.75,24050.0,23900,ATM-5,CALL,24150,2026-07-17
2026-07-17 15:00:00+05:30,280.2,292.55,273.15,290.05,102830,1035775,0.0,24323.7,24050.0,23900,ATM-5,CALL,24150,2026-07-17
2026-07-17 15:01:00+05:30,251.7,263.1,248.05,253.95,249080,3551925,5.426465,24325.6,24100.0,23900,ATM-5,CALL,24150,2026-07-17
2026-07-17 15:02:00+05:30,290.95,293.8,284.8,289.2,20540,1005745,0.0,24324.35,24050.0,23900,ATM-5,CALL,24150,2026-07-17
2026-07-17 15:03:00+05:30,288.55,291.6,283.0,284.0,17225,1006720,0.0,24317.95,24050.0,23900,ATM-5,CALL,24150,2026-07-17
2026-07-17 15:04:00+05:30,281.45,287.05,281.45,286.3,24830,1008475,0.0,24322.05,24050.0,23900,ATM-5,CALL,24150,2026-07-17
2026-07-17 15:05:00+05:30,247.5,253.8,246.3,252.55,91195,3512795,0.0,24327.55,24100.0,23900,ATM-5,CALL,24150,2026-07-17
2026-07-17 15:06:00+05:30,253.85,256.75,251.7,253.65,79430,3501550,0.0,24330.2,24100.0,23900,ATM-5,CALL,24150,2026-07-17
2026-07-17 15:07:00+05:30,253.25,258.8,252.15,257.35,108420,3480165,0.0,24334.3,24100.0,23900,ATM-5,CALL,24150,2026-07-17
2026-07-17 15:08:00+05:30,257.15,257.35,250.3,251.8,80795,3461315,0.0,24332.1,24100.0,23900,ATM-5,CALL,24150,2026-07-17
2026-07-17 15:09:00+05:30,250.6,254.3,248.55,253.1,66235,3452345,0.0,24333.55,24100.0,23900,ATM-5,CALL,24150,2026-07-17
2026-07-17 15:10:00+05:30,252.3,253.85,249.65,251.65,57395,3432130,0.0,24331.75,24100.0,23900,ATM-5,CALL,24150,2026-07-17
2026-07-17 15:11:00+05:30,252.15,254.9,251.6,253.05,72085,3398980,0.0,24332.25,24100.0,23900,ATM-5,CALL,24150,2026-07-17
2026-07-17 15:12:00+05:30,252.9,258.75,252.85,255.75,91910,3393520,0.0,24336.05,24100.0,23900,ATM-5,CALL,24150,2026-07-17
2026-07-17 15:13:00+05:30,254.8,255.75,251.05,252.8,68965,3381755,0.0,24334.9,24100.0,23900,ATM-5,CALL,24150,2026-07-17
2026-07-17 15:14:00+05:30,252.65,253.9,246.1,248.1,81835,3368560,0.0,24328.75,24100.0,23900,ATM-5,CALL,24150,2026-07-17
2026-07-17 15:15:00+05:30,285.0,286.7,277.8,281.2,36985,937040,0.0,24323.85,24050.0,23900,ATM-5,CALL,24150,2026-07-17
2026-07-17 15:16:00+05:30,281.0,282.6,278.0,282.0,9555,937105,0.0,24322.9,24050.0,23900,ATM-5,CALL,24150,2026-07-17
2026-07-17 15:17:00+05:30,241.75,247.5,241.75,245.05,74685,3327935,0.0,24325.55,24100.0,23900,ATM-5,CALL,24150,2026-07-17
2026-07-17 15:18:00+05:30,245.9,246.7,240.75,241.15,101855,3319290,0.0,24328.8,24100.0,23900,ATM-5,CALL,24150,2026-07-17
2026-07-17 15:19:00+05:30,241.65,244.9,241.0,243.55,48165,3299595,0.0,24329.0,24100.0,23900,ATM-5,CALL,24150,2026-07-17
2026-07-17 15:20:00+05:30,243.35,247.5,243.15,246.0,76570,3282175,0.0,24332.95,24100.0,23900,ATM-5,CALL,24150,2026-07-17
2026-07-17 15:21:00+05:30,246.4,255.05,245.0,255.0,144495,3270865,0.0,24333.15,24100.0,23900,ATM-5,CALL,24150,2026-07-17
2026-07-17 15:22:00+05:30,254.45,259.0,254.45,255.3,105170,3230695,0.0,24336.85,24100.0,23900,ATM-5,CALL,24150,2026-07-17
2026-07-17 15:23:00+05:30,255.7,261.1,255.3,261.0,94770,3211455,0.0,24337.95,24100.0,23900,ATM-5,CALL,24150,2026-07-17
2026-07-17 15:24:00+05:30,261.35,269.9,261.0,267.35,146380,3184545,0.0,24342.8,24100.0,23900,ATM-5,CALL,24150,2026-07-17
2026-07-17 15:25:00+05:30,266.9,273.8,266.05,271.75,98605,3162965,4.507859,24345.0,24100.0,23900,ATM-5,CALL,24150,2026-07-17
2026-07-17 15:26:00+05:30,270.65,272.0,268.4,269.75,117455,3118115,4.760418,24342.8,24100.0,23900,ATM-5,CALL,24150,2026-07-17
2026-07-17 15:27:00+05:30,270.3,274.0,269.55,273.0,94510,3083730,6.139162,24344.0,24100.0,23900,ATM-5,CALL,24150,2026-07-17
2026-07-17 15:28:00+05:30,272.0,279.3,271.85,277.25,208585,3025880,8.538234,24339.4,24100.0,23900,ATM-5,CALL,24150,2026-07-17
2026-07-17 15:29:00+05:30,277.1,284.05,276.0,281.15,150605,2979600,7.927507,24346.7,24100.0,23900,ATM-5,CALL,24150,2026-07-17
2026-07-17 09:15:00+05:30,43.1,62.75,43.1,50.3,1198145,3728790,14.536951,24151.25,23900.0,23900,ATM-5,PUT,24150,2026-07-17
2026-07-17 09:16:00+05:30,48.75,50.9,45.45,45.45,1263340,3925545,14.469721,24171.0,23900.0,23900,ATM-5,PUT,24150,2026-07-17
2026-07-17 09:17:00+05:30,56.95,59.1,56.05,57.45,460655,2249585,14.654705,24176.15,23950.0,23900,ATM-5,PUT,24150,2026-07-17
2026-07-17 09:18:00+05:30,57.45,57.45,53.9,53.9,424060,2320565,14.558091,24187.4,23950.0,23900,ATM-5,PUT,24150,2026-07-17
2026-07-17 09:19:00+05:30,53.95,55.65,53.2,54.5,488735,2396030,14.646399,24187.85,23950.0,23900,ATM-5,PUT,24150,2026-07-17
2026-07-17 09:20:00+05:30,54.6,54.6,51.8,53.35,393770,2397525,14.502535,24187.75,23950.0,23900,ATM-5,PUT,24150,2026-07-17
2026-07-17 09:21:00+05:30,53.05,54.85,53.05,54.15,298090,2451540,14.543324,24185.75,23950.0,23900,ATM-5,PUT,24150,2026-07-17
2026-07-17 09:22:00+05:30,53.75,55.1,53.6,53.85,279630,2502890,14.595931,24188.75,23950.0,23900,ATM-5,PUT,24150,2026-07-17
2026-07-17 09:23:00+05:30,53.7,54.7,53.5,54.5,201370,2545400,14.600339,24186.15,23950.0,23900,ATM-5,PUT,24150,2026-07-17
2026-07-17 09:24:00+05:30,54.4,54.7,52.9,53.0,180570,2582450,14.585244,24191.9,23950.0,23900,ATM-5,PUT,24150,2026-07-17
2026-07-17 09:25:00+05:30,53.05,53.35,51.8,52.35,287625,2618915,14.708132,24198.85,23950.0,23900,ATM-5,PUT,24150,2026-07-17
2026-07-17 09:26:00+05:30,52.2,53.05,52.0,52.9,144820,2677545,14.805834,24199.8,23950.0,23900,ATM-5,PUT,24150,2026-07-17
2026-07-17 09:27:00+05:30,52.7,53.2,51.2,51.6,212355,2714985,14.731944,24202.85,23950.0,23900,ATM-5,PUT,24150,2026-07-17
2026-07-17 09:28:00+05:30,51.65,52.25,51.2,51.35,116740,2792660,14.757769,24204.8,23950.0,23900,ATM-5,PUT,24150,2026-07-17
2026-07-17 09:29:00+05:30,51.4,51.65,50.55,50.6,180440,2818660,14.81316,24210.0,23950.0,23900,ATM-5,PUT,24150,2026-07-17
2026-07-17 09:30:00+05:30,50.75,51.8,49.75,51.25,303745,2844595,14.715457,24203.7,23950.0,23900,ATM-5,PUT,24150,2026-07-17
2026-07-17 09:31:00+05:30,51.35,52.45,50.95,52.3,248495,2855840,14.649978,24196.85,23950.0,23900,ATM-5,PUT,24150,2026-07-17
2026-07-17 09:32:00+05:30,51.95,52.8,50.65,50.75,272675,2916550,14.697431,24205.2,23950.0,23900,ATM-5,PUT,24150,2026-07-17
2026-07-17 09:33:00+05:30,50.45,51.0,49.2,49.65,202605,2960425,14.715834,24210.7,23950.0,23900,ATM-5,PUT,24150,2026-07-17
2026-07-17 09:34:00+05:30,49.3,51.25,48.4,50.9,305175,3000205,14.758997,24206.6,23950.0,23900,ATM-5,PUT,24150,2026-07-17
2026-07-17 09:35:00+05:30,50.75,51.0,50.2,50.55,128830,3088410,14.728446,24207.05,23950.0,23900,ATM-5,PUT,24150,2026-07-17
2026-07-17 09:36:00+05:30,50.45,51.5,49.7,49.75,114595,3104075,14.694675,24209.4,23950.0,23900,ATM-5,PUT,24150,2026-07-17
2026-07-17 09:37:00+05:30,49.65,50.15,48.5,48.6,118885,3132740,14.742692,24216.25,23950.0,23900,ATM-5,PUT,24150,2026-07-17
2026-07-17 09:38:00+05:30,48.3,48.7,47.7,47.75,232050,3147365,14.782884,24221.55,23950.0,23900,ATM-5,PUT,24150,2026-07-17
2026-07-17 09:39:00+05:30,47.65,49.05,47.6,48.7,203125,3174860,14.840088,24219.15,23950.0,23900,ATM-5,PUT,24150,2026-07-17
2026-07-17 09:40:00+05:30,48.85,49.2,48.05,48.75,108745,3208400,14.901499,24221.05,23950.0,23900,ATM-5,PUT,24150,2026-07-17
2026-07-17 09:41:00+05:30,48.7,49.3,48.25,49.0,139360,3234400,14.967704,24222.2,23950.0,23900,ATM-5,PUT,24150,2026-07-17
2026-07-17 09:42:00+05:30,48.6,49.0,48.0,48.35,100165,3258970,14.954601,24224.7,23950.0,23900,ATM-5,PUT,24150,2026-07-17
2026-07-17 09:43:00+05:30,59.75,60.15,58.9,59.25,549770,14136915,14.839589,24225.15,24000.0,23900,ATM-5,PUT,24150,2026-07-17
2026-07-17 09:44:00+05:30,58.9,60.4,58.35,58.5,628225,14375985,14.936299,24231.3,24000.0,23900,ATM-5,PUT,24150,2026-07-17
2026-07-17 09:45:00+05:30,58.25,58.5,56.0,57.5,1649635,14490385,14.912422,24234.5,24000.0,23900,ATM-5,PUT,24150,2026-07-17
2026-07-17 09:46:00+05:30,57.4,58.4,56.9,57.1,639405,14637155,15.072114,24241.45,24000.0,23900,ATM-5,PUT,24150,2026-07-17
2026-07-17 09:47:00+05:30,57.1,58.2,55.8,58.2,735735,14712555,15.054924,24236.35,24000.0,23900,ATM-5,PUT,24150,2026-07-17
2026-07-17 09:48:00+05:30,58.2,58.25,57.15,57.5,408395,14699880,15.081468,24240.05,24000.0,23900,ATM-5,PUT,24150,2026-07-17
2026-07-17 09:49:00+05:30,57.45,58.7,57.45,58.25,355420,14739400,15.078157,24236.85,24000.0,23900,ATM-5,PUT,24150,2026-07-17
2026-07-17 09:50:00+05:30,57.9,58.25,56.65,56.8,558090,14768065,15.091763,24243.2,24000.0,23900,ATM-5,PUT,24150,2026-07-17
2026-07-17 09:51:00+05:30,56.85,59.95,56.8,59.4,604110,14866150,14.979787,24228.9,24000.0,23900,ATM-5,PUT,24150,2026-07-17
2026-07-17 09:52:00+05:30,59.25,60.1,58.75,59.65,697450,14942720,15.04267,24229.95,24000.0,23900,ATM-5,PUT,24150,2026-07-17
2026-07-17 09:53:00+05:30,59.65,59.75,58.7,58.85,471445,15031380,15.042521,24233.1,24000.0,23900,ATM-5,PUT,24150,2026-07-17
2026-07-17 09:54:00+05:30,58.65,59.2,57.3,58.05,408915,15100150,15.153598,24240.0,24000.0,23900,ATM-5,PUT,24150,2026-07-17
2026-07-17 09:55:00+05:30,58.15,60.45,58.05,60.2,590070,15087020,15.119524,24230.2,24000.0,23900,ATM-5,PUT,24150,2026-07-17
2026-07-17 09:56:00+05:30,48.6,49.5,48.6,49.0,169390,3592030,15.009649,24223.1,23950.0,23900,ATM-5,PUT,24150,2026-07-17
2026-07-17 09:57:00+05:30,49.05,50.2,48.95,49.75,181545,3617705,15.001672,24219.35,23950.0,23900,ATM-5,PUT,24150,2026-07-17
2026-07-17 09:58:00+05:30,61.7,61.85,59.5,59.55,654420,15108340,15.009966,24229.05,24000.0,23900,ATM-5,PUT,24150,2026-07-17
2026-07-17 09:59:00+05:30,59.3,60.4,59.2,59.2,362440,15181985,14.962943,24228.85,24000.0,23900,ATM-5,PUT,24150,2026-07-17
2026-07-17 10:00:00+05:30,47.8,50.4,47.0,50.2,248170,3655275,15.128821,24221.65,23950.0,23900,ATM-5,PUT,24150,2026-07-17
2026-07-17 10:01:00+05:30,50.05,51.2,48.95,50.6,211770,3676530,14.915333,24212.35,23950.0,23900,ATM-5,PUT,24150,2026-07-17
2026-07-17 10:02:00+05:30,50.25,50.6,49.65,49.95,227500,3688035,14.93454,24215.9,23950.0,23900,ATM-5,PUT,24150,2026-07-17
2026-07-17 10:03:00+05:30,49.8,50.2,49.5,49.5,141440,3721965,14.85034,24214.95,23950.0,23900,ATM-5,PUT,24150,2026-07-17
2026-07-17 10:04:00+05:30,49.5,50.35,49.25,49.85,201305,3755505,14.883768,24214.5,23950.0,23900,ATM-5,PUT,24150,2026-07-17
2026-07-17 10:05:00+05:30,50.0,50.2,48.1,48.4,550225,3900845,14.890163,24221.3,23950.0,23900,ATM-5,PUT,24150,2026-07-17
2026-07-17 10:06:00+05:30,48.55,48.75,47.7,48.75,349180,4006795,14.976674,24222.7,23950.0,23900,ATM-5,PUT,24150,2026-07-17
2026-07-17 10:07:00+05:30,60.5,61.1,60.05,60.2,193765,15254005,14.994431,24225.65,24000.0,23900,ATM-5,PUT,24150,2026-07-17
2026-07-17 10:08:00+05:30,60.2,61.25,59.55,59.6,289510,15261935,14.982917,24227.6,24000.0,23900,ATM-5,PUT,24150,2026-07-17
2026-07-17 10:09:00+05:30,59.6,59.6,58.05,59.45,397670,15375490,15.097749,24231.95,24000.0,23900,ATM-5,PUT,24150,2026-07-17
2026-07-17 10:10:00+05:30,59.45,60.8,59.3,60.45,225030,15418910,15.179712,24230.65,24000.0,23900,ATM-5,PUT,24150,2026-07-17
2026-07-17 10:11:00+05:30,60.35,60.65,59.9,60.0,160615,15430480,15.205543,24233.25,24000.0,23900,ATM-5,PUT,24150,2026-07-17
2026-07-17 10:12:00+05:30,59.85,60.0,57.75,58.0,443560,15440425,15.164425,24239.9,24000.0,23900,ATM-5,PUT,24150,2026-07-17
2026-07-17 10:13:00+05:30,57.95,58.2,57.35,58.0,490425,15530320,15.350647,24246.1,24000.0,23900,ATM-5,PUT,24150,2026-07-17
2026-07-17 10:14:00+05:30,58.1,59.15,57.9,59.0,382460,15554760,15.286873,24239.85,24000.0,23900,ATM-5,PUT,24150,2026-07-17
2026-07-17 10:15:00+05:30,58.7,59.0,57.8,58.05,276185,15554435,15.3471,24245.7,24000.0,23900,ATM-5,PUT,24150,2026-07-17
2026-07-17 10:16:00+05:30,58.0,58.25,57.15,57.45,270855,15606240,15.317752,24247.15,24000.0,23900,ATM-5,PUT,24150,2026-07-17
2026-07-17 10:17:00+05:30,57.5,57.55,55.95,56.35,855075,15633865,15.375396,24253.65,24000.0,23900,ATM-5,PUT,24150,2026-07-17
2026-07-17 10:18:00+05:30,56.15,56.7,53.05,53.7,1628445,15791620,15.649051,24274.45,24000.0,23900,ATM-5,PUT,24150,2026-07-17
2026-07-17 10:19:00+05:30,53.8,54.9,53.25,54.75,1000545,15618655,15.769419,24273.95,24000.0,23900,ATM-5,PUT,24150,2026-07-17
2026-07-17 10:20:00+05:30,54.65,55.65,54.0,55.35,877110,15651675,15.637552,24266.75,24000.0,23900,ATM-5,PUT,24150,2026-07-17
2026-07-17 10:21:00+05:30,55.4,55.7,54.25,55.0,559715,15701140,15.639651,24268.3,24000.0,23900,ATM-5,PUT,24150,2026-07-17
2026-07-17 10:22:00+05:30,55.0,55.4,54.1,54.95,399880,15729285,15.478786,24262.95,24000.0,23900,ATM-5,PUT,24150,2026-07-17
2026-07-17 10:23:00+05:30,54.95,55.7,54.95,55.25,385970,15789280,15.396332,24258.8,24000.0,23900,ATM-5,PUT,24150,2026-07-17
2026-07-17 10:24:00+05:30,55.15,55.75,55.15,55.2,287170,15862730,15.297424,24255.6,24000.0,23900,ATM-5,PUT,24150,2026-07-17
2026-07-17 10:25:00+05:30,55.1,55.8,54.85,55.0,376935,15903225,15.516199,24263.9,24000.0,23900,ATM-5,PUT,24150,2026-07-17
2026-07-17 10:26:00+05:30,55.1,55.4,54.65,54.75,238615,15889055,15.539704,24265.75,24000.0,23900,ATM-5,PUT,24150,2026-07-17
2026-07-17 10:27:00+05:30,54.8,55.1,54.15,54.85,324610,15875535,15.608729,24267.65,24000.0,23900,ATM-5,PUT,24150,2026-07-17
2026-07-17 10:28:00+05:30,54.65,54.85,53.65,53.9,394225,15897960,15.652963,24273.3,24000.0,23900,ATM-5,PUT,24150,2026-07-17
2026-07-17 10:29:00+05:30,65.55,65.6,63.95,63.95,336115,6135805,15.616018,24281.55,24050.0,23900,ATM-5,PUT,24150,2026-07-17
2026-07-17 10:30:00+05:30,64.15,64.85,63.8,64.0,236990,6074770,15.557136,24279.4,24050.0,23900,ATM-5,PUT,24150,2026-07-17
2026-07-17 10:31:00+05:30,64.05,64.25,63.35,63.85,174330,6091150,15.65391,24283.1,24050.0,23900,ATM-5,PUT,24150,2026-07-17
2026-07-17 10:32:00+05:30,64.0,64.45,63.2,64.45,182715,6091215,15.790639,24285.2,24050.0,23900,ATM-5,PUT,24150,2026-07-17
2026-07-17 10:33:00+05:30,64.8,66.15,64.45,65.8,239785,6058585,15.780944,24279.65,24050.0,23900,ATM-5,PUT,24150,2026-07-17
2026-07-17 10:34:00+05:30,65.65,66.0,65.35,65.4,87685,6062615,15.878044,24284.3,24050.0,23900,ATM-5,PUT,24150,2026-07-17
2026-07-17 10:35:00+05:30,54.2,55.5,54.05,55.05,478335,15855710,15.775448,24272.2,24000.0,23900,ATM-5,PUT,24150,2026-07-17
2026-07-17 10:36:00+05:30,55.25,55.5,54.8,55.15,494585,15974140,15.798,24272.5,24000.0,23900,ATM-5,PUT,24150,2026-07-17
2026-07-17 10:37:00+05:30,55.25,55.6,55.0,55.45,306085,16071185,15.684378,24267.25,24000.0,23900,ATM-5,PUT,24150,2026-07-17
2026-07-17 10:38:00+05:30,55.5,55.95,54.55,54.75,484185,16145090,15.61313,24267.8,24000.0,23900,ATM-5,PUT,24150,2026-07-17
2026-07-17 10:39:00+05:30,54.6,55.4,54.5,55.25,248755,16244085,15.661465,24267.25,24000.0,23900,ATM-5,PUT,24150,2026-07-17
2026-07-17 10:40:00+05:30,55.35,55.5,54.3,54.3,242970,16282695,15.577306,24268.45,24000.0,23900,ATM-5,PUT,24150,2026-07-17
2026-07-17 10:41:00+05:30,54.35,54.7,54.0,54.15,221845,16290885,15.626101,24270.75,24000.0,23900,ATM-5,PUT,24150,2026-07-17
2026-07-17 10:42:00+05:30,54.0,55.0,53.9,54.85,183690,16329300,15.672577,24269.25,24000.0,23900,ATM-5,PUT,24150,2026-07-17
2026-07-17 10:43:00+05:30,55.05,57.5,54.85,57.3,572065,16352895,15.359452,24248.15,24000.0,23900,ATM-5,PUT,24150,2026-07-17
2026-07-17 10:44:00+05:30,57.1,57.3,55.7,56.45,569790,16360955,15.579167,24259.1,24000.0,23900,ATM-5,PUT,24150,2026-07-17
2026-07-17 10:45:00+05:30,56.4,58.0,56.0,57.95,473980,16348930,15.595092,24253.3,24000.0,23900,ATM-5,PUT,24150,2026-07-17
2026-07-17 10:46:00+05:30,57.95,58.25,56.8,57.4,598520,16319290,15.504474,24252.5,24000.0,23900,ATM-5,PUT,24150,2026-07-17
2026-07-17 10:47:00+05:30,57.2,57.6,56.15,56.15,335790,16325400,15.406645,24254.4,24000.0,23900,ATM-5,PUT,24150,2026-07-17
2026-07-17 10:48:00+05:30,56.3,57.2,56.15,57.05,233025,16302975,15.496011,24253.6,24000.0,23900,ATM-5,PUT,24150,2026-07-17
2026-07-17 10:49:00+05:30,56.9,57.4,56.55,57.05,287105,16250325,15.387392,24249.9,24000.0,23900,ATM-5,PUT,24150,2026-07-17
2026-07-17 10:50:00+05:30,57.15,57.3,55.8,56.7,263705,16220815,15.37931,24251.05,24000.0,23900,ATM-5,PUT,24150,2026-07-17
2026-07-17 10:51:00+05:30,56.5,57.2,56.5,57.0,145080,16204500,15.353761,24248.9,24000.0,23900,ATM-5,PUT,24150,2026-07-17
2026-07-17 10:52:00+05:30,56.8,57.35,56.0,56.0,288925,16237520,15.315349,24251.75,24000.0,23900,ATM-5,PUT,24150,2026-07-17
2026-07-17 10:53:00+05:30,55.9,56.0,54.7,55.25,420420,16256175,15.354064,24256.2,24000.0,23900,ATM-5,PUT,24150,2026-07-17
2026-07-17 10:54:00+05:30,55.3,56.95,55.0,56.1,277095,16182790,15.442323,24255.55,24000.0,23900,ATM-5,PUT,24150,2026-07-17
2026-07-17 10:55:00+05:30,56.4,57.05,55.85,55.85,169260,16219190,15.447616,24256.75,24000.0,23900,ATM-5,PUT,24150,2026-07-17
2026-07-17 10:56:00+05:30,55.75,56.65,55.05,55.65,228670,16236350,15.397235,24255.85,24000.0,23900,ATM-5,PUT,24150,2026-07-17
2026-07-17 10:57:00+05:30,55.6,56.25,55.4,55.65,120250,16230500,15.417521,24256.5,24000.0,23900,ATM-5,PUT,24150,2026-07-17
2026-07-17 10:58:00+05:30,55.6,55.75,54.7,54.75,125580,16249935,15.342508,24257.75,24000.0,23900,ATM-5,PUT,24150,2026-07-17
2026-07-17 10:59:00+05:30,54.8,55.4,54.65,54.9,134095,16289130,15.34048,24257.0,24000.0,23900,ATM-5,PUT,24150,2026-07-17
2026-07-17 11:00:00+05:30,54.7,55.1,53.7,54.2,321360,16347240,15.338446,24259.9,24000.0,23900,ATM-5,PUT,24150,2026-07-17
2026-07-17 11:01:00+05:30,54.4,55.5,54.0,55.25,203450,16283085,15.37492,24256.6,24000.0,23900,ATM-5,PUT,24150,2026-07-17
2026-07-17 11:02:00+05:30,55.35,56.8,55.2,56.6,272220,16348085,15.306295,24248.55,24000.0,23900,ATM-5,PUT,24150,2026-07-17
2026-07-17 11:03:00+05:30,56.5,56.6,55.65,55.8,225810,16411005,15.255535,24250.15,24000.0,23900,ATM-5,PUT,24150,2026-07-17
2026-07-17 11:04:00+05:30,55.75,55.8,54.85,54.85,172055,16441035,15.373646,24258.15,24000.0,23900,ATM-5,PUT,24150,2026-07-17
2026-07-17 11:05:00+05:30,54.8,54.95,54.0,54.85,211575,16451890,15.493497,24262.2,24000.0,23900,ATM-5,PUT,24150,2026-07-17
2026-07-17 11:06:00+05:30,55.05,55.9,54.3,54.3,142935,16458000,15.416385,24261.9,24000.0,23900,ATM-5,PUT,24150,2026-07-17
2026-07-17 11:07:00+05:30,54.2,57.35,54.2,57.3,389090,16401190,15.327023,24246.15,24000.0,23900,ATM-5,PUT,24150,2026-07-17
2026-07-17 11:08:00+05:30,57.2,58.75,57.15,58.0,684190,16339830,15.180309,24238.35,24000.0,23900,ATM-5,PUT,24150,2026-07-17
2026-07-17 11:09:00+05:30,58.05,58.5,57.05,57.2,381810,16401255,15.189871,24241.9,24000.0,23900,ATM-5,PUT,24150,2026-07-17
2026-07-17 11:10:00+05:30,57.2,58.95,57.2,58.6,340795,16360370,15.272466,24238.9,24000.0,23900,ATM-5,PUT,24150,2026-07-17
2026-07-17 11:11:00+05:30,58.45,58.7,57.35,58.0,543075,16377010,15.255871,24240.75,24000.0,23900,ATM-5,PUT,24150,2026-07-17
2026-07-17 11:12:00+05:30,57.9,58.4,57.5,57.75,213265,16361735,15.254858,24241.7,24000.0,23900,ATM-5,PUT,24150,2026-07-17
2026-07-17 11:13:00+05:30,57.75,59.55,57.75,59.0,412230,16255850,15.29447,24237.9,24000.0,23900,ATM-5,PUT,24150,2026-07-17
2026-07-17 11:14:00+05:30,59.0,59.5,57.3,58.05,388895,16246035,15.113248,24235.7,24000.0,23900,ATM-5,PUT,24150,2026-07-17
2026-07-17 11:15:00+05:30,58.15,58.6,57.6,58.2,314795,16322995,15.230713,24238.95,24000.0,23900,ATM-5,PUT,24150,2026-07-17
2026-07-17 11:16:00+05:30,58.05,59.55,57.8,59.3,474240,16373760,15.257183,24235.35,24000.0,23900,ATM-5,PUT,24150,2026-07-17
2026-07-17 11:17:00+05:30,59.15,59.3,57.35,58.2,494325,16398265,15.249531,24239.5,24000.0,23900,ATM-5,PUT,24150,2026-07-17
2026-07-17 11:18:00+05:30,58.1,59.2,58.1,59.1,255905,16422900,15.28206,24236.9,24000.0,23900,ATM-5,PUT,24150,2026-07-17
2026-07-17 11:19:00+05:30,59.2,59.25,57.65,58.0,329355,16449160,15.291963,24241.65,24000.0,23900,ATM-5,PUT,24150,2026-07-17
2026-07-17 11:20:00+05:30,57.95,58.5,57.5,58.1,213590,16439540,15.308375,24241.75,24000.0,23900,ATM-5,PUT,24150,2026-07-17
2026-07-17 11:21:00+05:30,58.05,58.4,57.75,57.75,172705,16456375,15.265023,24241.7,24000.0,23900,ATM-5,PUT,24150,2026-07-17
2026-07-17 11:22:00+05:30,57.7,57.75,55.8,56.65,648310,16332290,15.361979,24249.45,24000.0,23900,ATM-5,PUT,24150,2026-07-17
2026-07-17 11:23:00+05:30,56.6,59.1,56.6,58.3,371345,16405285,15.236887,24238.45,24000.0,23900,ATM-5,PUT,24150,2026-07-17
2026-07-17 11:24:00+05:30,58.3,58.95,57.0,57.2,324870,16489655,15.335468,24246.2,24000.0,23900,ATM-5,PUT,24150,2026-07-17
2026-07-17 11:25:00+05:30,57.2,58.3,56.9,57.95,284115,16481660,15.324181,24242.7,24000.0,23900,ATM-5,PUT,24150,2026-07-17
2026-07-17 11:26:00+05:30,57.95,58.8,57.45,57.6,229255,16445455,15.243223,24241.4,24000.0,23900,ATM-5,PUT,24150,2026-07-17
2026-07-17 11:27:00+05:30,57.5,57.6,56.6,57.05,236275,16486990,15.239565,24243.5,24000.0,23900,ATM-5,PUT,24150,2026-07-17
2026-07-17 11:28:00+05:30,57.0,57.7,56.8,57.35,280410,16458910,15.32864,24245.2,24000.0,23900,ATM-5,PUT,24150,2026-07-17
2026-07-17 11:29:00+05:30,57.35,57.8,56.2,57.5,317785,16648710,15.28234,24243.0,24000.0,23900,ATM-5,PUT,24150,2026-07-17
2026-07-17 11:30:00+05:30,57.7,57.7,56.65,57.0,158015,16658460,15.256243,24244.15,24000.0,23900,ATM-5,PUT,24150,2026-07-17
2026-07-17 11:31:00+05:30,56.95,57.35,56.55,56.75,92170,16680820,15.287737,24246.2,24000.0,23900,ATM-5,PUT,24150,2026-07-17
2026-07-17 11:32:00+05:30,56.75,57.45,56.45,56.65,137215,16691870,15.176328,24242.85,24000.0,23900,ATM-5,PUT,24150,2026-07-17
2026-07-17 11:33:00+05:30,56.65,57.35,55.85,56.0,174395,16694275,15.278783,24248.95,24000.0,23900,ATM-5,PUT,24150,2026-07-17
2026-07-17 11:34:00+05:30,56.0,56.0,54.5,55.55,530205,16705585,15.332046,24252.6,24000.0,23900,ATM-5,PUT,24150,2026-07-17
2026-07-17 11:35:00+05:30,55.5,55.6,54.6,54.7,339820,16681535,15.401946,24258.55,24000.0,23900,ATM-5,PUT,24150,2026-07-17
2026-07-17 11:36:00+05:30,54.9,56.8,54.55,56.4,373555,16664505,15.388533,24250.85,24000.0,23900,ATM-5,PUT,24150,2026-07-17
2026-07-17 11:37:00+05:30,56.6,57.45,55.95,57.1,365560,16569540,15.358841,24246.9,24000.0,23900,ATM-5,PUT,24150,2026-07-17
2026-07-17 11:38:00+05:30,57.05,57.1,55.5,55.5,202215,16609320,15.28886,24251.2,24000.0,23900,ATM-5,PUT,24150,2026-07-17
2026-07-17 11:39:00+05:30,55.55,55.8,55.0,55.0,400725,16659110,15.400194,24257.05,24000.0,23900,ATM-5,PUT,24150,2026-07-17
2026-07-17 11:40:00+05:30,54.8,55.75,54.65,54.85,447200,16810300,15.425146,24258.5,24000.0,23900,ATM-5,PUT,24150,2026-07-17
2026-07-17 11:41:00+05:30,54.8,55.3,54.3,54.45,335075,16797885,15.516648,24263.3,24000.0,23900,ATM-5,PUT,24150,2026-07-17
2026-07-17 11:42:00+05:30,54.3,55.1,54.0,54.65,411385,16860025,15.487428,24261.4,24000.0,23900,ATM-5,PUT,24150,2026-07-17
2026-07-17 11:43:00+05:30,54.85,54.85,54.0,54.1,276055,16908645,15.439381,24262.1,24000.0,23900,ATM-5,PUT,24150,2026-07-17
2026-07-17 11:44:00+05:30,54.2,54.25,52.95,53.7,446745,16909555,15.538629,24267.2,24000.0,23900,ATM-5,PUT,24150,2026-07-17
2026-07-17 11:45:00+05:30,53.4,53.7,52.65,52.75,365560,16939390,15.544387,24271.55,24000.0,23900,ATM-5,PUT,24150,2026-07-17
2026-07-17 11:46:00+05:30,52.7,53.9,52.7,53.5,444210,17055545,15.569258,24269.05,24000.0,23900,ATM-5,PUT,24150,2026-07-17
2026-07-17 11:47:00+05:30,53.3,54.4,53.3,53.85,326040,17124380,15.536468,24266.35,24000.0,23900,ATM-5,PUT,24150,2026-07-17
2026-07-17 11:48:00+05:30,54.15,54.15,53.15,53.6,240045,17177030,15.543614,24267.65,24000.0,23900,ATM-5,PUT,24150,2026-07-17
2026-07-17 11:49:00+05:30,53.45,53.6,53.0,53.0,181610,17169295,15.467946,24267.65,24000.0,23900,ATM-5,PUT,24150,2026-07-17
2026-07-17 11:50:00+05:30,53.0,53.55,52.75,53.2,283335,17248075,15.580517,24270.6,24000.0,23900,ATM-5,PUT,24150,2026-07-17
2026-07-17 11:51:00+05:30,53.05,53.2,52.4,52.9,361400,17321590,15.593883,24272.35,24000.0,23900,ATM-5,PUT,24150,2026-07-17
2026-07-17 11:52:00+05:30,52.95,52.95,52.0,52.15,481455,17367545,15.541627,24273.85,24000.0,23900,ATM-5,PUT,24150,2026-07-17
2026-07-17 11:53:00+05:30,63.5,64.6,62.75,63.85,217230,6795945,15.613289,24278.7,24050.0,23900,ATM-5,PUT,24150,2026-07-17
2026-07-17 11:54:00+05:30,63.85,64.1,63.35,64.05,87425,6812780,15.647578,24279.0,24050.0,23900,ATM-5,PUT,24150,2026-07-17
2026-07-17 11:55:00+05:30,52.4,53.3,52.2,53.1,372190,17410965,15.695345,24274.8,24000.0,23900,ATM-5,PUT,24150,2026-07-17
2026-07-17 11:56:00+05:30,64.85,65.5,63.8,64.35,100100,6863740,15.727448,24280.35,24050.0,23900,ATM-5,PUT,24150,2026-07-17
2026-07-17 11:57:00+05:30,64.15,65.0,64.0,65.0,104130,6865820,15.77502,24279.35,24050.0,23900,ATM-5,PUT,24150,2026-07-17
2026-07-17 11:58:00+05:30,53.4,53.95,53.15,53.45,318370,17433065,15.749796,24275.0,24000.0,23900,ATM-5,PUT,24150,2026-07-17
2026-07-17 11:59:00+05:30,65.2,65.3,64.55,64.7,64285,6892665,15.695147,24277.85,24050.0,23900,ATM-5,PUT,24150,2026-07-17
2026-07-17 12:00:00+05:30,53.35,54.5,52.8,54.05,395330,17529395,15.709993,24270.9,24000.0,23900,ATM-5,PUT,24150,2026-07-17
2026-07-17 12:01:00+05:30,54.15,54.35,53.7,53.95,380185,17602195,15.618136,24268.15,24000.0,23900,ATM-5,PUT,24150,2026-07-17
2026-07-17 12:02:00+05:30,54.0,54.2,53.8,54.0,161070,17622605,15.600869,24267.3,24000.0,23900,ATM-5,PUT,24150,2026-07-17
2026-07-17 12:03:00+05:30,65.75,66.0,64.6,64.6,91715,6978725,15.614912,24275.5,24050.0,23900,ATM-5,PUT,24150,2026-07-17
2026-07-17 12:04:00+05:30,52.95,53.5,52.75,53.5,173355,17666480,15.758989,24274.85,24000.0,23900,ATM-5,PUT,24150,2026-07-17
2026-07-17 12:05:00+05:30,53.9,54.2,53.5,54.1,203580,17653545,15.819912,24274.25,24000.0,23900,ATM-5,PUT,24150,2026-07-17
2026-07-17 12:06:00+05:30,53.9,54.6,53.7,54.35,224120,17624165,15.664881,24267.8,24000.0,23900,ATM-5,PUT,24150,2026-07-17
2026-07-17 12:07:00+05:30,54.3,54.95,54.05,54.75,263640,17684745,15.586476,24263.35,24000.0,23900,ATM-5,PUT,24150,2026-07-17
2026-07-17 12:08:00+05:30,54.7,55.05,53.75,53.75,407810,17721405,15.599293,24268.1,24000.0,23900,ATM-5,PUT,24150,2026-07-17
2026-07-17 12:09:00+05:30,53.95,53.95,53.25,53.55,351325,17906590,15.752479,24274.2,24000.0,23900,ATM-5,PUT,24150,2026-07-17
2026-07-17 12:10:00+05:30,53.55,53.9,53.0,53.9,373230,17895605,15.792888,24274.0,24000.0,23900,ATM-5,PUT,24150,2026-07-17
2026-07-17 12:11:00+05:30,53.7,54.3,53.5,54.1,185185,17925570,15.748368,24271.55,24000.0,23900,ATM-5,PUT,24150,2026-07-17
2026-07-17 12:12:00+05:30,65.95,66.3,65.0,65.4,86320,7021950,15.732835,24275.9,24050.0,23900,ATM-5,PUT,24150,2026-07-17
2026-07-17 12:13:00+05:30,53.55,54.2,53.1,54.0,134420,17965090,15.707274,24270.5,24000.0,23900,ATM-5,PUT,24150,2026-07-17
2026-07-17 12:14:00+05:30,66.0,66.05,64.7,64.8,64025,7025005,15.684187,24276.55,24050.0,23900,ATM-5,PUT,24150,2026-07-17
2026-07-17 12:15:00+05:30,64.75,65.25,64.55,64.55,59345,7019350,15.778293,24280.5,24050.0,23900,ATM-5,PUT,24150,2026-07-17
2026-07-17 12:16:00+05:30,53.2,54.45,52.85,54.0,271635,17987320,15.821627,24274.3,24000.0,23900,ATM-5,PUT,24150,2026-07-17
2026-07-17 12:17:00+05:30,54.1,54.9,53.8,54.1,212615,18057195,15.774453,24272.2,24000.0,23900,ATM-5,PUT,24150,2026-07-17
2026-07-17 12:18:00+05:30,66.1,66.35,65.0,65.1,79040,7032675,15.696481,24275.65,24050.0,23900,ATM-5,PUT,24150,2026-07-17
2026-07-17 12:19:00+05:30,65.4,66.2,65.1,66.2,46540,7018115,15.821811,24275.45,24050.0,23900,ATM-5,PUT,24150,2026-07-17
2026-07-17 12:20:00+05:30,66.25,66.25,65.5,65.95,79885,7010510,15.95877,24280.75,24050.0,23900,ATM-5,PUT,24150,2026-07-17
2026-07-17 12:21:00+05:30,65.85,66.3,65.8,66.0,22165,6999005,15.926961,24279.5,24050.0,23900,ATM-5,PUT,24150,2026-07-17
2026-07-17 12:22:00+05:30,54.1,54.9,54.1,54.4,151450,17931550,15.81013,24271.9,24000.0,23900,ATM-5,PUT,24150,2026-07-17
2026-07-17 12:23:00+05:30,66.05,66.35,65.0,65.4,79820,7007975,15.906221,24281.05,24050.0,23900,ATM-5,PUT,24150,2026-07-17
2026-07-17 12:24:00+05:30,65.2,65.75,64.9,65.1,57655,7004530,15.89339,24281.75,24050.0,23900,ATM-5,PUT,24150,2026-07-17
2026-07-17 12:25:00+05:30,65.15,66.05,64.65,65.6,132210,7006740,15.85925,24278.7,24050.0,23900,ATM-5,PUT,24150,2026-07-17
2026-07-17 12:26:00+05:30,65.9,66.1,65.4,65.7,51805,6988475,15.828647,24277.3,24050.0,23900,ATM-5,PUT,24150,2026-07-17
2026-07-17 12:27:00+05:30,66.0,66.0,64.95,65.45,32500,6996925,15.839112,24278.55,24050.0,23900,ATM-5,PUT,24150,2026-07-17
2026-07-17 12:28:00+05:30,65.35,65.85,65.05,65.5,50635,6999720,15.825977,24277.9,24050.0,23900,ATM-5,PUT,24150,2026-07-17
2026-07-17 12:29:00+05:30,65.6,66.5,65.5,66.15,31850,7009990,15.896561,24277.65,24050.0,23900,ATM-5,PUT,24150,2026-07-17
2026-07-17 12:30:00+05:30,54.6,55.05,54.4,54.75,237120,17938245,15.942066,24274.55,24000.0,23900,ATM-5,PUT,24150,2026-07-17
2026-07-17 12:31:00+05:30,66.45,66.9,65.8,65.8,66690,6998030,15.840211,24277.1,24050.0,23900,ATM-5,PUT,24150,2026-07-17
2026-07-17 12:32:00+05:30,54.3,54.9,54.0,54.85,89700,17924855,15.933912,24273.75,24000.0,23900,ATM-5,PUT,24150,2026-07-17
2026-07-17 12:33:00+05:30,66.65,66.75,65.6,65.8,56680,7004140,15.947136,24280.45,24050.0,23900,ATM-5,PUT,24150,2026-07-17
2026-07-17 12:34:00+05:30,65.6,66.1,65.1,66.05,63050,6993090,15.999921,24281.15,24050.0,23900,ATM-5,PUT,24150,2026-07-17
2026-07-17 12:35:00+05:30,65.9,66.1,65.55,66.05,40430,6984510,16.0058,24281.3,24050.0,23900,ATM-5,PUT,24150,2026-07-17
2026-07-17 12:36:00+05:30,65.95,66.1,65.4,65.8,50050,6978855,15.988125,24281.65,24050.0,23900,ATM-5,PUT,24150,2026-07-17
2026-07-17 12:37:00+05:30,65.7,66.3,65.2,66.0,27755,7001280,15.927358,24278.9,24050.0,23900,ATM-5,PUT,24150,2026-07-17
2026-07-17 12:38:00+05:30,66.1,66.5,65.65,65.85,76050,6999005,15.898223,24278.5,24050.0,23900,ATM-5,PUT,24150,2026-07-17
2026-07-17 12:39:00+05:30,65.85,66.2,65.15,65.9,152165,7004270,15.881927,24277.75,24050.0,23900,ATM-5,PUT,24150,2026-07-17
2026-07-17 12:40:00+05:30,54.25,55.3,54.0,55.15,194870,17963985,15.770501,24266.55,24000.0,23900,ATM-5,PUT,24150,2026-07-17
2026-07-17 12:41:00+05:30,55.25,55.4,54.1,54.1,536705,17917185,15.71089,24269.05,24000.0,23900,ATM-5,PUT,24150,2026-07-17
2026-07-17 12:42:00+05:30,66.05,66.1,65.0,65.0,113815,7089355,15.853163,24280.15,24050.0,23900,ATM-5,PUT,24150,2026-07-17
2026-07-17 12:43:00+05:30,53.3,54.4,53.2,54.15,160290,17886830,15.893718,24275.0,24000.0,23900,ATM-5,PUT,24150,2026-07-17
2026-07-17 12:44:00+05:30,65.75,65.95,65.1,65.1,26975,7094100,15.770827,24277.05,24050.0,23900,ATM-5,PUT,24150,2026-07-17
2026-07-17 12:45:00+05:30,64.95,65.1,63.8,64.0,180700,7097935,15.841007,24283.5,24050.0,23900,ATM-5,PUT,24150,2026-07-17
2026-07-17 12:46:00+05:30,64.05,65.15,64.0,64.6,40885,7076290,15.875396,24282.25,24050.0,23900,ATM-5,PUT,24150,2026-07-17
2026-07-17 12:47:00+05:30,64.7,65.05,64.3,64.6,34645,7079735,16.009919,24286.55,24050.0,23900,ATM-5,PUT,24150,2026-07-17
2026-07-17 12:48:00+05:30,64.7,64.8,63.8,63.8,71370,7082790,15.93648,24287.25,24050.0,23900,ATM-5,PUT,24150,2026-07-17
2026-07-17 12:49:00+05:30,63.45,63.8,57.6,60.65,897000,7072650,15.761922,24294.0,24050.0,23900,ATM-5,PUT,24150,2026-07-17
2026-07-17 12:50:00+05:30,61.15,64.2,60.65,63.9,254150,7008365,15.838054,24283.6,24050.0,23900,ATM-5,PUT,24150,2026-07-17
2026-07-17 12:51:00+05:30,64.25,65.6,63.75,64.15,256165,7003815,15.799486,24281.35,24050.0,23900,ATM-5,PUT,24150,2026-07-17
2026-07-17 12:52:00+05:30,64.35,65.25,64.05,65.0,98735,7009210,15.852637,24279.75,24050.0,23900,ATM-5,PUT,24150,2026-07-17
2026-07-17 12:53:00+05:30,53.65,54.5,53.4,54.3,366210,17740320,15.85198,24272.5,24000.0,23900,ATM-5,PUT,24150,2026-07-17
2026-07-17 12:54:00+05:30,54.0,55.2,53.95,54.6,449930,17765995,15.932769,24273.9,24000.0,23900,ATM-5,PUT,24150,2026-07-17
2026-07-17 12:55:00+05:30,54.45,55.2,53.15,55.05,302055,17842955,15.91253,24271.2,24000.0,23900,ATM-5,PUT,24150,2026-07-17
2026-07-17 12:56:00+05:30,55.05,55.2,53.85,53.9,251160,17831255,15.863999,24274.55,24000.0,23900,ATM-5,PUT,24150,2026-07-17
2026-07-17 12:57:00+05:30,65.55,65.75,63.2,64.6,171015,7064460,15.829458,24280.35,24050.0,23900,ATM-5,PUT,24150,2026-07-17
2026-07-17 12:58:00+05:30,64.6,65.15,63.7,64.6,61360,7055165,15.787044,24278.95,24050.0,23900,ATM-5,PUT,24150,2026-07-17
2026-07-17 12:59:00+05:30,64.5,64.6,63.65,63.65,82680,7066215,15.809433,24283.3,24050.0,23900,ATM-5,PUT,24150,2026-07-17
2026-07-17 13:00:00+05:30,63.2,64.4,62.8,64.15,115245,7076940,15.855243,24282.8,24050.0,23900,ATM-5,PUT,24150,2026-07-17
2026-07-17 13:01:00+05:30,63.95,64.15,62.4,63.35,81445,7084610,15.789622,24283.75,24050.0,23900,ATM-5,PUT,24150,2026-07-17
2026-07-17 13:02:00+05:30,63.2,63.95,62.95,63.95,59020,7092150,15.704628,24278.65,24050.0,23900,ATM-5,PUT,24150,2026-07-17
2026-07-17 13:03:00+05:30,63.8,64.6,63.2,63.9,65325,7098455,15.76358,24280.7,24050.0,23900,ATM-5,PUT,24150,2026-07-17
2026-07-17 13:04:00+05:30,63.95,64.0,63.2,63.75,36270,7097805,15.720338,24279.85,24050.0,23900,ATM-5,PUT,24150,2026-07-17
2026-07-17 13:05:00+05:30,63.85,64.6,63.75,64.0,49595,7099495,15.790396,24281.1,24050.0,23900,ATM-5,PUT,24150,2026-07-17
2026-07-17 13:06:00+05:30,64.0,64.1,63.05,63.2,69290,7091565,15.783688,24283.95,24050.0,23900,ATM-5,PUT,24150,2026-07-17
2026-07-17 13:07:00+05:30,63.15,65.3,62.95,65.25,113880,7105605,15.79728,24276.45,24050.0,23900,ATM-5,PUT,24150,2026-07-17
2026-07-17 13:08:00+05:30,64.75,65.25,64.2,64.7,68380,7093905,15.83588,24279.75,24050.0,23900,ATM-5,PUT,24150,2026-07-17
2026-07-17 13:09:00+05:30,64.7,65.0,64.2,65.0,48035,7103135,15.81832,24278.0,24050.0,23900,ATM-5,PUT,24150,2026-07-17
2026-07-17 13:10:00+05:30,64.8,65.0,64.25,64.6,48360,7093775,15.818501,24279.5,24050.0,23900,ATM-5,PUT,24150,2026-07-17
2026-07-17 13:11:00+05:30,64.45,64.65,63.65,64.4,48815,7086365,15.789499,24279.3,24050.0,23900,ATM-5,PUT,24150,2026-07-17
2026-07-17 13:12:00+05:30,64.55,65.1,64.0,65.1,39390,7085715,15.813523,24277.35,24050.0,23900,ATM-5,PUT,24150,2026-07-17
2026-07-17 13:13:00+05:30,65.35,65.35,64.1,64.45,65260,7085715,15.708897,24276.45,24050.0,23900,ATM-5,PUT,24150,2026-07-17
2026-07-17 13:14:00+05:30,64.25,64.6,63.5,64.25,59995,7095790,15.876276,24282.55,24050.0,23900,ATM-5,PUT,24150,2026-07-17
2026-07-17 13:15:00+05:30,53.1,55.25,52.9,54.4,666250,18867940,15.873798,24271.9,24000.0,23900,ATM-5,PUT,24150,2026-07-17
2026-07-17 13:16:00+05:30,54.3,54.5,53.7,53.9,396305,18629910,15.836934,24272.8,24000.0,23900,ATM-5,PUT,24150,2026-07-17
2026-07-17 13:17:00+05:30,65.5,66.2,65.15,65.35,104780,7087340,15.78822,24275.4,24050.0,23900,ATM-5,PUT,24150,2026-07-17
2026-07-17 13:18:00+05:30,53.7,54.45,53.15,53.95,279890,18680740,15.838478,24272.55,24000.0,23900,ATM-5,PUT,24150,2026-07-17
2026-07-17 13:19:00+05:30,54.0,54.5,53.7,54.25,161460,18578040,15.931178,24274.35,24000.0,23900,ATM-5,PUT,24150,2026-07-17
2026-07-17 13:20:00+05:30,66.0,66.0,64.65,65.35,69550,7121725,15.851383,24277.3,24050.0,23900,ATM-5,PUT,24150,2026-07-17
2026-07-17 13:21:00+05:30,65.55,65.8,65.0,65.6,39715,7129980,15.887127,24277.45,24050.0,23900,ATM-5,PUT,24150,2026-07-17
2026-07-17 13:22:00+05:30,53.7,53.9,53.25,53.5,128115,18627960,15.837802,24274.35,24000.0,23900,ATM-5,PUT,24150,2026-07-17
2026-07-17 13:23:00+05:30,53.5,54.3,53.05,54.3,211250,18636930,15.786813,24269.05,24000.0,23900,ATM-5,PUT,24150,2026-07-17
2026-07-17 13:24:00+05:30,54.1,55.35,53.65,55.3,445185,18724550,15.8395,24266.45,24000.0,23900,ATM-5,PUT,24150,2026-07-17
2026-07-17 13:25:00+05:30,55.2,55.9,53.9,53.95,577525,18657665,15.732411,24268.65,24000.0,23900,ATM-5,PUT,24150,2026-07-17
2026-07-17 13:26:00+05:30,53.5,55.25,53.2,54.75,343135,18473000,15.72869,24265.0,24000.0,23900,ATM-5,PUT,24150,2026-07-17
2026-07-17 13:27:00+05:30,55.05,55.55,54.7,55.55,282815,18468710,15.738611,24261.85,24000.0,23900,ATM-5,PUT,24150,2026-07-17
2026-07-17 13:28:00+05:30,55.2,55.55,54.9,55.15,302380,18403320,15.653245,24260.65,24000.0,23900,ATM-5,PUT,24150,2026-07-17
2026-07-17 13:29:00+05:30,55.1,55.25,53.65,54.75,403390,18433220,15.800246,24267.3,24000.0,23900,ATM-5,PUT,24150,2026-07-17
2026-07-17 13:30:00+05:30,54.65,54.85,53.75,53.75,202020,18360030,15.744962,24269.75,24000.0,23900,ATM-5,PUT,24150,2026-07-17
2026-07-17 13:31:00+05:30,53.75,54.55,53.05,54.2,200070,18314790,15.754135,24268.05,24000.0,23900,ATM-5,PUT,24150,2026-07-17
2026-07-17 13:32:00+05:30,54.35,55.25,54.0,54.35,211250,18296070,15.728918,24266.5,24000.0,23900,ATM-5,PUT,24150,2026-07-17
2026-07-17 13:33:00+05:30,54.7,55.25,54.35,54.65,141635,18316870,15.693223,24263.95,24000.0,23900,ATM-5,PUT,24150,2026-07-17
2026-07-17 13:34:00+05:30,54.65,55.1,54.0,54.2,181350,18346380,15.688444,24265.7,24000.0,23900,ATM-5,PUT,24150,2026-07-17
2026-07-17 13:35:00+05:30,54.1,54.2,53.5,53.7,162760,18364385,15.681298,24267.6,24000.0,23900,ATM-5,PUT,24150,2026-07-17
2026-07-17 13:36:00+05:30,53.65,53.8,52.1,53.4,426335,18358600,15.708421,24269.8,24000.0,23900,ATM-5,PUT,24150,2026-07-17
2026-07-17 13:37:00+05:30,53.55,54.5,53.1,54.5,221520,18321030,15.700991,24264.7,24000.0,23900,ATM-5,PUT,24150,2026-07-17
2026-07-17 13:38:00+05:30,54.25,54.65,53.7,54.5,268190,18282160,15.734709,24265.8,24000.0,23900,ATM-5,PUT,24150,2026-07-17
2026-07-17 13:39:00+05:30,54.3,54.5,53.6,53.85,186875,18297305,15.761353,24269.5,24000.0,23900,ATM-5,PUT,24150,2026-07-17
2026-07-17 13:40:00+05:30,53.9,56.35,53.85,56.15,554710,18251090,15.723117,24258.25,24000.0,23900,ATM-5,PUT,24150,2026-07-17
2026-07-17 13:41:00+05:30,55.75,57.65,55.1,55.1,628680,18205135,15.483651,24254.65,24000.0,23900,ATM-5,PUT,24150,2026-07-17
2026-07-17 13:42:00+05:30,55.05,57.4,54.95,56.7,627770,18315960,15.583516,24251.2,24000.0,23900,ATM-5,PUT,24150,2026-07-17
2026-07-17 13:43:00+05:30,56.75,57.25,55.75,55.75,529555,18246605,15.379426,24248.35,24000.0,23900,ATM-5,PUT,24150,2026-07-17
2026-07-17 13:44:00+05:30,55.85,56.85,54.75,55.1,414570,18183490,15.475245,24254.25,24000.0,23900,ATM-5,PUT,24150,2026-07-17
2026-07-17 13:45:00+05:30,55.4,56.45,55.1,55.7,239785,18147675,15.497049,24252.4,24000.0,23900,ATM-5,PUT,24150,2026-07-17
2026-07-17 13:46:00+05:30,55.95,57.6,55.3,57.6,550420,18122390,15.516685,24245.1,24000.0,23900,ATM-5,PUT,24150,2026-07-17
2026-07-17 13:47:00+05:30,57.45,58.65,57.3,57.35,995800,17988230,15.292238,24238.7,24000.0,23900,ATM-5,PUT,24150,2026-07-17
2026-07-17 13:48:00+05:30,57.2,57.65,55.8,55.85,599950,17981340,15.35875,24247.05,24000.0,23900,ATM-5,PUT,24150,2026-07-17
2026-07-17 13:49:00+05:30,56.25,57.35,55.75,57.35,319995,17904315,15.33262,24239.95,24000.0,23900,ATM-5,PUT,24150,2026-07-17
2026-07-17 13:50:00+05:30,57.2,59.0,56.8,58.55,837525,17838665,15.086679,24227.05,24000.0,23900,ATM-5,PUT,24150,2026-07-17
2026-07-17 13:51:00+05:30,47.0,48.7,46.9,48.05,507585,5064605,14.943048,24215.95,23950.0,23900,ATM-5,PUT,24150,2026-07-17
2026-07-17 13:52:00+05:30,47.75,48.05,46.3,46.9,230620,4983485,14.97514,24222.35,23950.0,23900,ATM-5,PUT,24150,2026-07-17
2026-07-17 13:53:00+05:30,58.75,59.0,57.15,57.6,670605,17462705,15.041068,24229.25,24000.0,23900,ATM-5,PUT,24150,2026-07-17
2026-07-17 13:54:00+05:30,57.2,57.9,55.85,56.35,743145,17405830,14.971824,24232.0,24000.0,23900,ATM-5,PUT,24150,2026-07-17
2026-07-17 13:55:00+05:30,56.55,57.45,54.7,55.35,755365,17451135,14.985296,24236.5,24000.0,23900,ATM-5,PUT,24150,2026-07-17
2026-07-17 13:56:00+05:30,55.5,57.15,55.35,56.0,406965,17446585,14.953491,24232.75,24000.0,23900,ATM-5,PUT,24150,2026-07-17
2026-07-17 13:57:00+05:30,55.85,56.6,55.0,55.65,320645,17437485,14.939976,24233.7,24000.0,23900,ATM-5,PUT,24150,2026-07-17
2026-07-17 13:58:00+05:30,55.3,56.3,55.0,55.45,342160,17400240,15.034584,24237.6,24000.0,23900,ATM-5,PUT,24150,2026-07-17
2026-07-17 13:59:00+05:30,55.4,55.45,51.1,52.15,1396200,17288245,14.992789,24250.1,24000.0,23900,ATM-5,PUT,24150,2026-07-17
2026-07-17 14:00:00+05:30,52.6,53.55,52.15,52.55,543400,17241640,15.006506,24248.8,24000.0,23900,ATM-5,PUT,24150,2026-07-17
2026-07-17 14:01:00+05:30,52.6,53.8,52.25,52.8,437775,17307810,14.979964,24246.8,24000.0,23900,ATM-5,PUT,24150,2026-07-17
2026-07-17 14:02:00+05:30,53.0,53.85,52.65,53.45,308100,17295395,14.968063,24243.6,24000.0,23900,ATM-5,PUT,24150,2026-07-17
2026-07-17 14:03:00+05:30,53.25,53.6,52.55,52.55,229840,17331275,14.933935,24246.25,24000.0,23900,ATM-5,PUT,24150,2026-07-17
2026-07-17 14:04:00+05:30,52.65,52.65,51.65,52.0,480220,17430010,14.986681,24250.35,24000.0,23900,ATM-5,PUT,24150,2026-07-17
2026-07-17 14:05:00+05:30,52.05,52.05,50.5,50.8,584545,17332315,14.961692,24254.7,24000.0,23900,ATM-5,PUT,24150,2026-07-17
2026-07-17 14:06:00+05:30,50.95,52.3,50.75,52.3,399490,17292730,15.00666,24249.65,24000.0,23900,ATM-5,PUT,24150,2026-07-17
2026-07-17 14:07:00+05:30,52.3,52.5,51.4,51.45,293215,17384315,14.940128,24251.05,24000.0,23900,ATM-5,PUT,24150,2026-07-17
2026-07-17 14:08:00+05:30,51.45,52.65,51.15,52.15,257465,17410640,15.032799,24251.1,24000.0,23900,ATM-5,PUT,24150,2026-07-17
2026-07-17 14:09:00+05:30,52.2,52.3,51.5,51.8,175500,17447430,15.043796,24252.95,24000.0,23900,ATM-5,PUT,24150,2026-07-17
2026-07-17 14:10:00+05:30,51.55,51.85,51.0,51.3,173875,17447820,15.011481,24254.0,24000.0,23900,ATM-5,PUT,24150,2026-07-17
2026-07-17 14:11:00+05:30,51.1,51.3,48.3,48.35,1027325,17356235,14.956032,24265.25,24000.0,23900,ATM-5,PUT,24150,2026-07-17
2026-07-17 14:12:00+05:30,48.95,48.95,46.55,46.85,1214980,17100070,14.9404,24271.6,24000.0,23900,ATM-5,PUT,24150,2026-07-17
2026-07-17 14:13:00+05:30,58.3,58.3,55.8,56.3,408720,6796725,14.812758,24277.25,24050.0,23900,ATM-5,PUT,24150,2026-07-17
2026-07-17 14:14:00+05:30,56.35,57.4,56.05,56.35,310310,6811545,14.921021,24280.55,24050.0,23900,ATM-5,PUT,24150,2026-07-17
2026-07-17 14:15:00+05:30,69.5,69.95,50.8,51.25,3477175,16018275,14.698161,24345.4,24100.0,23900,ATM-5,PUT,24150,2026-07-17
2026-07-17 14:16:00+05:30,49.6,55.95,49.15,52.85,3576365,15346240,15.421295,24362.9,24100.0,23900,ATM-5,PUT,24150,2026-07-17
2026-07-17 14:17:00+05:30,52.6,56.0,52.5,54.7,2013960,15380365,15.199833,24347.45,24100.0,23900,ATM-5,PUT,24150,2026-07-17
2026-07-17 14:18:00+05:30,56.9,59.1,54.7,57.15,1653080,15515305,15.060967,24332.7,24100.0,23900,ATM-5,PUT,24150,2026-07-17
2026-07-17 14:19:00+05:30,46.75,49.45,46.65,49.45,775775,6517485,14.882734,24308.45,24050.0,23900,ATM-5,PUT,24150,2026-07-17
2026-07-17 14:20:00+05:30,49.25,51.35,47.7,51.3,523835,6507215,15.251003,24312.75,24050.0,23900,ATM-5,PUT,24150,2026-07-17
2026-07-17 14:21:00+05:30,51.2,53.2,50.25,52.3,643955,6402760,15.28172,24309.35,24050.0,23900,ATM-5,PUT,24150,2026-07-17
2026-07-17 14:22:00+05:30,52.3,55.6,52.3,55.6,354640,6336265,15.454349,24300.95,24050.0,23900,ATM-5,PUT,24150,2026-07-17
2026-07-17 14:23:00+05:30,55.65,57.6,54.25,57.6,476450,6331455,15.457206,24292.7,24050.0,23900,ATM-5,PUT,24150,2026-07-17
2026-07-17 14:24:00+05:30,56.9,57.6,53.9,54.2,405015,6302270,15.199886,24298.3,24050.0,23900,ATM-5,PUT,24150,2026-07-17
2026-07-17 14:25:00+05:30,53.9,54.3,50.35,52.25,413075,6269315,15.219403,24307.3,24050.0,23900,ATM-5,PUT,24150,2026-07-17
2026-07-17 14:26:00+05:30,52.15,52.4,50.75,50.9,284180,6235710,15.161961,24311.25,24050.0,23900,ATM-5,PUT,24150,2026-07-17
2026-07-17 14:27:00+05:30,51.2,51.5,49.55,49.95,224380,6230575,15.030369,24310.95,24050.0,23900,ATM-5,PUT,24150,2026-07-17
2026-07-17 14:28:00+05:30,49.45,50.0,48.35,50.0,239395,6232200,14.995628,24309.5,24050.0,23900,ATM-5,PUT,24150,2026-07-17
2026-07-17 14:29:00+05:30,49.9,55.25,49.75,54.0,648180,6204120,14.852562,24287.4,24050.0,23900,ATM-5,PUT,24150,2026-07-17
2026-07-17 14:30:00+05:30,53.9,54.1,50.4,50.8,544960,6266585,14.95953,24304.65,24050.0,23900,ATM-5,PUT,24150,2026-07-17
2026-07-17 14:31:00+05:30,50.45,52.3,50.25,51.8,178750,6254755,14.961093,24300.3,24050.0,23900,ATM-5,PUT,24150,2026-07-17
2026-07-17 14:32:00+05:30,52.1,52.5,51.1,51.5,149890,6275230,14.889541,24299.15,24050.0,23900,ATM-5,PUT,24150,2026-07-17
2026-07-17 14:33:00+05:30,51.8,52.6,51.3,51.7,90610,6269315,14.809345,24295.55,24050.0,23900,ATM-5,PUT,24150,2026-07-17
2026-07-17 14:34:00+05:30,51.9,52.1,51.05,51.3,124280,6275100,14.831967,24298.0,24050.0,23900,ATM-5,PUT,24150,2026-07-17
2026-07-17 14:35:00+05:30,51.55,52.05,51.25,52.0,104780,6247020,14.942339,24298.65,24050.0,23900,ATM-5,PUT,24150,2026-07-17
2026-07-17 14:36:00+05:30,51.7,53.2,51.7,52.65,228995,6259435,14.865429,24293.25,24050.0,23900,ATM-5,PUT,24150,2026-07-17
2026-07-17 14:37:00+05:30,52.85,53.2,51.6,52.8,118235,6282185,14.879675,24293.05,24050.0,23900,ATM-5,PUT,24150,2026-07-17
2026-07-17 14:38:00+05:30,52.85,53.7,51.05,51.55,114530,6284850,14.89689,24298.95,24050.0,23900,ATM-5,PUT,24150,2026-07-17
2026-07-17 14:39:00+05:30,51.6,51.9,51.0,51.25,107445,6263530,14.828253,24297.9,24050.0,23900,ATM-5,PUT,24150,2026-07-17
2026-07-17 14:40:00+05:30,51.3,51.8,50.5,51.45,127530,6219785,14.976769,24302.0,24050.0,23900,ATM-5,PUT,24150,2026-07-17
2026-07-17 14:41:00+05:30,51.45,51.95,49.5,49.5,182585,6225375,15.01387,24311.85,24050.0,23900,ATM-5,PUT,24150,2026-07-17
2026-07-17 14:42:00+05:30,49.55,50.55,49.45,49.5,182130,6213545,14.972646,24310.4,24050.0,23900,ATM-5,PUT,24150,2026-07-17
2026-07-17 14:43:00+05:30,49.65,49.65,48.2,49.15,212485,6218290,14.977465,24312.1,24050.0,23900,ATM-5,PUT,24150,2026-07-17
2026-07-17 14:44:00+05:30,49.25,49.3,47.35,47.75,188175,6227520,14.954425,24317.65,24050.0,23900,ATM-5,PUT,24150,2026-07-17
2026-07-17 14:45:00+05:30,47.85,48.5,47.5,48.05,170365,6231095,15.049016,24319.5,24050.0,23900,ATM-5,PUT,24150,2026-07-17
2026-07-17 14:46:00+05:30,59.1,60.2,57.25,57.65,616850,14893645,14.91989,24325.05,24100.0,23900,ATM-5,PUT,24150,2026-07-17
2026-07-17 14:47:00+05:30,46.75,47.7,46.5,47.1,92755,6149585,14.984893,24321.6,24050.0,23900,ATM-5,PUT,24150,2026-07-17
2026-07-17 14:48:00+05:30,47.15,48.35,45.95,45.95,171860,6154525,14.792597,24320.25,24050.0,23900,ATM-5,PUT,24150,2026-07-17
2026-07-17 14:49:00+05:30,46.15,46.15,44.75,45.4,275860,6144320,14.826537,24324.0,24050.0,23900,ATM-5,PUT,24150,2026-07-17
2026-07-17 14:50:00+05:30,45.05,46.7,44.55,46.1,253825,6154395,14.807939,24320.0,24050.0,23900,ATM-5,PUT,24150,2026-07-17
2026-07-17 14:51:00+05:30,46.2,46.95,44.9,46.6,145470,6170970,14.791481,24317.05,24050.0,23900,ATM-5,PUT,24150,2026-07-17
2026-07-17 14:52:00+05:30,46.55,46.75,46.0,46.5,98280,6181175,14.852575,24319.6,24050.0,23900,ATM-5,PUT,24150,2026-07-17
2026-07-17 14:53:00+05:30,46.55,47.1,45.3,45.45,249925,6215690,14.7379,24320.5,24050.0,23900,ATM-5,PUT,24150,2026-07-17
2026-07-17 14:54:00+05:30,45.6,46.8,45.45,45.95,142090,6217510,14.81952,24320.95,24050.0,23900,ATM-5,PUT,24150,2026-07-17
2026-07-17 14:55:00+05:30,57.45,58.1,56.15,56.5,329225,15084290,14.860698,24327.4,24100.0,23900,ATM-5,PUT,24150,2026-07-17
2026-07-17 14:56:00+05:30,44.8,46.65,43.9,46.15,386425,6114550,14.961966,24324.9,24050.0,23900,ATM-5,PUT,24150,2026-07-17
2026-07-17 14:57:00+05:30,46.1,47.2,45.85,46.75,148785,6107855,14.949442,24321.6,24050.0,23900,ATM-5,PUT,24150,2026-07-17
2026-07-17 14:58:00+05:30,46.7,48.0,46.5,47.5,166920,6105580,14.885163,24315.85,24050.0,23900,ATM-5,PUT,24150,2026-07-17
2026-07-17 14:59:00+05:30,47.4,48.1,46.85,47.95,210665,6112665,14.827163,24311.75,24050.0,23900,ATM-5,PUT,24150,2026-07-17
2026-07-17 15:00:00+05:30,47.5,48.3,44.0,44.65,766740,6044025,14.728483,24323.7,24050.0,23900,ATM-5,PUT,24150,2026-07-17
2026-07-17 15:01:00+05:30,55.7,56.6,53.1,55.5,1087125,14760135,14.688414,24325.6,24100.0,23900,ATM-5,PUT,24150,2026-07-17
2026-07-17 15:02:00+05:30,45.4,46.5,44.7,45.65,181285,5965440,14.8854,24324.35,24050.0,23900,ATM-5,PUT,24150,2026-07-17
2026-07-17 15:03:00+05:30,46.0,46.85,45.3,46.75,194155,5967455,14.851271,24317.95,24050.0,23900,ATM-5,PUT,24150,2026-07-17
2026-07-17 15:04:00+05:30,47.15,47.25,45.85,46.1,155480,5963555,14.882804,24322.05,24050.0,23900,ATM-5,PUT,24150,2026-07-17
2026-07-17 15:05:00+05:30,57.05,57.5,55.3,55.65,618800,14548235,14.771303,24327.55,24100.0,23900,ATM-5,PUT,24150,2026-07-17
2026-07-17 15:06:00+05:30,55.45,55.75,54.3,54.6,733395,14363765,14.722543,24330.2,24100.0,23900,ATM-5,PUT,24150,2026-07-17
2026-07-17 15:07:00+05:30,54.4,54.9,52.4,53.4,888550,14211210,14.697467,24334.3,24100.0,23900,ATM-5,PUT,24150,2026-07-17
2026-07-17 15:08:00+05:30,53.8,54.9,53.4,54.0,493285,14070030,14.707416,24332.1,24100.0,23900,ATM-5,PUT,24150,2026-07-17
2026-07-17 15:09:00+05:30,53.95,54.35,53.15,54.15,497835,14118065,14.771395,24333.55,24100.0,23900,ATM-5,PUT,24150,2026-07-17
2026-07-17 15:10:00+05:30,54.45,55.1,54.15,54.55,595530,13936715,14.768007,24331.75,24100.0,23900,ATM-5,PUT,24150,2026-07-17
2026-07-17 15:11:00+05:30,54.55,54.8,53.35,53.8,354640,14022385,14.690239,24332.25,24100.0,23900,ATM-5,PUT,24150,2026-07-17
2026-07-17 15:12:00+05:30,54.0,54.1,51.9,52.9,727415,13947050,14.692809,24336.05,24100.0,23900,ATM-5,PUT,24150,2026-07-17
2026-07-17 15:13:00+05:30,52.9,53.95,52.9,53.5,397410,13893425,14.735016,24334.9,24100.0,23900,ATM-5,PUT,24150,2026-07-17
2026-07-17 15:14:00+05:30,53.75,56.5,53.5,55.85,780650,13664170,14.843164,24328.75,24100.0,23900,ATM-5,PUT,24150,2026-07-17
2026-07-17 15:15:00+05:30,45.3,47.8,44.55,46.85,580450,5623800,15.048534,24323.85,24050.0,23900,ATM-5,PUT,24150,2026-07-17
2026-07-17 15:16:00+05:30,47.0,47.9,46.8,47.15,305630,5543720,15.062778,24322.9,24050.0,23900,ATM-5,PUT,24150,2026-07-17
2026-07-17 15:17:00+05:30,58.75,58.75,56.65,57.65,453895,13196885,14.970884,24325.55,24100.0,23900,ATM-5,PUT,24150,2026-07-17
2026-07-17 15:18:00+05:30,57.7,58.2,56.9,57.9,417690,13125450,15.10326,24328.8,24100.0,23900,ATM-5,PUT,24150,2026-07-17
2026-07-17 15:19:00+05:30,57.9,58.3,57.05,58.0,1037660,12965225,15.122941,24329.0,24100.0,23900,ATM-5,PUT,24150,2026-07-17
2026-07-17 15:20:00+05:30,58.15,58.95,57.25,57.4,555165,12792195,15.171498,24332.95,24100.0,23900,ATM-5,PUT,24150,2026-07-17
2026-07-17 15:21:00+05:30,57.6,58.15,54.0,54.05,734695,12594855,14.760325,24333.15,24100.0,23900,ATM-5,PUT,24150,2026-07-17
2026-07-17 15:22:00+05:30,54.35,55.8,52.95,55.25,1006200,12281165,15.024711,24336.85,24100.0,23900,ATM-5,PUT,24150,2026-07-17
2026-07-17 15:23:00+05:30,55.15,56.2,54.4,55.1,556920,12205830,15.04046,24337.95,24100.0,23900,ATM-5,PUT,24150,2026-07-17
2026-07-17 15:24:00+05:30,54.85,55.4,53.85,55.0,598260,12111970,15.176066,24342.8,24100.0,23900,ATM-5,PUT,24150,2026-07-17
2026-07-17 15:25:00+05:30,55.55,57.3,55.0,56.55,820365,11882130,15.439274,24345.0,24100.0,23900,ATM-5,PUT,24150,2026-07-17
2026-07-17 15:26:00+05:30,56.85,57.1,55.2,56.25,1028625,11593725,15.335916,24342.8,24100.0,23900,ATM-5,PUT,24150,2026-07-17
2026-07-17 15:27:00+05:30,56.6,56.7,55.0,55.0,790660,11438180,15.215897,24344.0,24100.0,23900,ATM-5,PUT,24150,2026-07-17
2026-07-17 15:28:00+05:30,55.3,55.6,52.1,52.2,1135160,11227905,14.722893,24339.4,24100.0,23900,ATM-5,PUT,24150,2026-07-17
2026-07-17 15:29:00+05:30,52.5,52.85,48.8,49.0,1557530,10713560,14.529303,24346.7,24100.0,23900,ATM-5,PUT,24150,2026-07-17
2026-07-17 09:15:00+05:30,225.0,241.45,201.3,241.45,193635,370435,7.654096,24151.25,23950.0,23950,ATM-4,CALL,24150,2026-07-17
2026-07-17 09:16:00+05:30,245.0,258.2,240.9,258.2,207350,404430,7.494215,24171.0,23950.0,23950,ATM-4,CALL,24150,2026-07-17
2026-07-17 09:17:00+05:30,222.55,228.6,221.85,224.4,1282320,3986775,8.352993,24176.15,24000.0,23950,ATM-4,CALL,24150,2026-07-17
2026-07-17 09:18:00+05:30,225.4,237.3,224.4,237.05,832650,4002310,8.854914,24187.4,24000.0,23950,ATM-4,CALL,24150,2026-07-17
2026-07-17 09:19:00+05:30,238.1,242.4,233.55,236.4,724295,3878290,8.702184,24187.85,24000.0,23950,ATM-4,CALL,24150,2026-07-17
2026-07-17 09:20:00+05:30,234.85,242.85,233.0,236.05,638625,3854500,8.662856,24187.75,24000.0,23950,ATM-4,CALL,24150,2026-07-17
2026-07-17 09:21:00+05:30,235.55,237.6,231.5,233.4,307840,3814720,8.513527,24185.75,24000.0,23950,ATM-4,CALL,24150,2026-07-17
2026-07-17 09:22:00+05:30,233.55,237.9,232.1,237.0,244660,3838510,8.683388,24188.75,24000.0,23950,ATM-4,CALL,24150,2026-07-17
2026-07-17 09:23:00+05:30,237.0,237.9,232.7,232.7,197145,3838120,8.355539,24186.15,24000.0,23950,ATM-4,CALL,24150,2026-07-17
2026-07-17 09:24:00+05:30,232.8,240.95,231.45,240.6,254735,3845660,8.835301,24191.9,24000.0,23950,ATM-4,CALL,24150,2026-07-17
2026-07-17 09:25:00+05:30,239.55,248.0,239.5,246.0,649545,3846245,8.772326,24198.85,24000.0,23950,ATM-4,CALL,24150,2026-07-17
2026-07-17 09:26:00+05:30,246.3,249.5,243.45,244.35,375895,3937310,8.375528,24199.8,24000.0,23950,ATM-4,CALL,24150,2026-07-17
2026-07-17 09:27:00+05:30,244.8,250.3,241.25,247.9,397410,3942380,8.534617,24202.85,24000.0,23950,ATM-4,CALL,24150,2026-07-17
2026-07-17 09:28:00+05:30,248.5,248.5,245.35,247.3,157105,3858075,8.147671,24204.8,24000.0,23950,ATM-4,CALL,24150,2026-07-17
2026-07-17 09:29:00+05:30,247.3,253.0,246.2,252.45,286195,3811535,8.263669,24210.0,24000.0,23950,ATM-4,CALL,24150,2026-07-17
2026-07-17 09:30:00+05:30,253.6,255.0,244.0,245.8,518245,3733730,8.053401,24203.7,24000.0,23950,ATM-4,CALL,24150,2026-07-17
2026-07-17 09:31:00+05:30,246.3,249.0,239.8,240.55,241995,3639025,8.16762,24196.85,24000.0,23950,ATM-4,CALL,24150,2026-07-17
2026-07-17 09:32:00+05:30,240.85,247.1,236.45,247.1,253370,3631485,8.055918,24205.2,24000.0,23950,ATM-4,CALL,24150,2026-07-17
2026-07-17 09:33:00+05:30,247.5,252.75,245.0,250.2,308165,3693040,7.736757,24210.7,24000.0,23950,ATM-4,CALL,24150,2026-07-17
2026-07-17 09:34:00+05:30,252.0,256.2,244.25,245.6,375570,3649035,7.546861,24206.6,24000.0,23950,ATM-4,CALL,24150,2026-07-17
2026-07-17 09:35:00+05:30,245.25,248.0,244.4,244.7,110630,3650270,7.284818,24207.05,24000.0,23950,ATM-4,CALL,24150,2026-07-17
2026-07-17 09:36:00+05:30,244.95,247.4,241.0,246.85,107250,3671720,7.296356,24209.4,24000.0,23950,ATM-4,CALL,24150,2026-07-17
2026-07-17 09:37:00+05:30,246.1,253.35,244.95,253.0,159380,3667885,7.296653,24216.25,24000.0,23950,ATM-4,CALL,24150,2026-07-17
2026-07-17 09:38:00+05:30,253.7,256.8,250.65,255.0,268580,3658070,6.59792,24221.55,24000.0,23950,ATM-4,CALL,24150,2026-07-17
2026-07-17 09:39:00+05:30,255.35,257.6,251.45,252.9,225875,3711175,6.633235,24219.15,24000.0,23950,ATM-4,CALL,24150,2026-07-17
2026-07-17 09:40:00+05:30,252.35,256.3,250.4,254.7,172575,3693625,6.646323,24221.05,24000.0,23950,ATM-4,CALL,24150,2026-07-17
2026-07-17 09:41:00+05:30,254.3,256.8,252.85,253.95,96850,3693625,6.099743,24222.2,24000.0,23950,ATM-4,CALL,24150,2026-07-17
2026-07-17 09:42:00+05:30,254.2,257.55,253.2,255.8,80210,3684200,5.919587,24224.7,24000.0,23950,ATM-4,CALL,24150,2026-07-17
2026-07-17 09:43:00+05:30,219.85,223.2,219.0,222.1,171210,1931735,8.138526,24225.15,24050.0,23950,ATM-4,CALL,24150,2026-07-17
2026-07-17 09:44:00+05:30,224.0,228.2,218.15,225.0,270205,1840735,7.779489,24231.3,24050.0,23950,ATM-4,CALL,24150,2026-07-17
2026-07-17 09:45:00+05:30,224.0,234.95,224.0,226.55,331955,1780220,7.580952,24234.5,24050.0,23950,ATM-4,CALL,24150,2026-07-17
2026-07-17 09:46:00+05:30,228.65,233.15,225.1,230.7,114660,1760135,7.240272,24241.45,24050.0,23950,ATM-4,CALL,24150,2026-07-17
2026-07-17 09:47:00+05:30,231.6,234.8,227.55,227.55,157235,1750255,7.479437,24236.35,24050.0,23950,ATM-4,CALL,24150,2026-07-17
2026-07-17 09:48:00+05:30,228.6,233.65,227.55,231.0,63440,1733875,7.52392,24240.05,24050.0,23950,ATM-4,CALL,24150,2026-07-17
2026-07-17 09:49:00+05:30,231.9,231.9,226.7,228.5,80470,1717495,7.573119,24236.85,24050.0,23950,ATM-4,CALL,24150,2026-07-17
2026-07-17 09:50:00+05:30,228.7,234.1,228.5,232.6,88660,1713010,7.314507,24243.2,24050.0,23950,ATM-4,CALL,24150,2026-07-17
2026-07-17 09:51:00+05:30,232.5,232.6,220.75,221.6,117585,1692860,7.56345,24228.9,24050.0,23950,ATM-4,CALL,24150,2026-07-17
2026-07-17 09:52:00+05:30,223.25,224.3,220.15,220.65,88985,1671800,7.245225,24229.95,24050.0,23950,ATM-4,CALL,24150,2026-07-17
2026-07-17 09:53:00+05:30,220.8,226.0,219.25,225.95,65520,1666535,7.693621,24233.1,24050.0,23950,ATM-4,CALL,24150,2026-07-17
2026-07-17 09:54:00+05:30,226.5,235.0,225.6,230.85,103675,1686360,7.512747,24240.0,24050.0,23950,ATM-4,CALL,24150,2026-07-17
2026-07-17 09:55:00+05:30,230.0,230.85,221.45,221.85,70980,1679860,7.421362,24230.2,24050.0,23950,ATM-4,CALL,24150,2026-07-17
2026-07-17 09:56:00+05:30,258.0,259.65,251.3,253.3,230295,3450655,5.559376,24223.1,24000.0,23950,ATM-4,CALL,24150,2026-07-17
2026-07-17 09:57:00+05:30,254.4,254.4,247.0,250.5,184470,3446495,5.869152,24219.35,24000.0,23950,ATM-4,CALL,24150,2026-07-17
2026-07-17 09:58:00+05:30,214.35,221.0,212.7,220.75,83005,1745445,7.406127,24229.05,24050.0,23950,ATM-4,CALL,24150,2026-07-17
2026-07-17 09:59:00+05:30,221.75,223.0,218.1,222.85,68120,1745900,7.787142,24228.85,24050.0,23950,ATM-4,CALL,24150,2026-07-17
2026-07-17 10:00:00+05:30,259.05,263.4,249.0,250.25,196950,3479645,4.617735,24221.65,24000.0,23950,ATM-4,CALL,24150,2026-07-17
2026-07-17 10:01:00+05:30,249.95,254.75,240.5,241.85,198835,3476330,5.050752,24212.35,24000.0,23950,ATM-4,CALL,24150,2026-07-17
2026-07-17 10:02:00+05:30,243.65,246.4,241.85,243.75,170300,3453385,3.381762,24215.9,24000.0,23950,ATM-4,CALL,24150,2026-07-17
2026-07-17 10:03:00+05:30,244.7,246.5,242.0,245.35,83655,3483155,5.513319,24214.95,24000.0,23950,ATM-4,CALL,24150,2026-07-17
2026-07-17 10:04:00+05:30,246.7,246.7,240.2,242.95,95745,3471000,4.391048,24214.5,24000.0,23950,ATM-4,CALL,24150,2026-07-17
2026-07-17 10:05:00+05:30,243.0,251.6,242.25,250.75,123110,3480165,5.188891,24221.3,24000.0,23950,ATM-4,CALL,24150,2026-07-17
2026-07-17 10:06:00+05:30,249.35,253.65,249.25,249.8,128050,3454230,0.0,24222.7,24000.0,23950,ATM-4,CALL,24150,2026-07-17
2026-07-17 10:07:00+05:30,213.3,216.35,212.4,215.5,28990,1702350,7.010603,24225.65,24050.0,23950,ATM-4,CALL,24150,2026-07-17
2026-07-17 10:08:00+05:30,215.4,217.75,213.0,217.75,41730,1705210,7.112037,24227.6,24050.0,23950,ATM-4,CALL,24150,2026-07-17
2026-07-17 10:09:00+05:30,217.7,224.1,217.7,219.9,107185,1684085,6.802891,24231.95,24050.0,23950,ATM-4,CALL,24150,2026-07-17
2026-07-17 10:10:00+05:30,219.8,221.5,217.6,218.4,32175,1690975,6.735349,24230.65,24050.0,23950,ATM-4,CALL,24150,2026-07-17
2026-07-17 10:11:00+05:30,218.65,220.35,217.0,220.35,35815,1699620,6.665523,24233.25,24050.0,23950,ATM-4,CALL,24150,2026-07-17
2026-07-17 10:12:00+05:30,221.0,229.55,220.35,229.55,133445,1705795,7.314787,24239.9,24050.0,23950,ATM-4,CALL,24150,2026-07-17
2026-07-17 10:13:00+05:30,229.15,233.5,229.15,230.7,137150,1664260,6.39878,24246.1,24050.0,23950,ATM-4,CALL,24150,2026-07-17
2026-07-17 10:14:00+05:30,230.0,230.7,224.1,224.25,73515,1662895,6.220115,24239.85,24050.0,23950,ATM-4,CALL,24150,2026-07-17
2026-07-17 10:15:00+05:30,224.95,231.4,224.0,231.1,66690,1670695,6.580039,24245.7,24050.0,23950,ATM-4,CALL,24150,2026-07-17
2026-07-17 10:16:00+05:30,231.2,234.0,230.85,231.1,63050,1662050,6.265836,24247.15,24050.0,23950,ATM-4,CALL,24150,2026-07-17
2026-07-17 10:17:00+05:30,231.9,243.5,231.1,242.25,147875,1652040,7.435878,24253.65,24050.0,23950,ATM-4,CALL,24150,2026-07-17
2026-07-17 10:18:00+05:30,239.75,274.9,239.75,270.6,509210,1529320,9.290216,24274.45,24050.0,23950,ATM-4,CALL,24150,2026-07-17
2026-07-17 10:19:00+05:30,271.5,274.7,259.05,263.05,178425,1425970,7.997715,24273.95,24050.0,23950,ATM-4,CALL,24150,2026-07-17
2026-07-17 10:20:00+05:30,262.85,268.0,256.55,256.8,113360,1406665,8.022538,24266.75,24050.0,23950,ATM-4,CALL,24150,2026-07-17
2026-07-17 10:21:00+05:30,257.65,260.65,255.45,257.05,38545,1402570,7.802763,24268.3,24050.0,23950,ATM-4,CALL,24150,2026-07-17
2026-07-17 10:22:00+05:30,256.0,257.85,252.1,252.7,47125,1401270,7.88031,24262.95,24050.0,23950,ATM-4,CALL,24150,2026-07-17
2026-07-17 10:23:00+05:30,252.55,252.7,247.85,250.0,44265,1396330,8.058327,24258.8,24050.0,23950,ATM-4,CALL,24150,2026-07-17
2026-07-17 10:24:00+05:30,249.7,250.05,246.1,249.85,33150,1398735,8.519082,24255.6,24050.0,23950,ATM-4,CALL,24150,2026-07-17
2026-07-17 10:25:00+05:30,250.4,255.65,247.2,254.05,47970,1403935,7.983296,24263.9,24050.0,23950,ATM-4,CALL,24150,2026-07-17
2026-07-17 10:26:00+05:30,253.9,254.8,250.95,252.85,35360,1417260,7.409059,24265.75,24050.0,23950,ATM-4,CALL,24150,2026-07-17
2026-07-17 10:27:00+05:30,254.0,257.9,252.85,254.75,50505,1419145,7.452277,24267.65,24050.0,23950,ATM-4,CALL,24150,2026-07-17
2026-07-17 10:28:00+05:30,255.85,261.35,254.75,260.5,56420,1412320,7.599346,24273.3,24050.0,23950,ATM-4,CALL,24150,2026-07-17
2026-07-17 10:29:00+05:30,223.65,232.4,223.05,231.3,288405,5314985,8.757658,24281.55,24100.0,23950,ATM-4,CALL,24150,2026-07-17
2026-07-17 10:30:00+05:30,230.8,231.45,225.1,228.85,241800,5247970,8.658399,24279.4,24100.0,23950,ATM-4,CALL,24150,2026-07-17
2026-07-17 10:31:00+05:30,229.65,234.0,228.85,233.7,270725,5236920,8.92569,24283.1,24100.0,23950,ATM-4,CALL,24150,2026-07-17
2026-07-17 10:32:00+05:30,233.05,240.3,232.35,232.65,435825,5207475,8.509729,24285.2,24100.0,23950,ATM-4,CALL,24150,2026-07-17
2026-07-17 10:33:00+05:30,232.6,232.65,226.85,230.0,265785,5208580,8.800878,24279.65,24100.0,23950,ATM-4,CALL,24150,2026-07-17
2026-07-17 10:34:00+05:30,230.3,234.8,229.3,234.3,97955,5212935,8.872926,24284.3,24100.0,23950,ATM-4,CALL,24150,2026-07-17
2026-07-17 10:35:00+05:30,272.0,272.0,257.0,257.7,46280,1363570,7.200874,24272.2,24050.0,23950,ATM-4,CALL,24150,2026-07-17
2026-07-17 10:36:00+05:30,257.5,259.2,255.0,257.8,27820,1357395,7.161116,24272.5,24050.0,23950,ATM-4,CALL,24150,2026-07-17
2026-07-17 10:37:00+05:30,258.1,258.75,252.4,252.65,25285,1360060,7.075054,24267.25,24050.0,23950,ATM-4,CALL,24150,2026-07-17
2026-07-17 10:38:00+05:30,252.65,255.6,249.15,253.65,36270,1363375,7.193341,24267.8,24050.0,23950,ATM-4,CALL,24150,2026-07-17
2026-07-17 10:39:00+05:30,254.95,255.8,251.95,251.95,17745,1372020,6.909256,24267.25,24050.0,23950,ATM-4,CALL,24150,2026-07-17
2026-07-17 10:40:00+05:30,251.8,255.2,250.35,255.0,12610,1374685,7.368812,24268.45,24050.0,23950,ATM-4,CALL,24150,2026-07-17
2026-07-17 10:41:00+05:30,254.55,256.0,252.95,255.6,16770,1381705,7.0229,24270.75,24050.0,23950,ATM-4,CALL,24150,2026-07-17
2026-07-17 10:42:00+05:30,255.4,257.6,252.9,254.55,72540,1384435,7.101712,24269.25,24050.0,23950,ATM-4,CALL,24150,2026-07-17
2026-07-17 10:43:00+05:30,253.75,254.55,238.55,239.3,129285,1404910,7.825545,24248.15,24050.0,23950,ATM-4,CALL,24150,2026-07-17
2026-07-17 10:44:00+05:30,243.9,246.75,239.3,243.65,54795,1410695,6.709037,24259.1,24050.0,23950,ATM-4,CALL,24150,2026-07-17
2026-07-17 10:45:00+05:30,244.2,245.5,237.0,237.0,59345,1427400,6.375957,24253.3,24050.0,23950,ATM-4,CALL,24150,2026-07-17
2026-07-17 10:46:00+05:30,236.75,240.3,235.0,238.25,49335,1426750,6.852382,24252.5,24050.0,23950,ATM-4,CALL,24150,2026-07-17
2026-07-17 10:47:00+05:30,239.0,242.9,237.2,242.3,25545,1433510,7.354893,24254.4,24050.0,23950,ATM-4,CALL,24150,2026-07-17
2026-07-17 10:48:00+05:30,241.2,242.3,236.8,236.8,14495,1434290,6.255471,24253.6,24050.0,23950,ATM-4,CALL,24150,2026-07-17
2026-07-17 10:49:00+05:30,237.7,238.6,234.6,235.05,20215,1434745,6.663907,24249.9,24050.0,23950,ATM-4,CALL,24150,2026-07-17
2026-07-17 10:50:00+05:30,234.75,239.5,233.8,237.1,33865,1437345,6.893498,24251.05,24050.0,23950,ATM-4,CALL,24150,2026-07-17
2026-07-17 10:51:00+05:30,236.15,237.1,232.05,232.65,26130,1435265,6.30695,24248.9,24050.0,23950,ATM-4,CALL,24150,2026-07-17
2026-07-17 10:52:00+05:30,232.05,235.7,230.1,235.35,26130,1434940,6.329307,24251.75,24050.0,23950,ATM-4,CALL,24150,2026-07-17
2026-07-17 10:53:00+05:30,236.0,241.85,235.35,240.8,69030,1443650,6.674163,24256.2,24050.0,23950,ATM-4,CALL,24150,2026-07-17
2026-07-17 10:54:00+05:30,240.2,241.0,232.65,235.65,72995,1423890,5.299454,24255.55,24050.0,23950,ATM-4,CALL,24150,2026-07-17
2026-07-17 10:55:00+05:30,235.9,236.2,232.0,236.2,28145,1429870,5.03234,24256.75,24050.0,23950,ATM-4,CALL,24150,2026-07-17
2026-07-17 10:56:00+05:30,237.0,241.95,235.6,239.9,69615,1434420,6.53575,24255.85,24050.0,23950,ATM-4,CALL,24150,2026-07-17
2026-07-17 10:57:00+05:30,239.9,240.35,235.45,238.05,21450,1418365,5.846383,24256.5,24050.0,23950,ATM-4,CALL,24150,2026-07-17
2026-07-17 10:58:00+05:30,237.65,241.75,237.65,241.25,28405,1419730,6.436887,24257.75,24050.0,23950,ATM-4,CALL,24150,2026-07-17
2026-07-17 10:59:00+05:30,241.9,241.9,239.0,239.75,23075,1417520,6.219406,24257.0,24050.0,23950,ATM-4,CALL,24150,2026-07-17
2026-07-17 11:00:00+05:30,239.6,244.75,238.5,241.5,29185,1410435,5.934056,24259.9,24050.0,23950,ATM-4,CALL,24150,2026-07-17
2026-07-17 11:01:00+05:30,242.0,244.3,237.0,237.9,32370,1411280,5.774223,24256.6,24050.0,23950,ATM-4,CALL,24150,2026-07-17
2026-07-17 11:02:00+05:30,237.9,237.9,231.55,232.0,35230,1397370,6.240271,24248.55,24050.0,23950,ATM-4,CALL,24150,2026-07-17
2026-07-17 11:03:00+05:30,232.95,237.0,232.0,236.2,19825,1398930,6.892959,24250.15,24050.0,23950,ATM-4,CALL,24150,2026-07-17
2026-07-17 11:04:00+05:30,237.0,241.05,236.1,241.05,12610,1399515,6.293035,24258.15,24050.0,23950,ATM-4,CALL,24150,2026-07-17
2026-07-17 11:05:00+05:30,241.75,245.0,240.65,243.05,40820,1406340,5.73353,24262.2,24050.0,23950,ATM-4,CALL,24150,2026-07-17
2026-07-17 11:06:00+05:30,241.25,244.25,238.4,244.25,43875,1416935,6.214749,24261.9,24050.0,23950,ATM-4,CALL,24150,2026-07-17
2026-07-17 11:07:00+05:30,244.5,244.5,230.3,231.7,52130,1415505,6.70058,24246.15,24050.0,23950,ATM-4,CALL,24150,2026-07-17
2026-07-17 11:08:00+05:30,230.75,231.7,224.05,228.1,83980,1403025,7.372439,24238.35,24050.0,23950,ATM-4,CALL,24150,2026-07-17
2026-07-17 11:09:00+05:30,228.5,230.65,226.2,229.4,31655,1404780,7.022359,24241.9,24050.0,23950,ATM-4,CALL,24150,2026-07-17
2026-07-17 11:10:00+05:30,229.15,230.0,224.55,225.65,25805,1406210,6.802662,24238.9,24050.0,23950,ATM-4,CALL,24150,2026-07-17
2026-07-17 11:11:00+05:30,225.0,229.95,225.0,228.75,35295,1414595,7.098669,24240.75,24050.0,23950,ATM-4,CALL,24150,2026-07-17
2026-07-17 11:12:00+05:30,228.4,229.15,226.5,228.8,15730,1416610,6.940668,24241.7,24050.0,23950,ATM-4,CALL,24150,2026-07-17
2026-07-17 11:13:00+05:30,228.8,228.85,222.4,224.25,43160,1410630,6.700886,24237.9,24050.0,23950,ATM-4,CALL,24150,2026-07-17
2026-07-17 11:14:00+05:30,224.45,229.35,222.4,227.7,22685,1399450,7.71764,24235.7,24050.0,23950,ATM-4,CALL,24150,2026-07-17
2026-07-17 11:15:00+05:30,226.8,228.9,225.4,227.25,18590,1397695,7.12154,24238.95,24050.0,23950,ATM-4,CALL,24150,2026-07-17
2026-07-17 11:16:00+05:30,227.4,227.85,221.3,222.6,29640,1400165,6.832937,24235.35,24050.0,23950,ATM-4,CALL,24150,2026-07-17
2026-07-17 11:17:00+05:30,222.1,227.0,222.1,224.15,40885,1403610,6.366192,24239.5,24050.0,23950,ATM-4,CALL,24150,2026-07-17
2026-07-17 11:18:00+05:30,222.95,224.4,219.65,220.95,26325,1400945,6.170215,24236.9,24050.0,23950,ATM-4,CALL,24150,2026-07-17
2026-07-17 11:19:00+05:30,220.1,225.2,219.35,224.15,21710,1392560,5.872259,24241.65,24050.0,23950,ATM-4,CALL,24150,2026-07-17
2026-07-17 11:20:00+05:30,224.2,225.5,222.95,224.25,23465,1398735,5.87595,24241.75,24050.0,23950,ATM-4,CALL,24150,2026-07-17
2026-07-17 11:21:00+05:30,223.75,224.7,222.15,224.5,13000,1402570,5.958271,24241.7,24050.0,23950,ATM-4,CALL,24150,2026-07-17
2026-07-17 11:22:00+05:30,224.8,232.1,224.5,229.7,53950,1393795,5.307586,24249.45,24050.0,23950,ATM-4,CALL,24150,2026-07-17
2026-07-17 11:23:00+05:30,229.75,229.75,221.0,222.25,57330,1408485,6.150011,24238.45,24050.0,23950,ATM-4,CALL,24150,2026-07-17
2026-07-17 11:24:00+05:30,222.2,229.65,219.8,228.15,96785,1462500,5.815408,24246.2,24050.0,23950,ATM-4,CALL,24150,2026-07-17
2026-07-17 11:25:00+05:30,228.55,229.35,224.05,224.7,38025,1462175,5.761807,24242.7,24050.0,23950,ATM-4,CALL,24150,2026-07-17
2026-07-17 11:26:00+05:30,225.6,226.2,221.9,225.35,13715,1468350,6.253812,24241.4,24050.0,23950,ATM-4,CALL,24150,2026-07-17
2026-07-17 11:27:00+05:30,225.95,228.2,225.35,226.7,34580,1470885,6.110731,24243.5,24050.0,23950,ATM-4,CALL,24150,2026-07-17
2026-07-17 11:28:00+05:30,227.1,228.0,225.3,226.95,4940,1469325,5.742901,24245.2,24050.0,23950,ATM-4,CALL,24150,2026-07-17
2026-07-17 11:29:00+05:30,226.9,231.6,226.25,226.25,20735,1466010,6.116474,24243.0,24050.0,23950,ATM-4,CALL,24150,2026-07-17
2026-07-17 11:30:00+05:30,226.55,229.2,225.5,226.7,18135,1468285,5.955237,24244.15,24050.0,23950,ATM-4,CALL,24150,2026-07-17
2026-07-17 11:31:00+05:30,226.6,227.7,224.0,227.7,10530,1467310,5.691604,24246.2,24050.0,23950,ATM-4,CALL,24150,2026-07-17
2026-07-17 11:32:00+05:30,227.85,229.0,225.0,226.2,10010,1464905,6.143818,24242.85,24050.0,23950,ATM-4,CALL,24150,2026-07-17
2026-07-17 11:33:00+05:30,227.0,229.65,223.65,228.6,22880,1464320,5.078578,24248.95,24050.0,23950,ATM-4,CALL,24150,2026-07-17
2026-07-17 11:34:00+05:30,229.3,235.55,228.6,231.2,132210,1392560,4.601712,24252.6,24050.0,23950,ATM-4,CALL,24150,2026-07-17
2026-07-17 11:35:00+05:30,231.55,237.95,231.2,237.0,62205,1401855,4.602844,24258.55,24050.0,23950,ATM-4,CALL,24150,2026-07-17
2026-07-17 11:36:00+05:30,236.6,238.85,230.1,231.5,42250,1410955,5.509749,24250.85,24050.0,23950,ATM-4,CALL,24150,2026-07-17
2026-07-17 11:37:00+05:30,232.15,233.6,226.5,227.8,60645,1397760,5.522471,24246.9,24050.0,23950,ATM-4,CALL,24150,2026-07-17
2026-07-17 11:38:00+05:30,228.0,234.05,227.7,234.05,16705,1402050,6.19467,24251.2,24050.0,23950,ATM-4,CALL,24150,2026-07-17
2026-07-17 11:39:00+05:30,233.5,237.1,232.9,237.0,54990,1412645,5.365854,24257.05,24050.0,23950,ATM-4,CALL,24150,2026-07-17
2026-07-17 11:40:00+05:30,237.05,238.05,233.85,237.35,27950,1428050,4.869673,24258.5,24050.0,23950,ATM-4,CALL,24150,2026-07-17
2026-07-17 11:41:00+05:30,237.5,242.15,237.35,241.75,74035,1426685,4.701491,24263.3,24050.0,23950,ATM-4,CALL,24150,2026-07-17
2026-07-17 11:42:00+05:30,242.55,243.6,238.05,238.05,37245,1428245,0.0,24261.4,24050.0,23950,ATM-4,CALL,24150,2026-07-17
2026-07-17 11:43:00+05:30,238.6,242.5,237.15,240.45,31655,1413165,4.617338,24262.1,24050.0,23950,ATM-4,CALL,24150,2026-07-17
2026-07-17 11:44:00+05:30,241.15,246.75,240.45,243.4,37570,1413165,0.0,24267.2,24050.0,23950,ATM-4,CALL,24150,2026-07-17
2026-07-17 11:45:00+05:30,243.4,247.0,243.4,245.45,73060,1396395,0.0,24271.55,24050.0,23950,ATM-4,CALL,24150,2026-07-17
2026-07-17 11:46:00+05:30,245.95,246.9,242.0,244.5,43225,1413165,0.0,24269.05,24050.0,23950,ATM-4,CALL,24150,2026-07-17
2026-07-17 11:47:00+05:30,244.9,244.9,239.35,242.95,32630,1406015,0.0,24266.35,24050.0,23950,ATM-4,CALL,24150,2026-07-17
2026-07-17 11:48:00+05:30,242.1,245.95,240.55,242.6,17485,1404195,0.0,24267.65,24050.0,23950,ATM-4,CALL,24150,2026-07-17
2026-07-17 11:49:00+05:30,243.05,244.8,242.15,242.15,6695,1402765,0.0,24267.65,24050.0,23950,ATM-4,CALL,24150,2026-07-17
2026-07-17 11:50:00+05:30,243.8,244.05,241.35,243.8,13260,1400230,0.0,24270.6,24050.0,23950,ATM-4,CALL,24150,2026-07-17
2026-07-17 11:51:00+05:30,244.5,247.65,243.8,245.0,31785,1406145,0.0,24272.35,24050.0,23950,ATM-4,CALL,24150,2026-07-17
2026-07-17 11:52:00+05:30,245.95,251.8,245.0,251.2,45500,1402570,3.077836,24273.85,24050.0,23950,ATM-4,CALL,24150,2026-07-17
2026-07-17 11:53:00+05:30,216.0,219.0,213.5,216.4,277095,5097365,6.795936,24278.7,24100.0,23950,ATM-4,CALL,24150,2026-07-17
2026-07-17 11:54:00+05:30,217.15,218.4,215.55,216.55,144885,5099510,6.774988,24279.0,24100.0,23950,ATM-4,CALL,24150,2026-07-17
2026-07-17 11:55:00+05:30,253.45,253.6,247.75,247.75,37570,1400620,0.0,24274.8,24050.0,23950,ATM-4,CALL,24150,2026-07-17
2026-07-17 11:56:00+05:30,211.3,218.0,208.55,215.55,243035,5083845,6.323056,24280.35,24100.0,23950,ATM-4,CALL,24150,2026-07-17
2026-07-17 11:57:00+05:30,216.85,218.35,214.9,215.2,110565,5072405,6.442063,24279.35,24100.0,23950,ATM-4,CALL,24150,2026-07-17
2026-07-17 11:58:00+05:30,251.2,251.75,246.7,247.55,28795,1406470,0.0,24275.0,24050.0,23950,ATM-4,CALL,24150,2026-07-17
2026-07-17 11:59:00+05:30,211.7,213.95,210.4,213.05,61620,5052320,6.272131,24277.85,24100.0,23950,ATM-4,CALL,24150,2026-07-17
2026-07-17 12:00:00+05:30,247.55,250.9,240.65,241.15,39715,1404520,0.0,24270.9,24050.0,23950,ATM-4,CALL,24150,2026-07-17
2026-07-17 12:01:00+05:30,242.25,244.5,239.1,241.3,30420,1395160,0.0,24268.15,24050.0,23950,ATM-4,CALL,24150,2026-07-17
2026-07-17 12:02:00+05:30,241.7,241.7,238.9,239.65,13650,1395225,0.0,24267.3,24050.0,23950,ATM-4,CALL,24150,2026-07-17
2026-07-17 12:03:00+05:30,205.3,211.95,203.5,211.95,141115,5051930,6.487905,24275.5,24100.0,23950,ATM-4,CALL,24150,2026-07-17
2026-07-17 12:04:00+05:30,248.0,250.2,247.0,248.75,20800,1395420,0.0,24274.85,24050.0,23950,ATM-4,CALL,24150,2026-07-17
2026-07-17 12:05:00+05:30,245.25,248.75,244.25,245.25,10985,1394705,0.0,24274.25,24050.0,23950,ATM-4,CALL,24150,2026-07-17
2026-07-17 12:06:00+05:30,245.3,245.3,239.15,240.55,36985,1400100,0.0,24267.8,24050.0,23950,ATM-4,CALL,24150,2026-07-17
2026-07-17 12:07:00+05:30,239.8,241.55,234.8,236.3,32955,1401140,0.0,24263.35,24050.0,23950,ATM-4,CALL,24150,2026-07-17
2026-07-17 12:08:00+05:30,237.0,240.65,235.0,239.8,16185,1400750,0.0,24268.1,24050.0,23950,ATM-4,CALL,24150,2026-07-17
2026-07-17 12:09:00+05:30,241.25,246.2,239.8,245.15,39585,1395225,0.0,24274.2,24050.0,23950,ATM-4,CALL,24150,2026-07-17
2026-07-17 12:10:00+05:30,246.0,249.7,245.15,247.0,33150,1398995,0.0,24274.0,24050.0,23950,ATM-4,CALL,24150,2026-07-17
2026-07-17 12:11:00+05:30,246.45,247.0,241.75,242.9,24895,1396850,0.0,24271.55,24050.0,23950,ATM-4,CALL,24150,2026-07-17
2026-07-17 12:12:00+05:30,206.8,210.6,205.6,209.0,56160,5033470,5.761493,24275.9,24100.0,23950,ATM-4,CALL,24150,2026-07-17
2026-07-17 12:13:00+05:30,245.7,247.85,240.35,241.45,13130,1399970,0.0,24270.5,24050.0,23950,ATM-4,CALL,24150,2026-07-17
2026-07-17 12:14:00+05:30,205.7,211.65,205.7,210.05,74035,5042180,5.876445,24276.55,24100.0,23950,ATM-4,CALL,24150,2026-07-17
2026-07-17 12:15:00+05:30,211.5,212.1,209.85,212.0,66950,5042180,5.429523,24280.5,24100.0,23950,ATM-4,CALL,24150,2026-07-17
2026-07-17 12:16:00+05:30,248.25,249.5,240.0,241.7,39325,1400490,0.0,24274.3,24050.0,23950,ATM-4,CALL,24150,2026-07-17
2026-07-17 12:17:00+05:30,242.05,242.05,236.7,241.2,28080,1398475,0.0,24272.2,24050.0,23950,ATM-4,CALL,24150,2026-07-17
2026-07-17 12:18:00+05:30,205.4,210.0,203.75,209.9,101335,5041010,6.039184,24275.65,24100.0,23950,ATM-4,CALL,24150,2026-07-17
2026-07-17 12:19:00+05:30,210.05,210.05,206.6,206.6,44850,5007665,5.231032,24275.45,24100.0,23950,ATM-4,CALL,24150,2026-07-17
2026-07-17 12:20:00+05:30,206.6,211.0,206.6,210.0,44980,5002400,4.650455,24280.75,24100.0,23950,ATM-4,CALL,24150,2026-07-17
2026-07-17 12:21:00+05:30,210.0,210.45,207.0,207.85,40625,4999020,4.16383,24279.5,24100.0,23950,ATM-4,CALL,24150,2026-07-17
2026-07-17 12:22:00+05:30,243.55,244.15,239.45,244.15,16120,1398670,0.0,24271.9,24050.0,23950,ATM-4,CALL,24150,2026-07-17
2026-07-17 12:23:00+05:30,208.35,214.55,207.8,212.7,145145,4987515,5.497913,24281.05,24100.0,23950,ATM-4,CALL,24150,2026-07-17
2026-07-17 12:24:00+05:30,213.3,214.9,211.05,212.8,104650,4971200,5.333941,24281.75,24100.0,23950,ATM-4,CALL,24150,2026-07-17
2026-07-17 12:25:00+05:30,213.6,220.2,212.8,214.15,294580,4975555,6.381896,24278.7,24100.0,23950,ATM-4,CALL,24150,2026-07-17
2026-07-17 12:26:00+05:30,214.65,216.0,210.45,210.45,109850,4947150,5.824912,24277.3,24100.0,23950,ATM-4,CALL,24150,2026-07-17
2026-07-17 12:27:00+05:30,212.05,216.35,210.45,213.15,70915,4936425,6.194962,24278.55,24100.0,23950,ATM-4,CALL,24150,2026-07-17
2026-07-17 12:28:00+05:30,213.5,215.8,212.7,214.0,49985,4937725,6.505013,24277.9,24100.0,23950,ATM-4,CALL,24150,2026-07-17
2026-07-17 12:29:00+05:30,213.6,214.35,210.2,212.05,56095,4936425,6.132987,24277.65,24100.0,23950,ATM-4,CALL,24150,2026-07-17
2026-07-17 12:30:00+05:30,245.3,247.8,244.05,246.1,26910,1386190,0.0,24274.55,24050.0,23950,ATM-4,CALL,24150,2026-07-17
2026-07-17 12:31:00+05:30,210.9,213.45,209.3,212.6,54535,4916405,6.365282,24277.1,24100.0,23950,ATM-4,CALL,24150,2026-07-17
2026-07-17 12:32:00+05:30,250.0,250.95,245.65,245.65,8840,1382420,0.0,24273.75,24050.0,23950,ATM-4,CALL,24150,2026-07-17
2026-07-17 12:33:00+05:30,210.25,214.5,209.75,214.45,57720,4892225,6.107522,24280.45,24100.0,23950,ATM-4,CALL,24150,2026-07-17
2026-07-17 12:34:00+05:30,214.2,216.6,213.75,214.3,121420,4883320,5.918716,24281.15,24100.0,23950,ATM-4,CALL,24150,2026-07-17
2026-07-17 12:35:00+05:30,213.7,215.55,213.0,213.15,50375,4875585,5.58005,24281.3,24100.0,23950,ATM-4,CALL,24150,2026-07-17
2026-07-17 12:36:00+05:30,213.65,215.0,212.6,212.85,35425,4863430,5.399237,24281.65,24100.0,23950,ATM-4,CALL,24150,2026-07-17
2026-07-17 12:37:00+05:30,213.15,214.75,210.1,210.1,60255,4866095,5.346141,24278.9,24100.0,23950,ATM-4,CALL,24150,2026-07-17
2026-07-17 12:38:00+05:30,210.0,211.9,207.25,209.9,85215,4862455,5.399262,24278.5,24100.0,23950,ATM-4,CALL,24150,2026-07-17
2026-07-17 12:39:00+05:30,210.6,211.7,208.7,209.65,40560,4859790,5.528078,24277.75,24100.0,23950,ATM-4,CALL,24150,2026-07-17
2026-07-17 12:40:00+05:30,245.35,246.4,240.5,240.5,16250,1380405,0.0,24266.55,24050.0,23950,ATM-4,CALL,24150,2026-07-17
2026-07-17 12:41:00+05:30,240.75,243.45,235.5,243.25,36725,1377285,0.0,24269.05,24050.0,23950,ATM-4,CALL,24150,2026-07-17
2026-07-17 12:42:00+05:30,207.2,212.3,207.2,212.3,142935,4844970,5.650753,24280.15,24100.0,23950,ATM-4,CALL,24150,2026-07-17
2026-07-17 12:43:00+05:30,249.0,249.0,242.6,244.35,25610,1372215,0.0,24275.0,24050.0,23950,ATM-4,CALL,24150,2026-07-17
2026-07-17 12:44:00+05:30,208.2,211.7,207.9,210.75,52195,4841200,5.979842,24277.05,24100.0,23950,ATM-4,CALL,24150,2026-07-17
2026-07-17 12:45:00+05:30,212.2,219.0,210.75,217.7,259090,4837365,6.238082,24283.5,24100.0,23950,ATM-4,CALL,24150,2026-07-17
2026-07-17 12:46:00+05:30,217.05,217.7,213.5,214.5,78520,4855630,5.727608,24282.25,24100.0,23950,ATM-4,CALL,24150,2026-07-17
2026-07-17 12:47:00+05:30,215.0,217.0,214.25,216.6,54275,4863690,5.134836,24286.55,24100.0,23950,ATM-4,CALL,24150,2026-07-17
2026-07-17 12:48:00+05:30,216.75,219.55,215.5,219.25,141570,4871230,5.765129,24287.25,24100.0,23950,ATM-4,CALL,24150,2026-07-17
2026-07-17 12:49:00+05:30,222.2,235.0,219.25,229.5,682305,4871230,6.767545,24294.0,24100.0,23950,ATM-4,CALL,24150,2026-07-17
2026-07-17 12:50:00+05:30,227.05,229.5,214.45,214.45,507455,4872725,5.354352,24283.6,24100.0,23950,ATM-4,CALL,24150,2026-07-17
2026-07-17 12:51:00+05:30,212.5,216.9,211.75,215.8,292565,4846140,6.257432,24281.35,24100.0,23950,ATM-4,CALL,24150,2026-07-17
2026-07-17 12:52:00+05:30,215.0,216.0,211.05,212.0,87230,4841005,5.68555,24279.75,24100.0,23950,ATM-4,CALL,24150,2026-07-17
2026-07-17 12:53:00+05:30,247.9,249.0,241.8,244.35,41795,1339975,0.0,24272.5,24050.0,23950,ATM-4,CALL,24150,2026-07-17
2026-07-17 12:54:00+05:30,244.3,244.35,240.1,241.1,20995,1331070,0.0,24273.9,24050.0,23950,ATM-4,CALL,24150,2026-07-17
2026-07-17 12:55:00+05:30,242.5,246.75,239.4,240.05,39455,1332890,0.0,24271.2,24050.0,23950,ATM-4,CALL,24150,2026-07-17
2026-07-17 12:56:00+05:30,239.5,245.0,239.5,244.05,13130,1327755,0.0,24274.55,24050.0,23950,ATM-4,CALL,24150,2026-07-17
2026-07-17 12:57:00+05:30,209.0,214.95,208.0,211.65,141375,4849845,5.439587,24280.35,24100.0,23950,ATM-4,CALL,24150,2026-07-17
2026-07-17 12:58:00+05:30,211.25,214.2,209.35,209.5,85930,4854655,5.181327,24278.95,24100.0,23950,ATM-4,CALL,24150,2026-07-17
2026-07-17 12:59:00+05:30,210.25,215.0,209.5,214.0,71695,4860765,5.316969,24283.3,24100.0,23950,ATM-4,CALL,24150,2026-07-17
2026-07-17 13:00:00+05:30,217.0,218.3,212.85,213.6,94380,4853680,5.340865,24282.8,24100.0,23950,ATM-4,CALL,24150,2026-07-17
2026-07-17 13:01:00+05:30,214.5,219.4,213.6,215.0,89115,4860765,5.499937,24283.75,24100.0,23950,ATM-4,CALL,24150,2026-07-17
2026-07-17 13:02:00+05:30,215.6,215.7,210.5,210.5,75335,4870515,5.570438,24278.65,24100.0,23950,ATM-4,CALL,24150,2026-07-17
2026-07-17 13:03:00+05:30,210.5,213.2,208.4,211.0,73190,4867720,5.141698,24280.7,24100.0,23950,ATM-4,CALL,24150,2026-07-17
2026-07-17 13:04:00+05:30,210.95,214.0,210.85,211.95,44655,4867525,5.666704,24279.85,24100.0,23950,ATM-4,CALL,24150,2026-07-17
2026-07-17 13:05:00+05:30,211.9,211.95,209.35,211.2,31590,4869215,5.08431,24281.1,24100.0,23950,ATM-4,CALL,24150,2026-07-17
2026-07-17 13:06:00+05:30,210.8,213.0,210.0,212.75,35685,4865900,4.611545,24283.95,24100.0,23950,ATM-4,CALL,24150,2026-07-17
2026-07-17 13:07:00+05:30,212.7,214.75,206.5,207.05,194480,4859140,5.164772,24276.45,24100.0,23950,ATM-4,CALL,24150,2026-07-17
2026-07-17 13:08:00+05:30,207.35,210.45,207.05,209.25,51610,4841655,4.842647,24279.75,24100.0,23950,ATM-4,CALL,24150,2026-07-17
2026-07-17 13:09:00+05:30,209.25,210.45,207.5,208.55,31005,4837950,5.182851,24278.0,24100.0,23950,ATM-4,CALL,24150,2026-07-17
2026-07-17 13:10:00+05:30,208.9,210.3,208.2,209.6,38025,4836325,5.063261,24279.5,24100.0,23950,ATM-4,CALL,24150,2026-07-17
2026-07-17 13:11:00+05:30,209.45,211.8,208.25,208.25,61750,4839055,4.610322,24279.3,24100.0,23950,ATM-4,CALL,24150,2026-07-17
2026-07-17 13:12:00+05:30,208.8,210.15,205.7,205.7,72410,4842305,4.279506,24277.35,24100.0,23950,ATM-4,CALL,24150,2026-07-17
2026-07-17 13:13:00+05:30,205.1,209.95,205.1,209.15,44850,4843800,5.766527,24276.45,24100.0,23950,ATM-4,CALL,24150,2026-07-17
2026-07-17 13:14:00+05:30,209.8,212.6,209.0,210.85,71110,4844450,4.346236,24282.55,24100.0,23950,ATM-4,CALL,24150,2026-07-17
2026-07-17 13:15:00+05:30,246.5,246.8,234.55,238.0,60970,1323270,0.0,24271.9,24050.0,23950,ATM-4,CALL,24150,2026-07-17
2026-07-17 13:16:00+05:30,237.35,240.55,237.35,239.65,13195,1301885,0.0,24272.8,24050.0,23950,ATM-4,CALL,24150,2026-07-17
2026-07-17 13:17:00+05:30,203.95,205.3,201.9,204.7,63180,4842175,4.701442,24275.4,24100.0,23950,ATM-4,CALL,24150,2026-07-17
2026-07-17 13:18:00+05:30,240.5,244.0,238.65,241.0,15275,1313780,0.0,24272.55,24050.0,23950,ATM-4,CALL,24150,2026-07-17
2026-07-17 13:19:00+05:30,240.15,241.0,236.3,237.6,10140,1311895,0.0,24274.35,24050.0,23950,ATM-4,CALL,24150,2026-07-17
2026-07-17 13:20:00+05:30,202.3,206.35,201.85,204.55,77415,4842825,3.378302,24277.3,24100.0,23950,ATM-4,CALL,24150,2026-07-17
2026-07-17 13:21:00+05:30,203.6,204.8,201.35,201.45,54925,4837560,0.0,24277.45,24100.0,23950,ATM-4,CALL,24150,2026-07-17
2026-07-17 13:22:00+05:30,238.25,239.0,236.8,238.6,4745,1315080,0.0,24274.35,24050.0,23950,ATM-4,CALL,24150,2026-07-17
2026-07-17 13:23:00+05:30,239.0,239.8,234.75,235.95,8385,1316445,0.0,24269.05,24050.0,23950,ATM-4,CALL,24150,2026-07-17
2026-07-17 13:24:00+05:30,236.6,238.65,230.1,231.4,46800,1310790,0.0,24266.45,24050.0,23950,ATM-4,CALL,24150,2026-07-17
2026-07-17 13:25:00+05:30,231.35,236.7,227.45,236.7,39715,1306370,0.0,24268.65,24050.0,23950,ATM-4,CALL,24150,2026-07-17
2026-07-17 13:26:00+05:30,237.1,238.0,230.55,231.35,17160,1304160,0.0,24265.0,24050.0,23950,ATM-4,CALL,24150,2026-07-17
2026-07-17 13:27:00+05:30,231.2,232.0,227.85,227.85,11505,1304615,0.0,24261.85,24050.0,23950,ATM-4,CALL,24150,2026-07-17
2026-07-17 13:28:00+05:30,228.45,230.55,227.2,229.55,13455,1305590,0.0,24260.65,24050.0,23950,ATM-4,CALL,24150,2026-07-17
2026-07-17 13:29:00+05:30,229.4,235.2,229.4,231.8,17485,1310985,0.0,24267.3,24050.0,23950,ATM-4,CALL,24150,2026-07-17
2026-07-17 13:30:00+05:30,232.75,235.0,231.35,234.0,21710,1316640,0.0,24269.75,24050.0,23950,ATM-4,CALL,24150,2026-07-17
2026-07-17 13:31:00+05:30,234.9,238.45,231.35,232.95,28730,1313650,0.0,24268.05,24050.0,23950,ATM-4,CALL,24150,2026-07-17
2026-07-17 13:32:00+05:30,233.0,234.35,228.75,232.3,14820,1310465,0.0,24266.5,24050.0,23950,ATM-4,CALL,24150,2026-07-17
2026-07-17 13:33:00+05:30,231.85,232.3,228.85,229.9,7605,1307345,0.0,24263.95,24050.0,23950,ATM-4,CALL,24150,2026-07-17
2026-07-17 13:34:00+05:30,231.0,233.7,228.75,232.3,15145,1306565,0.0,24265.7,24050.0,23950,ATM-4,CALL,24150,2026-07-17
2026-07-17 13:35:00+05:30,233.0,236.35,232.3,234.5,17615,1303835,0.0,24267.6,24050.0,23950,ATM-4,CALL,24150,2026-07-17
2026-07-17 13:36:00+05:30,234.8,240.1,234.5,234.7,47125,1309685,0.0,24269.8,24050.0,23950,ATM-4,CALL,24150,2026-07-17
2026-07-17 13:37:00+05:30,235.1,237.45,229.2,229.2,28080,1305460,0.0,24264.7,24050.0,23950,ATM-4,CALL,24150,2026-07-17
2026-07-17 13:38:00+05:30,230.65,231.35,228.4,228.75,14040,1299220,0.0,24265.8,24050.0,23950,ATM-4,CALL,24150,2026-07-17
2026-07-17 13:39:00+05:30,229.7,232.9,228.75,230.7,15665,1301820,0.0,24269.5,24050.0,23950,ATM-4,CALL,24150,2026-07-17
2026-07-17 13:40:00+05:30,231.35,231.35,221.85,223.1,46670,1312740,0.0,24258.25,24050.0,23950,ATM-4,CALL,24150,2026-07-17
2026-07-17 13:41:00+05:30,223.65,225.5,217.15,225.3,48425,1301365,0.0,24254.65,24050.0,23950,ATM-4,CALL,24150,2026-07-17
2026-07-17 13:42:00+05:30,226.5,226.55,218.3,220.95,28275,1298960,0.0,24251.2,24050.0,23950,ATM-4,CALL,24150,2026-07-17
2026-07-17 13:43:00+05:30,219.9,220.95,217.3,220.1,31200,1297660,0.0,24248.35,24050.0,23950,ATM-4,CALL,24150,2026-07-17
2026-07-17 13:44:00+05:30,220.0,222.75,216.0,220.8,23660,1296620,0.0,24254.25,24050.0,23950,ATM-4,CALL,24150,2026-07-17
2026-07-17 13:45:00+05:30,220.3,221.85,218.1,221.15,18395,1300000,0.0,24252.4,24050.0,23950,ATM-4,CALL,24150,2026-07-17
2026-07-17 13:46:00+05:30,220.4,221.15,210.15,210.15,40560,1297985,0.0,24245.1,24050.0,23950,ATM-4,CALL,24150,2026-07-17
2026-07-17 13:47:00+05:30,212.45,212.55,205.1,206.95,75855,1285245,0.0,24238.7,24050.0,23950,ATM-4,CALL,24150,2026-07-17
2026-07-17 13:48:00+05:30,209.15,212.6,206.95,211.8,64480,1293890,0.0,24247.05,24050.0,23950,ATM-4,CALL,24150,2026-07-17
2026-07-17 13:49:00+05:30,212.05,213.0,207.3,207.3,38740,1298245,0.0,24239.95,24050.0,23950,ATM-4,CALL,24150,2026-07-17
2026-07-17 13:50:00+05:30,207.6,208.65,202.65,204.2,60255,1302405,3.52152,24227.05,24050.0,23950,ATM-4,CALL,24150,2026-07-17
2026-07-17 13:51:00+05:30,240.3,241.35,229.3,233.5,255125,3059225,0.0,24215.95,24000.0,23950,ATM-4,CALL,24150,2026-07-17
2026-07-17 13:52:00+05:30,233.35,238.6,233.35,235.0,186810,3123250,0.0,24222.35,24000.0,23950,ATM-4,CALL,24150,2026-07-17
2026-07-17 13:53:00+05:30,199.6,202.3,198.6,201.55,34385,1312415,0.0,24229.25,24050.0,23950,ATM-4,CALL,24150,2026-07-17
2026-07-17 13:54:00+05:30,202.8,205.35,200.25,204.8,131430,1323920,0.0,24232.0,24050.0,23950,ATM-4,CALL,24150,2026-07-17
2026-07-17 13:55:00+05:30,203.8,208.6,201.55,207.15,79170,1379430,0.0,24236.5,24050.0,23950,ATM-4,CALL,24150,2026-07-17
2026-07-17 13:56:00+05:30,206.0,207.15,202.45,205.1,32175,1368835,0.0,24232.75,24050.0,23950,ATM-4,CALL,24150,2026-07-17
2026-07-17 13:57:00+05:30,205.1,208.4,204.7,206.75,60060,1379560,0.0,24233.7,24050.0,23950,ATM-4,CALL,24150,2026-07-17
2026-07-17 13:58:00+05:30,208.0,210.4,205.8,209.2,46410,1385800,0.0,24237.6,24050.0,23950,ATM-4,CALL,24150,2026-07-17
2026-07-17 13:59:00+05:30,210.0,225.0,209.2,222.15,223795,1370590,0.0,24250.1,24050.0,23950,ATM-4,CALL,24150,2026-07-17
2026-07-17 14:00:00+05:30,219.7,223.4,217.35,221.4,75920,1319240,0.0,24248.8,24050.0,23950,ATM-4,CALL,24150,2026-07-17
2026-07-17 14:01:00+05:30,221.15,222.0,216.35,219.95,59020,1318655,0.0,24246.8,24050.0,23950,ATM-4,CALL,24150,2026-07-17
2026-07-17 14:02:00+05:30,219.75,219.95,214.0,215.85,28470,1321970,0.0,24243.6,24050.0,23950,ATM-4,CALL,24150,2026-07-17
2026-07-17 14:03:00+05:30,216.65,219.6,215.0,219.05,15665,1320085,0.0,24246.25,24050.0,23950,ATM-4,CALL,24150,2026-07-17
2026-07-17 14:04:00+05:30,219.7,223.45,219.05,220.85,41145,1319305,0.0,24250.35,24050.0,23950,ATM-4,CALL,24150,2026-07-17
2026-07-17 14:05:00+05:30,221.7,226.4,220.85,224.0,58565,1316445,0.0,24254.7,24050.0,23950,ATM-4,CALL,24150,2026-07-17
2026-07-17 14:06:00+05:30,223.2,224.7,218.15,218.15,41405,1314625,0.0,24249.65,24050.0,23950,ATM-4,CALL,24150,2026-07-17
2026-07-17 14:07:00+05:30,218.2,221.0,217.75,220.65,28340,1308840,0.0,24251.05,24050.0,23950,ATM-4,CALL,24150,2026-07-17
2026-07-17 14:08:00+05:30,220.65,222.35,217.2,219.45,16120,1314430,0.0,24251.1,24050.0,23950,ATM-4,CALL,24150,2026-07-17
2026-07-17 14:09:00+05:30,219.1,221.65,219.1,221.0,6305,1315340,0.0,24252.95,24050.0,23950,ATM-4,CALL,24150,2026-07-17
2026-07-17 14:10:00+05:30,222.4,223.95,220.45,222.7,25025,1314690,0.0,24254.0,24050.0,23950,ATM-4,CALL,24150,2026-07-17
2026-07-17 14:11:00+05:30,223.65,232.15,222.7,232.15,89700,1304485,0.0,24265.25,24050.0,23950,ATM-4,CALL,24150,2026-07-17
2026-07-17 14:12:00+05:30,232.3,239.0,230.75,236.45,100230,1295450,0.0,24271.6,24050.0,23950,ATM-4,CALL,24150,2026-07-17
2026-07-17 14:13:00+05:30,200.6,211.6,200.6,209.4,561665,4428255,5.736298,24277.25,24100.0,23950,ATM-4,CALL,24150,2026-07-17
2026-07-17 14:14:00+05:30,210.25,217.95,208.9,217.0,477425,4382430,6.785003,24280.55,24100.0,23950,ATM-4,CALL,24150,2026-07-17
2026-07-17 14:15:00+05:30,182.75,241.85,182.2,241.0,1763385,4104295,8.750487,24345.4,24150.0,23950,ATM-4,CALL,24150,2026-07-17
2026-07-17 14:16:00+05:30,246.3,262.65,229.35,261.55,1523275,3515915,9.686951,24362.9,24150.0,23950,ATM-4,CALL,24150,2026-07-17
2026-07-17 14:17:00+05:30,261.85,266.3,242.45,244.95,636935,3386890,9.107413,24347.45,24150.0,23950,ATM-4,CALL,24150,2026-07-17
2026-07-17 14:18:00+05:30,237.3,244.95,228.7,229.55,453960,3390920,8.623041,24332.7,24150.0,23950,ATM-4,CALL,24150,2026-07-17
2026-07-17 14:19:00+05:30,265.25,267.4,244.75,245.3,393900,3900910,7.514912,24308.45,24100.0,23950,ATM-4,CALL,24150,2026-07-17
2026-07-17 14:20:00+05:30,246.4,255.7,244.8,245.4,452465,3839030,6.624767,24312.75,24100.0,23950,ATM-4,CALL,24150,2026-07-17
2026-07-17 14:21:00+05:30,245.0,250.7,239.25,242.0,297440,3825965,6.555471,24309.35,24100.0,23950,ATM-4,CALL,24150,2026-07-17
2026-07-17 14:22:00+05:30,241.8,242.0,230.05,230.05,188760,3816345,5.236371,24300.95,24100.0,23950,ATM-4,CALL,24150,2026-07-17
2026-07-17 14:23:00+05:30,229.35,234.05,226.65,226.65,207480,3821350,6.528269,24292.7,24100.0,23950,ATM-4,CALL,24150,2026-07-17
2026-07-17 14:24:00+05:30,228.3,231.9,225.0,230.8,152165,3815825,6.289058,24298.3,24100.0,23950,ATM-4,CALL,24150,2026-07-17
2026-07-17 14:25:00+05:30,231.0,243.7,229.8,241.7,275600,3806335,6.956092,24307.3,24100.0,23950,ATM-4,CALL,24150,2026-07-17
2026-07-17 14:26:00+05:30,240.3,248.55,240.1,246.0,270010,3790995,7.125978,24311.25,24100.0,23950,ATM-4,CALL,24150,2026-07-17
2026-07-17 14:27:00+05:30,244.15,247.6,242.45,245.4,138385,3777475,7.050661,24310.95,24100.0,23950,ATM-4,CALL,24150,2026-07-17
2026-07-17 14:28:00+05:30,248.1,253.0,245.25,246.2,231920,3744910,7.520837,24309.5,24100.0,23950,ATM-4,CALL,24150,2026-07-17
2026-07-17 14:29:00+05:30,246.0,246.2,222.35,225.55,374725,3732300,7.300269,24287.4,24100.0,23950,ATM-4,CALL,24150,2026-07-17
2026-07-17 14:30:00+05:30,226.5,240.9,225.55,239.9,238290,3706495,7.100365,24304.65,24100.0,23950,ATM-4,CALL,24150,2026-07-17
2026-07-17 14:31:00+05:30,238.75,241.0,232.6,233.85,107770,3704350,6.6097,24300.3,24100.0,23950,ATM-4,CALL,24150,2026-07-17
2026-07-17 14:32:00+05:30,233.55,237.0,230.4,231.75,72995,3692585,6.346444,24299.15,24100.0,23950,ATM-4,CALL,24150,2026-07-17
2026-07-17 14:33:00+05:30,232.6,235.65,230.15,234.9,82225,3702400,7.726759,24295.55,24100.0,23950,ATM-4,CALL,24150,2026-07-17
2026-07-17 14:34:00+05:30,233.9,238.3,232.65,236.25,59475,3695900,7.576903,24298.0,24100.0,23950,ATM-4,CALL,24150,2026-07-17
2026-07-17 14:35:00+05:30,236.25,237.0,233.8,234.0,37245,3698110,6.996061,24298.65,24100.0,23950,ATM-4,CALL,24150,2026-07-17
2026-07-17 14:36:00+05:30,234.85,234.85,228.7,231.5,82745,3696485,7.467723,24293.25,24100.0,23950,ATM-4,CALL,24150,2026-07-17
2026-07-17 14:37:00+05:30,230.65,234.0,228.65,230.85,83005,3704545,7.377062,24293.05,24100.0,23950,ATM-4,CALL,24150,2026-07-17
2026-07-17 14:38:00+05:30,230.3,237.6,227.4,234.65,98865,3702400,7.083515,24298.95,24100.0,23950,ATM-4,CALL,24150,2026-07-17
2026-07-17 14:39:00+05:30,234.6,236.0,232.0,234.95,52000,3711240,7.343479,24297.9,24100.0,23950,ATM-4,CALL,24150,2026-07-17
2026-07-17 14:40:00+05:30,234.9,239.8,234.85,236.45,105885,3707080,6.875119,24302.0,24100.0,23950,ATM-4,CALL,24150,2026-07-17
2026-07-17 14:41:00+05:30,235.2,245.5,234.0,245.4,124995,3707730,6.873999,24311.85,24100.0,23950,ATM-4,CALL,24150,2026-07-17
2026-07-17 14:42:00+05:30,245.25,246.35,240.0,244.0,118755,3702205,6.856994,24310.4,24100.0,23950,ATM-4,CALL,24150,2026-07-17
2026-07-17 14:43:00+05:30,244.6,250.25,243.05,244.05,152945,3695055,6.457793,24312.1,24100.0,23950,ATM-4,CALL,24150,2026-07-17
2026-07-17 14:44:00+05:30,244.2,253.0,244.05,249.55,124280,3684265,6.55917,24317.65,24100.0,23950,ATM-4,CALL,24150,2026-07-17
2026-07-17 14:45:00+05:30,250.5,251.1,247.0,248.0,96330,3668535,5.352162,24319.5,24100.0,23950,ATM-4,CALL,24150,2026-07-17
2026-07-17 14:46:00+05:30,212.1,218.75,209.5,216.9,261365,3199885,7.659426,24325.05,24150.0,23950,ATM-4,CALL,24150,2026-07-17
2026-07-17 14:47:00+05:30,252.45,254.75,249.0,250.0,59150,3659890,5.343291,24321.6,24100.0,23950,ATM-4,CALL,24150,2026-07-17
2026-07-17 14:48:00+05:30,251.0,251.35,245.3,251.35,81575,3650075,6.378683,24320.25,24100.0,23950,ATM-4,CALL,24150,2026-07-17
2026-07-17 14:49:00+05:30,250.1,252.8,248.8,248.8,56745,3645005,0.0,24324.0,24100.0,23950,ATM-4,CALL,24150,2026-07-17
2026-07-17 14:50:00+05:30,249.2,251.0,243.3,247.4,94835,3637075,4.676819,24320.0,24100.0,23950,ATM-4,CALL,24150,2026-07-17
2026-07-17 14:51:00+05:30,247.4,250.9,243.4,245.15,52715,3630835,5.111387,24317.05,24100.0,23950,ATM-4,CALL,24150,2026-07-17
2026-07-17 14:52:00+05:30,245.2,248.7,244.8,246.65,53040,3624335,4.330847,24319.6,24100.0,23950,ATM-4,CALL,24150,2026-07-17
2026-07-17 14:53:00+05:30,245.65,246.65,240.65,246.35,91195,3609515,0.0,24320.5,24100.0,23950,ATM-4,CALL,24150,2026-07-17
2026-07-17 14:54:00+05:30,245.0,246.35,240.75,246.05,40170,3603990,0.0,24320.95,24100.0,23950,ATM-4,CALL,24150,2026-07-17
2026-07-17 14:55:00+05:30,208.9,215.0,207.05,214.85,145795,2996240,6.941207,24327.4,24150.0,23950,ATM-4,CALL,24150,2026-07-17
2026-07-17 14:56:00+05:30,255.75,258.5,246.15,249.5,227825,3590730,0.0,24324.9,24100.0,23950,ATM-4,CALL,24150,2026-07-17
2026-07-17 14:57:00+05:30,250.3,250.95,245.05,247.3,72800,3588325,0.0,24321.6,24100.0,23950,ATM-4,CALL,24150,2026-07-17
2026-07-17 14:58:00+05:30,247.5,247.5,242.0,245.25,64805,3583710,5.71794,24315.85,24100.0,23950,ATM-4,CALL,24150,2026-07-17
2026-07-17 14:59:00+05:30,245.35,246.3,238.85,240.0,66365,3580525,5.124426,24311.75,24100.0,23950,ATM-4,CALL,24150,2026-07-17
2026-07-17 15:00:00+05:30,240.65,253.8,235.15,250.5,273455,3553355,4.08237,24323.7,24100.0,23950,ATM-4,CALL,24150,2026-07-17
2026-07-17 15:01:00+05:30,218.2,225.0,212.2,216.45,435760,2902640,7.522717,24325.6,24150.0,23950,ATM-4,CALL,24150,2026-07-17
2026-07-17 15:02:00+05:30,252.15,253.95,245.75,250.0,71565,3535870,0.0,24324.35,24100.0,23950,ATM-4,CALL,24150,2026-07-17
2026-07-17 15:03:00+05:30,250.0,252.5,243.25,244.2,57980,3527095,0.0,24317.95,24100.0,23950,ATM-4,CALL,24150,2026-07-17
2026-07-17 15:04:00+05:30,243.35,248.4,242.0,246.3,81250,3528395,0.0,24322.05,24100.0,23950,ATM-4,CALL,24150,2026-07-17
2026-07-17 15:05:00+05:30,211.0,217.0,210.1,215.95,132990,2864095,7.137858,24327.55,24150.0,23950,ATM-4,CALL,24150,2026-07-17
2026-07-17 15:06:00+05:30,216.15,219.0,215.0,217.1,113620,2833935,6.915361,24330.2,24150.0,23950,ATM-4,CALL,24150,2026-07-17
2026-07-17 15:07:00+05:30,217.2,221.15,215.6,220.45,131170,2791555,6.861444,24334.3,24150.0,23950,ATM-4,CALL,24150,2026-07-17
2026-07-17 15:08:00+05:30,218.4,220.45,213.5,214.3,94640,2764580,5.914354,24332.1,24150.0,23950,ATM-4,CALL,24150,2026-07-17
2026-07-17 15:09:00+05:30,214.45,217.05,211.7,215.5,82745,2741960,5.881155,24333.55,24150.0,23950,ATM-4,CALL,24150,2026-07-17
2026-07-17 15:10:00+05:30,215.75,216.6,212.8,214.7,70850,2741895,6.098147,24331.75,24150.0,23950,ATM-4,CALL,24150,2026-07-17
2026-07-17 15:11:00+05:30,215.05,217.3,214.45,216.1,55575,2731625,6.323354,24332.25,24150.0,23950,ATM-4,CALL,24150,2026-07-17
2026-07-17 15:12:00+05:30,216.05,221.0,216.05,218.75,110110,2667795,6.132202,24336.05,24150.0,23950,ATM-4,CALL,24150,2026-07-17
2026-07-17 15:13:00+05:30,217.95,218.75,213.9,216.45,111735,2661620,5.807899,24334.9,24150.0,23950,ATM-4,CALL,24150,2026-07-17
2026-07-17 15:14:00+05:30,215.4,216.45,209.1,210.15,167180,2608450,5.640273,24328.75,24150.0,23950,ATM-4,CALL,24150,2026-07-17
2026-07-17 15:15:00+05:30,245.35,248.1,238.75,242.1,222365,3335410,0.0,24323.85,24100.0,23950,ATM-4,CALL,24150,2026-07-17
2026-07-17 15:16:00+05:30,241.0,243.3,239.45,243.05,115310,3323645,0.0,24322.9,24100.0,23950,ATM-4,CALL,24150,2026-07-17
2026-07-17 15:17:00+05:30,206.0,211.0,205.7,209.65,80210,2521220,6.239732,24325.55,24150.0,23950,ATM-4,CALL,24150,2026-07-17
2026-07-17 15:18:00+05:30,208.5,210.1,204.45,204.6,74295,2513485,0.0,24328.8,24150.0,23950,ATM-4,CALL,24150,2026-07-17
2026-07-17 15:19:00+05:30,204.9,208.15,204.45,207.35,152945,2464345,4.604868,24329.0,24150.0,23950,ATM-4,CALL,24150,2026-07-17
2026-07-17 15:20:00+05:30,207.4,211.0,206.85,209.75,117455,2402530,3.55038,24332.95,24150.0,23950,ATM-4,CALL,24150,2026-07-17
2026-07-17 15:21:00+05:30,209.9,218.6,208.75,218.2,135590,2375555,6.624585,24333.15,24150.0,23950,ATM-4,CALL,24150,2026-07-17
2026-07-17 15:22:00+05:30,217.4,221.2,217.4,218.9,171665,2325895,5.998352,24336.85,24150.0,23950,ATM-4,CALL,24150,2026-07-17
2026-07-17 15:23:00+05:30,219.15,224.6,218.9,224.1,148395,2288455,6.968597,24337.95,24150.0,23950,ATM-4,CALL,24150,2026-07-17
2026-07-17 15:24:00+05:30,224.55,232.85,224.1,229.85,162370,2254850,7.265305,24342.8,24150.0,23950,ATM-4,CALL,24150,2026-07-17
2026-07-17 15:25:00+05:30,230.85,236.0,228.5,234.5,183105,2174250,7.789831,24345.0,24150.0,23950,ATM-4,CALL,24150,2026-07-17
2026-07-17 15:26:00+05:30,232.75,234.95,230.35,232.6,93145,2149095,7.793142,24342.8,24150.0,23950,ATM-4,CALL,24150,2026-07-17
2026-07-17 15:27:00+05:30,233.0,235.8,232.15,234.35,87100,2129985,7.923556,24344.0,24150.0,23950,ATM-4,CALL,24150,2026-07-17
2026-07-17 15:28:00+05:30,234.4,240.75,233.75,238.95,135525,2107625,9.306112,24339.4,24150.0,23950,ATM-4,CALL,24150,2026-07-17
2026-07-17 15:29:00+05:30,237.9,245.0,237.75,241.75,137670,2053740,8.796908,24346.7,24150.0,23950,ATM-4,CALL,24150,2026-07-17
2026-07-17 09:15:00+05:30,56.0,78.25,56.0,62.7,861965,1777620,14.510088,24151.25,23950.0,23950,ATM-4,PUT,24150,2026-07-17
2026-07-17 09:16:00+05:30,62.55,63.45,56.5,56.5,949910,1963520,14.384009,24171.0,23950.0,23950,ATM-4,PUT,24150,2026-07-17
2026-07-17 09:17:00+05:30,70.95,72.9,69.65,71.15,1637090,8615620,14.642465,24176.15,24000.0,23950,ATM-4,PUT,24150,2026-07-17
2026-07-17 09:18:00+05:30,71.05,71.15,66.6,66.9,1197365,9186320,14.529352,24187.4,24000.0,23950,ATM-4,PUT,24150,2026-07-17
2026-07-17 09:19:00+05:30,66.8,68.7,65.9,67.55,1206140,9707230,14.618432,24187.85,24000.0,23950,ATM-4,PUT,24150,2026-07-17
2026-07-17 09:20:00+05:30,67.25,67.55,64.3,66.05,1406275,10172500,14.446078,24187.75,24000.0,23950,ATM-4,PUT,24150,2026-07-17
2026-07-17 09:21:00+05:30,65.9,67.8,65.9,66.95,969800,10602540,14.48537,24185.75,24000.0,23950,ATM-4,PUT,24150,2026-07-17
2026-07-17 09:22:00+05:30,66.8,67.95,66.25,66.5,782210,10948145,14.531166,24188.75,24000.0,23950,ATM-4,PUT,24150,2026-07-17
2026-07-17 09:23:00+05:30,66.55,67.7,66.2,67.25,579995,11130015,14.534216,24186.15,24000.0,23950,ATM-4,PUT,24150,2026-07-17
2026-07-17 09:24:00+05:30,67.2,67.5,65.3,65.4,684060,11272820,14.508003,24191.9,24000.0,23950,ATM-4,PUT,24150,2026-07-17
2026-07-17 09:25:00+05:30,65.5,65.7,64.0,64.55,1175395,11493820,14.630877,24198.85,24000.0,23950,ATM-4,PUT,24150,2026-07-17
2026-07-17 09:26:00+05:30,64.5,65.4,64.15,65.35,641485,11694800,14.753886,24199.8,24000.0,23950,ATM-4,PUT,24150,2026-07-17
2026-07-17 09:27:00+05:30,65.0,65.6,63.1,63.55,808145,11855480,14.642777,24202.85,24000.0,23950,ATM-4,PUT,24150,2026-07-17
2026-07-17 09:28:00+05:30,63.5,64.5,63.25,63.3,389480,12040015,14.675663,24204.8,24000.0,23950,ATM-4,PUT,24150,2026-07-17
2026-07-17 09:29:00+05:30,63.7,63.75,62.25,62.55,505440,12179115,14.750852,24210.0,24000.0,23950,ATM-4,PUT,24150,2026-07-17
2026-07-17 09:30:00+05:30,62.25,64.0,61.2,63.5,1132040,12369045,14.666677,24203.7,24000.0,23950,ATM-4,PUT,24150,2026-07-17
2026-07-17 09:31:00+05:30,63.45,64.75,62.85,64.75,730535,12563850,14.597234,24196.85,24000.0,23950,ATM-4,PUT,24150,2026-07-17
2026-07-17 09:32:00+05:30,64.35,65.45,62.75,62.75,769015,12753585,14.628373,24205.2,24000.0,23950,ATM-4,PUT,24150,2026-07-17
2026-07-17 09:33:00+05:30,62.5,63.2,61.0,61.25,686855,12982190,14.624365,24210.7,24000.0,23950,ATM-4,PUT,24150,2026-07-17
2026-07-17 09:34:00+05:30,61.2,63.4,60.0,63.15,895635,13087945,14.720612,24206.6,24000.0,23950,ATM-4,PUT,24150,2026-07-17
2026-07-17 09:35:00+05:30,63.05,63.25,62.2,62.65,405405,13152880,14.677391,24207.05,24000.0,23950,ATM-4,PUT,24150,2026-07-17
2026-07-17 09:36:00+05:30,62.65,63.8,61.65,61.7,485420,13298090,14.640193,24209.4,24000.0,23950,ATM-4,PUT,24150,2026-07-17
2026-07-17 09:37:00+05:30,61.75,62.15,60.0,60.0,558285,13435890,14.651539,24216.25,24000.0,23950,ATM-4,PUT,24150,2026-07-17
2026-07-17 09:38:00+05:30,59.8,60.3,58.9,59.25,872820,13519740,14.724987,24221.55,24000.0,23950,ATM-4,PUT,24150,2026-07-17
2026-07-17 09:39:00+05:30,59.2,60.55,58.85,60.45,570375,13634855,14.795683,24219.15,24000.0,23950,ATM-4,PUT,24150,2026-07-17
2026-07-17 09:40:00+05:30,60.4,60.85,59.5,60.45,514215,13920010,14.854777,24221.05,24000.0,23950,ATM-4,PUT,24150,2026-07-17
2026-07-17 09:41:00+05:30,60.25,60.9,59.8,60.5,280670,13991055,14.896879,24222.2,24000.0,23950,ATM-4,PUT,24150,2026-07-17
2026-07-17 09:42:00+05:30,60.15,60.6,59.35,59.7,285675,14053260,14.878677,24224.7,24000.0,23950,ATM-4,PUT,24150,2026-07-17
2026-07-17 09:43:00+05:30,72.9,73.3,71.75,72.4,226330,5592275,14.747364,24225.15,24050.0,23950,ATM-4,PUT,24150,2026-07-17
2026-07-17 09:44:00+05:30,72.0,73.7,71.0,71.45,350415,5603520,14.843432,24231.3,24050.0,23950,ATM-4,PUT,24150,2026-07-17
2026-07-17 09:45:00+05:30,71.35,71.45,68.35,70.45,656500,5658445,14.836323,24234.5,24050.0,23950,ATM-4,PUT,24150,2026-07-17
2026-07-17 09:46:00+05:30,70.2,71.45,69.55,69.8,250380,5722210,14.988057,24241.45,24050.0,23950,ATM-4,PUT,24150,2026-07-17
2026-07-17 09:47:00+05:30,69.85,71.25,68.4,71.25,280475,5777005,14.988032,24236.35,24050.0,23950,ATM-4,PUT,24150,2026-07-17
2026-07-17 09:48:00+05:30,71.05,71.25,69.9,70.35,226330,5859685,15.007294,24240.05,24050.0,23950,ATM-4,PUT,24150,2026-07-17
2026-07-17 09:49:00+05:30,70.25,71.85,70.25,71.25,203385,5909150,15.00636,24236.85,24050.0,23950,ATM-4,PUT,24150,2026-07-17
2026-07-17 09:50:00+05:30,71.05,71.25,69.3,69.7,234455,5946200,15.037174,24243.2,24050.0,23950,ATM-4,PUT,24150,2026-07-17
2026-07-17 09:51:00+05:30,69.7,73.15,69.7,72.95,225745,5997875,14.939751,24228.9,24050.0,23950,ATM-4,PUT,24150,2026-07-17
2026-07-17 09:52:00+05:30,72.4,73.4,72.1,73.0,313495,6029985,14.980734,24229.95,24050.0,23950,ATM-4,PUT,24150,2026-07-17
2026-07-17 09:53:00+05:30,73.0,73.5,71.8,71.8,235950,6068270,14.95068,24233.1,24050.0,23950,ATM-4,PUT,24150,2026-07-17
2026-07-17 09:54:00+05:30,71.5,72.25,69.8,70.9,235040,6089980,15.074141,24240.0,24050.0,23950,ATM-4,PUT,24150,2026-07-17
2026-07-17 09:55:00+05:30,71.15,73.8,70.9,73.7,364780,6028165,15.069985,24230.2,24050.0,23950,ATM-4,PUT,24150,2026-07-17
2026-07-17 09:56:00+05:30,60.15,61.4,60.1,60.9,627055,15122250,14.988164,24223.1,24000.0,23950,ATM-4,PUT,24150,2026-07-17
2026-07-17 09:57:00+05:30,60.55,62.25,60.55,61.55,721175,15129465,14.951535,24219.35,24000.0,23950,ATM-4,PUT,24150,2026-07-17
2026-07-17 09:58:00+05:30,75.05,75.8,72.75,72.75,316095,5988190,14.929924,24229.05,24050.0,23950,ATM-4,PUT,24150,2026-07-17
2026-07-17 09:59:00+05:30,72.65,73.8,72.3,72.45,169520,5963685,14.891058,24228.85,24050.0,23950,ATM-4,PUT,24150,2026-07-17
2026-07-17 10:00:00+05:30,59.1,62.2,58.2,61.9,704925,15257840,15.06686,24221.65,24000.0,23950,ATM-4,PUT,24150,2026-07-17
2026-07-17 10:01:00+05:30,61.7,63.45,60.5,62.25,756535,15144870,14.822593,24212.35,24000.0,23950,ATM-4,PUT,24150,2026-07-17
2026-07-17 10:02:00+05:30,62.4,62.65,61.65,61.9,520715,15040285,14.892149,24215.9,24000.0,23950,ATM-4,PUT,24150,2026-07-17
2026-07-17 10:03:00+05:30,61.8,62.25,61.4,61.4,442975,15087475,14.804919,24214.95,24000.0,23950,ATM-4,PUT,24150,2026-07-17
2026-07-17 10:04:00+05:30,61.35,62.65,61.1,62.2,470080,15167490,14.886447,24214.5,24000.0,23950,ATM-4,PUT,24150,2026-07-17
2026-07-17 10:05:00+05:30,61.8,62.35,59.85,60.3,567125,15191345,14.871489,24221.3,24000.0,23950,ATM-4,PUT,24150,2026-07-17
2026-07-17 10:06:00+05:30,60.35,60.7,59.5,60.55,345020,15267395,14.94514,24222.7,24000.0,23950,ATM-4,PUT,24150,2026-07-17
2026-07-17 10:07:00+05:30,74.45,74.85,73.55,73.6,91650,6008080,14.922421,24225.65,24050.0,23950,ATM-4,PUT,24150,2026-07-17
2026-07-17 10:08:00+05:30,73.55,74.75,72.8,72.9,139490,6020300,14.909837,24227.6,24050.0,23950,ATM-4,PUT,24150,2026-07-17
2026-07-17 10:09:00+05:30,72.7,73.05,71.15,72.65,250250,6036225,15.025439,24231.95,24050.0,23950,ATM-4,PUT,24150,2026-07-17
2026-07-17 10:10:00+05:30,72.65,74.25,72.55,74.05,122590,6058780,15.13997,24230.65,24050.0,23950,ATM-4,PUT,24150,2026-07-17
2026-07-17 10:11:00+05:30,73.6,74.25,73.1,73.1,79040,6067555,15.120312,24233.25,24050.0,23950,ATM-4,PUT,24150,2026-07-17
2026-07-17 10:12:00+05:30,72.85,73.25,70.45,70.95,217620,6076005,15.096149,24239.9,24050.0,23950,ATM-4,PUT,24150,2026-07-17
2026-07-17 10:13:00+05:30,70.95,71.0,70.0,70.95,294450,6043245,15.296917,24246.1,24050.0,23950,ATM-4,PUT,24150,2026-07-17
2026-07-17 10:14:00+05:30,70.7,72.2,70.7,71.8,152620,6066645,15.192467,24239.85,24050.0,23950,ATM-4,PUT,24150,2026-07-17
2026-07-17 10:15:00+05:30,71.8,71.9,70.6,70.9,150475,6137820,15.28062,24245.7,24050.0,23950,ATM-4,PUT,24150,2026-07-17
2026-07-17 10:16:00+05:30,70.75,70.9,69.6,69.95,153855,6154395,15.220451,24247.15,24050.0,23950,ATM-4,PUT,24150,2026-07-17
2026-07-17 10:17:00+05:30,70.05,70.1,68.0,68.3,371475,6188585,15.240264,24253.65,24050.0,23950,ATM-4,PUT,24150,2026-07-17
2026-07-17 10:18:00+05:30,68.7,68.95,63.95,64.85,1048840,6148480,15.491423,24274.45,24050.0,23950,ATM-4,PUT,24150,2026-07-17
2026-07-17 10:19:00+05:30,64.75,66.4,64.6,66.15,436475,6009575,15.629649,24273.95,24050.0,23950,ATM-4,PUT,24150,2026-07-17
2026-07-17 10:20:00+05:30,66.05,67.5,65.35,67.15,280670,6080165,15.523284,24266.75,24050.0,23950,ATM-4,PUT,24150,2026-07-17
2026-07-17 10:21:00+05:30,67.2,67.45,65.8,66.65,186160,6101940,15.514659,24268.3,24050.0,23950,ATM-4,PUT,24150,2026-07-17
2026-07-17 10:22:00+05:30,66.8,67.0,65.9,66.65,172510,6109155,15.348567,24262.95,24050.0,23950,ATM-4,PUT,24150,2026-07-17
2026-07-17 10:23:00+05:30,66.7,67.65,66.65,67.2,176085,6138925,15.283025,24258.8,24050.0,23950,ATM-4,PUT,24150,2026-07-17
2026-07-17 10:24:00+05:30,67.2,67.8,66.9,67.05,175890,6154070,15.165959,24255.6,24050.0,23950,ATM-4,PUT,24150,2026-07-17
2026-07-17 10:25:00+05:30,66.7,67.75,66.45,66.7,157690,6160700,15.387487,24263.9,24050.0,23950,ATM-4,PUT,24150,2026-07-17
2026-07-17 10:26:00+05:30,66.7,67.15,66.5,66.55,92755,6139380,15.429054,24265.75,24050.0,23950,ATM-4,PUT,24150,2026-07-17
2026-07-17 10:27:00+05:30,66.45,67.0,65.8,66.6,126620,6130930,15.49535,24267.65,24050.0,23950,ATM-4,PUT,24150,2026-07-17
2026-07-17 10:28:00+05:30,66.5,66.6,65.1,65.25,151450,6115785,15.514219,24273.3,24050.0,23950,ATM-4,PUT,24150,2026-07-17
2026-07-17 10:29:00+05:30,79.15,79.4,77.2,77.5,563355,16835715,15.543261,24281.55,24100.0,23950,ATM-4,PUT,24150,2026-07-17
2026-07-17 10:30:00+05:30,77.35,78.25,77.2,77.2,572000,16898830,15.44018,24279.4,24100.0,23950,ATM-4,PUT,24150,2026-07-17
2026-07-17 10:31:00+05:30,77.3,77.65,76.55,77.3,550225,17026035,15.574573,24283.1,24100.0,23950,ATM-4,PUT,24150,2026-07-17
2026-07-17 10:32:00+05:30,77.3,77.75,76.2,77.75,581100,17013425,15.694747,24285.2,24100.0,23950,ATM-4,PUT,24150,2026-07-17
2026-07-17 10:33:00+05:30,77.8,79.85,77.75,79.05,524030,17084080,15.655737,24279.65,24100.0,23950,ATM-4,PUT,24150,2026-07-17
2026-07-17 10:34:00+05:30,79.25,79.5,78.6,78.65,271245,17158180,15.76687,24284.3,24100.0,23950,ATM-4,PUT,24150,2026-07-17
2026-07-17 10:35:00+05:30,65.25,67.2,65.25,66.85,162630,6077175,15.675508,24272.2,24050.0,23950,ATM-4,PUT,24150,2026-07-17
2026-07-17 10:36:00+05:30,66.8,67.2,66.5,66.9,169650,6084260,15.691846,24272.5,24050.0,23950,ATM-4,PUT,24150,2026-07-17
2026-07-17 10:37:00+05:30,66.65,67.5,66.6,67.45,144820,6115850,15.593138,24267.25,24050.0,23950,ATM-4,PUT,24150,2026-07-17
2026-07-17 10:38:00+05:30,67.5,68.0,66.25,66.45,191230,6124560,15.495016,24267.8,24050.0,23950,ATM-4,PUT,24150,2026-07-17
2026-07-17 10:39:00+05:30,66.2,67.25,66.15,67.25,109460,6155175,15.572159,24267.25,24050.0,23950,ATM-4,PUT,24150,2026-07-17
2026-07-17 10:40:00+05:30,67.1,67.35,66.0,66.0,90090,6165640,15.465022,24268.45,24050.0,23950,ATM-4,PUT,24150,2026-07-17
2026-07-17 10:41:00+05:30,66.25,66.65,65.7,65.75,91260,6169085,15.50852,24270.75,24050.0,23950,ATM-4,PUT,24150,2026-07-17
2026-07-17 10:42:00+05:30,65.85,66.95,65.65,66.8,161135,6170840,15.585689,24269.25,24050.0,23950,ATM-4,PUT,24150,2026-07-17
2026-07-17 10:43:00+05:30,66.7,70.1,66.7,69.9,311610,6127420,15.276738,24248.15,24050.0,23950,ATM-4,PUT,24150,2026-07-17
2026-07-17 10:44:00+05:30,68.85,69.9,67.95,68.85,263445,6138340,15.506441,24259.1,24050.0,23950,ATM-4,PUT,24150,2026-07-17
2026-07-17 10:45:00+05:30,68.45,70.7,68.35,70.5,321165,6159400,15.512325,24253.3,24050.0,23950,ATM-4,PUT,24150,2026-07-17
2026-07-17 10:46:00+05:30,70.5,70.95,69.3,69.65,270790,6173310,15.390695,24252.5,24050.0,23950,ATM-4,PUT,24150,2026-07-17
2026-07-17 10:47:00+05:30,69.65,70.15,68.3,68.5,131430,6176365,15.320435,24254.4,24050.0,23950,ATM-4,PUT,24150,2026-07-17
2026-07-17 10:48:00+05:30,68.9,69.75,68.5,69.75,80990,6159985,15.439506,24253.6,24050.0,23950,ATM-4,PUT,24150,2026-07-17
2026-07-17 10:49:00+05:30,69.45,70.1,68.95,69.7,116545,6187285,15.316667,24249.9,24050.0,23950,ATM-4,PUT,24150,2026-07-17
2026-07-17 10:50:00+05:30,69.8,70.0,68.2,69.3,113035,6193655,15.308821,24251.05,24050.0,23950,ATM-4,PUT,24150,2026-07-17
2026-07-17 10:51:00+05:30,69.05,69.9,69.05,69.6,76960,6200285,15.27546,24248.9,24050.0,23950,ATM-4,PUT,24150,2026-07-17
2026-07-17 10:52:00+05:30,69.45,70.25,68.55,68.8,142025,6205095,15.276109,24251.75,24050.0,23950,ATM-4,PUT,24150,2026-07-17
2026-07-17 10:53:00+05:30,68.5,68.8,66.85,67.5,221065,6189885,15.269039,24256.2,24050.0,23950,ATM-4,PUT,24150,2026-07-17
2026-07-17 10:54:00+05:30,67.65,69.8,67.05,68.95,123630,6145100,15.416596,24255.55,24050.0,23950,ATM-4,PUT,24150,2026-07-17
2026-07-17 10:55:00+05:30,68.75,69.9,68.45,68.45,81965,6148610,15.398292,24256.75,24050.0,23950,ATM-4,PUT,24150,2026-07-17
2026-07-17 10:56:00+05:30,68.25,69.3,67.3,68.0,145860,6149325,15.318992,24255.85,24050.0,23950,ATM-4,PUT,24150,2026-07-17
2026-07-17 10:57:00+05:30,67.75,68.9,67.65,68.25,54080,6145165,15.369562,24256.5,24050.0,23950,ATM-4,PUT,24150,2026-07-17
2026-07-17 10:58:00+05:30,68.0,68.3,67.0,67.0,61360,6162065,15.265828,24257.75,24050.0,23950,ATM-4,PUT,24150,2026-07-17
2026-07-17 10:59:00+05:30,67.1,68.0,67.0,67.3,43550,6167005,15.277956,24257.0,24050.0,23950,ATM-4,PUT,24150,2026-07-17
2026-07-17 11:00:00+05:30,67.25,67.5,65.65,66.65,106925,6180655,15.295317,24259.9,24050.0,23950,ATM-4,PUT,24150,2026-07-17
2026-07-17 11:01:00+05:30,66.45,68.0,66.15,67.8,109265,6180005,15.325312,24256.6,24050.0,23950,ATM-4,PUT,24150,2026-07-17
2026-07-17 11:02:00+05:30,67.8,69.6,67.6,69.25,159510,6207825,15.236511,24248.55,24050.0,23950,ATM-4,PUT,24150,2026-07-17
2026-07-17 11:03:00+05:30,69.4,69.4,68.2,68.35,87490,6241820,15.185685,24250.15,24050.0,23950,ATM-4,PUT,24150,2026-07-17
2026-07-17 11:04:00+05:30,68.1,68.35,67.1,67.1,72085,6247020,15.296772,24258.15,24050.0,23950,ATM-4,PUT,24150,2026-07-17
2026-07-17 11:05:00+05:30,67.15,67.15,66.15,66.65,94965,6239805,15.373358,24262.2,24050.0,23950,ATM-4,PUT,24150,2026-07-17
2026-07-17 11:06:00+05:30,67.2,68.35,66.45,66.45,71760,6245330,15.341774,24261.9,24050.0,23950,ATM-4,PUT,24150,2026-07-17
2026-07-17 11:07:00+05:30,66.3,70.25,66.3,70.0,171015,6256510,15.250657,24246.15,24050.0,23950,ATM-4,PUT,24150,2026-07-17
2026-07-17 11:08:00+05:30,70.25,72.2,70.0,71.25,283465,6272760,15.141316,24238.35,24050.0,23950,ATM-4,PUT,24150,2026-07-17
2026-07-17 11:09:00+05:30,71.0,71.65,69.8,70.05,177190,6278285,15.121496,24241.9,24050.0,23950,ATM-4,PUT,24150,2026-07-17
2026-07-17 11:10:00+05:30,70.4,72.25,70.05,71.65,184535,6267430,15.206633,24238.9,24050.0,23950,ATM-4,PUT,24150,2026-07-17
2026-07-17 11:11:00+05:30,71.8,71.95,70.35,71.1,165880,6255210,15.205623,24240.75,24050.0,23950,ATM-4,PUT,24150,2026-07-17
2026-07-17 11:12:00+05:30,71.05,71.5,70.5,70.8,119340,6267105,15.20352,24241.7,24050.0,23950,ATM-4,PUT,24150,2026-07-17
2026-07-17 11:13:00+05:30,70.9,73.0,70.65,72.2,148135,6238440,15.239484,24237.9,24050.0,23950,ATM-4,PUT,24150,2026-07-17
2026-07-17 11:14:00+05:30,72.0,72.85,70.25,71.0,201890,6226155,15.033408,24235.7,24050.0,23950,ATM-4,PUT,24150,2026-07-17
2026-07-17 11:15:00+05:30,71.2,71.8,70.6,71.3,103025,6241105,15.174243,24238.95,24050.0,23950,ATM-4,PUT,24150,2026-07-17
2026-07-17 11:16:00+05:30,71.2,72.95,70.95,72.45,231270,6218615,15.187669,24235.35,24050.0,23950,ATM-4,PUT,24150,2026-07-17
2026-07-17 11:17:00+05:30,72.5,72.55,70.35,71.25,224315,6219785,15.188687,24239.5,24050.0,23950,ATM-4,PUT,24150,2026-07-17
2026-07-17 11:18:00+05:30,71.3,72.65,71.25,72.65,111150,6180135,15.263127,24236.9,24050.0,23950,ATM-4,PUT,24150,2026-07-17
2026-07-17 11:19:00+05:30,72.35,72.75,70.8,71.45,136370,6141265,15.283431,24241.65,24050.0,23950,ATM-4,PUT,24150,2026-07-17
2026-07-17 11:20:00+05:30,71.1,71.75,70.6,71.45,95095,6141915,15.287797,24241.75,24050.0,23950,ATM-4,PUT,24150,2026-07-17
2026-07-17 11:21:00+05:30,71.1,71.8,70.7,70.7,57460,6146855,15.202189,24241.7,24050.0,23950,ATM-4,PUT,24150,2026-07-17
2026-07-17 11:22:00+05:30,70.7,70.7,68.35,69.5,232765,6117280,15.31639,24249.45,24050.0,23950,ATM-4,PUT,24150,2026-07-17
2026-07-17 11:23:00+05:30,69.55,72.5,69.5,71.8,161200,6097130,15.223403,24238.45,24050.0,23950,ATM-4,PUT,24150,2026-07-17
2026-07-17 11:24:00+05:30,71.65,72.4,69.75,70.15,136630,6110455,15.288405,24246.2,24050.0,23950,ATM-4,PUT,24150,2026-07-17
2026-07-17 11:25:00+05:30,70.25,71.35,69.75,71.2,81445,6133205,15.295873,24242.7,24050.0,23950,ATM-4,PUT,24150,2026-07-17
2026-07-17 11:26:00+05:30,71.15,72.15,70.4,70.8,75205,6128395,15.209395,24241.4,24050.0,23950,ATM-4,PUT,24150,2026-07-17
2026-07-17 11:27:00+05:30,70.65,70.8,69.55,70.0,83915,6130540,15.187494,24243.5,24050.0,23950,ATM-4,PUT,24150,2026-07-17
2026-07-17 11:28:00+05:30,70.1,70.8,69.85,70.5,45045,6130150,15.30054,24245.2,24050.0,23950,ATM-4,PUT,24150,2026-07-17
2026-07-17 11:29:00+05:30,70.3,70.85,68.8,70.85,91000,6141460,15.27031,24243.0,24050.0,23950,ATM-4,PUT,24150,2026-07-17
2026-07-17 11:30:00+05:30,70.7,70.85,69.3,70.1,312455,6207825,15.22325,24244.15,24050.0,23950,ATM-4,PUT,24150,2026-07-17
2026-07-17 11:31:00+05:30,70.0,70.4,69.4,69.7,127270,6230835,15.244864,24246.2,24050.0,23950,ATM-4,PUT,24150,2026-07-17
2026-07-17 11:32:00+05:30,69.85,70.4,69.3,69.8,115180,6265805,15.149251,24242.85,24050.0,23950,ATM-4,PUT,24150,2026-07-17
2026-07-17 11:33:00+05:30,69.7,70.4,68.5,68.8,213395,6358625,15.23242,24248.95,24050.0,23950,ATM-4,PUT,24150,2026-07-17
2026-07-17 11:34:00+05:30,69.0,69.0,66.75,68.3,247780,6353100,15.292853,24252.6,24050.0,23950,ATM-4,PUT,24150,2026-07-17
2026-07-17 11:35:00+05:30,68.15,68.3,66.8,67.15,94445,6356740,15.350183,24258.55,24050.0,23950,ATM-4,PUT,24150,2026-07-17
2026-07-17 11:36:00+05:30,67.3,69.5,66.8,69.2,181025,6369090,15.342679,24250.85,24050.0,23950,ATM-4,PUT,24150,2026-07-17
2026-07-17 11:37:00+05:30,68.95,70.45,68.45,70.15,122200,6368115,15.325617,24246.9,24050.0,23950,ATM-4,PUT,24150,2026-07-17
2026-07-17 11:38:00+05:30,69.75,70.15,67.9,67.9,106405,6385210,15.206499,24251.2,24050.0,23950,ATM-4,PUT,24150,2026-07-17
2026-07-17 11:39:00+05:30,68.05,68.3,67.15,67.3,81835,6399185,15.324551,24257.05,24050.0,23950,ATM-4,PUT,24150,2026-07-17
2026-07-17 11:40:00+05:30,67.2,68.4,66.9,67.2,100555,6408740,15.360071,24258.5,24050.0,23950,ATM-4,PUT,24150,2026-07-17
2026-07-17 11:41:00+05:30,67.05,67.65,66.45,66.8,126035,6422715,15.466417,24263.3,24050.0,23950,ATM-4,PUT,24150,2026-07-17
2026-07-17 11:42:00+05:30,66.35,67.4,66.05,67.0,154960,6459505,15.430884,24261.4,24050.0,23950,ATM-4,PUT,24150,2026-07-17
2026-07-17 11:43:00+05:30,66.95,67.2,66.2,66.25,112385,6477250,15.366625,24262.1,24050.0,23950,ATM-4,PUT,24150,2026-07-17
2026-07-17 11:44:00+05:30,66.35,66.35,64.8,65.45,275340,6545305,15.434324,24267.2,24050.0,23950,ATM-4,PUT,24150,2026-07-17
2026-07-17 11:45:00+05:30,65.45,65.5,64.35,64.6,96460,6557525,15.471163,24271.55,24050.0,23950,ATM-4,PUT,24150,2026-07-17
2026-07-17 11:46:00+05:30,64.5,65.95,64.4,65.4,87685,6569420,15.488655,24269.05,24050.0,23950,ATM-4,PUT,24150,2026-07-17
2026-07-17 11:47:00+05:30,65.3,66.45,65.25,65.95,96330,6586710,15.469813,24266.35,24050.0,23950,ATM-4,PUT,24150,2026-07-17
2026-07-17 11:48:00+05:30,66.0,66.15,64.85,65.6,66300,6603935,15.47064,24267.65,24050.0,23950,ATM-4,PUT,24150,2026-07-17
2026-07-17 11:49:00+05:30,65.3,65.6,64.75,65.05,73190,6619665,15.407066,24267.65,24050.0,23950,ATM-4,PUT,24150,2026-07-17
2026-07-17 11:50:00+05:30,64.8,65.35,64.6,64.7,271895,6782165,15.459105,24270.6,24050.0,23950,ATM-4,PUT,24150,2026-07-17
2026-07-17 11:51:00+05:30,64.75,64.75,63.95,64.6,122460,6810180,15.502979,24272.35,24050.0,23950,ATM-4,PUT,24150,2026-07-17
2026-07-17 11:52:00+05:30,64.7,64.7,63.3,63.85,103090,6818045,15.461845,24273.85,24050.0,23950,ATM-4,PUT,24150,2026-07-17
2026-07-17 11:53:00+05:30,77.4,78.75,76.6,77.8,485680,17306900,15.577387,24278.7,24100.0,23950,ATM-4,PUT,24150,2026-07-17
2026-07-17 11:54:00+05:30,77.8,78.2,77.3,78.15,231530,17316325,15.627378,24279.0,24100.0,23950,ATM-4,PUT,24150,2026-07-17
2026-07-17 11:55:00+05:30,63.85,65.1,63.75,64.95,120055,6825325,15.625346,24274.8,24050.0,23950,ATM-4,PUT,24150,2026-07-17
2026-07-17 11:56:00+05:30,79.25,79.85,77.8,78.3,287885,17428840,15.691415,24280.35,24100.0,23950,ATM-4,PUT,24150,2026-07-17
2026-07-17 11:57:00+05:30,78.35,79.05,77.9,79.05,226980,17450095,15.742291,24279.35,24100.0,23950,ATM-4,PUT,24150,2026-07-17
2026-07-17 11:58:00+05:30,64.95,65.6,64.75,65.15,84435,6885970,15.658764,24275.0,24050.0,23950,ATM-4,PUT,24150,2026-07-17
2026-07-17 11:59:00+05:30,79.35,79.55,78.5,79.0,158210,17564040,15.688825,24277.85,24100.0,23950,ATM-4,PUT,24150,2026-07-17
2026-07-17 12:00:00+05:30,65.1,66.35,64.4,66.25,142935,6902740,15.662886,24270.9,24050.0,23950,ATM-4,PUT,24150,2026-07-17
2026-07-17 12:01:00+05:30,66.1,66.25,65.6,65.9,156000,6942780,15.536573,24268.15,24050.0,23950,ATM-4,PUT,24150,2026-07-17
2026-07-17 12:02:00+05:30,65.9,66.2,65.75,66.0,75790,6959745,15.522788,24267.3,24050.0,23950,ATM-4,PUT,24150,2026-07-17
2026-07-17 12:03:00+05:30,80.2,80.6,78.8,78.95,264680,17798560,15.609033,24275.5,24100.0,23950,ATM-4,PUT,24150,2026-07-17
2026-07-17 12:04:00+05:30,64.65,65.4,64.35,65.4,55835,6983015,15.690706,24274.85,24050.0,23950,ATM-4,PUT,24150,2026-07-17
2026-07-17 12:05:00+05:30,65.7,66.25,65.3,66.0,95030,6962150,15.744124,24274.25,24050.0,23950,ATM-4,PUT,24150,2026-07-17
2026-07-17 12:06:00+05:30,65.95,66.7,65.5,66.35,99775,6964555,15.584271,24267.8,24050.0,23950,ATM-4,PUT,24150,2026-07-17
2026-07-17 12:07:00+05:30,66.5,67.15,66.05,67.15,156650,6982040,15.538775,24263.35,24050.0,23950,ATM-4,PUT,24150,2026-07-17
2026-07-17 12:08:00+05:30,67.1,67.35,65.75,65.75,140270,6999395,15.525437,24268.1,24050.0,23950,ATM-4,PUT,24150,2026-07-17
2026-07-17 12:09:00+05:30,65.9,65.9,64.9,65.3,119665,7011485,15.664426,24274.2,24050.0,23950,ATM-4,PUT,24150,2026-07-17
2026-07-17 12:10:00+05:30,65.35,65.65,64.35,65.05,142610,6990425,15.62973,24274.0,24050.0,23950,ATM-4,PUT,24150,2026-07-17
2026-07-17 12:11:00+05:30,65.45,66.2,65.05,65.8,131495,7009470,15.643028,24271.55,24050.0,23950,ATM-4,PUT,24150,2026-07-17
2026-07-17 12:12:00+05:30,80.4,80.8,79.35,79.5,187785,17917835,15.693686,24275.9,24100.0,23950,ATM-4,PUT,24150,2026-07-17
2026-07-17 12:13:00+05:30,65.05,66.2,64.7,66.0,60450,7023900,15.636038,24270.5,24050.0,23950,ATM-4,PUT,24150,2026-07-17
2026-07-17 12:14:00+05:30,80.5,80.65,78.8,79.1,162305,17993300,15.673623,24276.55,24100.0,23950,ATM-4,PUT,24150,2026-07-17
2026-07-17 12:15:00+05:30,79.0,79.55,78.65,78.65,157495,17993300,15.75737,24280.5,24100.0,23950,ATM-4,PUT,24150,2026-07-17
2026-07-17 12:16:00+05:30,64.75,66.35,64.2,65.9,101335,7019350,15.746792,24274.3,24050.0,23950,ATM-4,PUT,24150,2026-07-17
2026-07-17 12:17:00+05:30,66.0,67.0,65.7,66.1,89765,7026630,15.705838,24272.2,24050.0,23950,ATM-4,PUT,24150,2026-07-17
2026-07-17 12:18:00+05:30,80.55,81.2,79.2,79.3,151580,17952610,15.670109,24275.65,24100.0,23950,ATM-4,PUT,24150,2026-07-17
2026-07-17 12:19:00+05:30,79.65,80.8,79.3,80.65,113685,17986865,15.813683,24275.45,24100.0,23950,ATM-4,PUT,24150,2026-07-17
2026-07-17 12:20:00+05:30,80.55,80.8,79.8,80.05,170430,18012995,15.92699,24280.75,24100.0,23950,ATM-4,PUT,24150,2026-07-17
2026-07-17 12:21:00+05:30,80.35,80.75,80.0,80.2,78780,18020860,15.902791,24279.5,24100.0,23950,ATM-4,PUT,24150,2026-07-17
2026-07-17 12:22:00+05:30,66.0,66.9,66.0,66.35,62205,7000955,15.731812,24271.9,24050.0,23950,ATM-4,PUT,24150,2026-07-17
2026-07-17 12:23:00+05:30,80.45,80.6,79.0,79.5,217035,18017480,15.879577,24281.05,24100.0,23950,ATM-4,PUT,24150,2026-07-17
2026-07-17 12:24:00+05:30,79.2,79.85,78.9,79.25,162955,18040035,15.876446,24281.75,24100.0,23950,ATM-4,PUT,24150,2026-07-17
2026-07-17 12:25:00+05:30,79.45,80.4,78.5,80.0,240175,18029895,15.858441,24278.7,24100.0,23950,ATM-4,PUT,24150,2026-07-17
2026-07-17 12:26:00+05:30,80.05,80.4,79.5,80.4,163930,18001230,15.856728,24277.3,24100.0,23950,ATM-4,PUT,24150,2026-07-17
2026-07-17 12:27:00+05:30,80.2,80.4,79.0,79.65,102765,18009355,15.816964,24278.55,24100.0,23950,ATM-4,PUT,24150,2026-07-17
2026-07-17 12:28:00+05:30,79.45,80.2,79.2,79.9,99385,18045950,15.823961,24277.9,24100.0,23950,ATM-4,PUT,24150,2026-07-17
2026-07-17 12:29:00+05:30,79.95,81.0,79.8,80.55,115115,18043285,15.888658,24277.65,24100.0,23950,ATM-4,PUT,24150,2026-07-17
2026-07-17 12:30:00+05:30,66.35,67.05,66.15,66.65,107835,7004920,15.859886,24274.55,24050.0,23950,ATM-4,PUT,24150,2026-07-17
2026-07-17 12:31:00+05:30,80.75,81.3,79.9,79.9,222235,18057130,15.800528,24277.1,24100.0,23950,ATM-4,PUT,24150,2026-07-17
2026-07-17 12:32:00+05:30,65.9,66.7,65.6,66.6,44200,7014930,15.831239,24273.75,24050.0,23950,ATM-4,PUT,24150,2026-07-17
2026-07-17 12:33:00+05:30,80.85,81.15,79.65,79.9,152880,18048290,15.915647,24280.45,24100.0,23950,ATM-4,PUT,24150,2026-07-17
2026-07-17 12:34:00+05:30,79.9,80.0,79.15,80.0,134940,18082155,15.951461,24281.15,24100.0,23950,ATM-4,PUT,24150,2026-07-17
2026-07-17 12:35:00+05:30,80.0,80.2,79.6,80.15,70590,18076825,15.974344,24281.3,24100.0,23950,ATM-4,PUT,24150,2026-07-17
2026-07-17 12:36:00+05:30,80.15,80.15,79.4,79.85,80015,18078320,15.953968,24281.65,24100.0,23950,ATM-4,PUT,24150,2026-07-17
2026-07-17 12:37:00+05:30,79.75,80.45,79.15,80.3,140985,18088070,15.91258,24278.9,24100.0,23950,ATM-4,PUT,24150,2026-07-17
2026-07-17 12:38:00+05:30,80.35,80.95,79.8,80.3,138515,18079685,15.900278,24278.5,24100.0,23950,ATM-4,PUT,24150,2026-07-17
2026-07-17 12:39:00+05:30,80.0,80.55,79.3,80.15,100750,18096065,15.859546,24277.75,24100.0,23950,ATM-4,PUT,24150,2026-07-17
2026-07-17 12:40:00+05:30,65.9,67.3,65.65,67.05,97305,7048275,15.666753,24266.55,24050.0,23950,ATM-4,PUT,24150,2026-07-17
2026-07-17 12:41:00+05:30,67.15,67.55,65.95,66.1,173745,7065695,15.634985,24269.05,24050.0,23950,ATM-4,PUT,24150,2026-07-17
2026-07-17 12:42:00+05:30,80.15,80.4,79.0,79.2,309075,18022550,15.838437,24280.15,24100.0,23950,ATM-4,PUT,24150,2026-07-17
2026-07-17 12:43:00+05:30,64.7,66.4,64.7,65.75,67665,7094555,15.782817,24275.0,24050.0,23950,ATM-4,PUT,24150,2026-07-17
2026-07-17 12:44:00+05:30,80.0,80.35,79.1,79.3,191100,18013710,15.747579,24277.05,24100.0,23950,ATM-4,PUT,24150,2026-07-17
2026-07-17 12:45:00+05:30,78.8,79.3,77.45,77.75,455130,18074290,15.792528,24283.5,24100.0,23950,ATM-4,PUT,24150,2026-07-17
2026-07-17 12:46:00+05:30,77.9,79.15,77.75,78.7,126295,18062980,15.857945,24282.25,24100.0,23950,ATM-4,PUT,24150,2026-07-17
2026-07-17 12:47:00+05:30,78.5,79.0,78.15,78.25,106990,18075135,15.952591,24286.55,24100.0,23950,ATM-4,PUT,24150,2026-07-17
2026-07-17 12:48:00+05:30,78.35,78.8,77.5,77.7,202345,18077150,15.915493,24287.25,24100.0,23950,ATM-4,PUT,24150,2026-07-17
2026-07-17 12:49:00+05:30,76.7,77.7,71.1,73.5,2206685,18071040,15.665623,24294.0,24100.0,23950,ATM-4,PUT,24150,2026-07-17
2026-07-17 12:50:00+05:30,74.35,78.0,73.5,77.9,704015,17737980,15.818529,24283.6,24100.0,23950,ATM-4,PUT,24150,2026-07-17
2026-07-17 12:51:00+05:30,78.55,79.4,77.45,78.05,833300,17753905,15.761184,24281.35,24100.0,23950,ATM-4,PUT,24150,2026-07-17
2026-07-17 12:52:00+05:30,78.1,79.35,77.85,79.05,243360,17877405,15.820104,24279.75,24100.0,23950,ATM-4,PUT,24150,2026-07-17
2026-07-17 12:53:00+05:30,65.0,66.05,65.0,65.55,165165,7016815,15.692507,24272.5,24050.0,23950,ATM-4,PUT,24150,2026-07-17
2026-07-17 12:54:00+05:30,65.65,67.0,65.55,66.45,213200,7023510,15.844376,24273.9,24050.0,23950,ATM-4,PUT,24150,2026-07-17
2026-07-17 12:55:00+05:30,66.3,67.2,64.85,67.2,162630,7057700,15.849153,24271.2,24050.0,23950,ATM-4,PUT,24150,2026-07-17
2026-07-17 12:56:00+05:30,67.1,67.2,65.4,65.75,116155,7062900,15.784141,24274.55,24050.0,23950,ATM-4,PUT,24150,2026-07-17
2026-07-17 12:57:00+05:30,79.8,79.9,77.0,78.7,501605,18093400,15.80719,24280.35,24100.0,23950,ATM-4,PUT,24150,2026-07-17
2026-07-17 12:58:00+05:30,78.55,79.35,77.55,79.0,176085,17980495,15.794699,24278.95,24100.0,23950,ATM-4,PUT,24150,2026-07-17
2026-07-17 12:59:00+05:30,78.75,79.0,77.5,77.55,175565,18046665,15.779968,24283.3,24100.0,23950,ATM-4,PUT,24150,2026-07-17
2026-07-17 13:00:00+05:30,76.65,78.4,76.25,77.95,237185,18075395,15.809175,24282.8,24100.0,23950,ATM-4,PUT,24150,2026-07-17
2026-07-17 13:01:00+05:30,77.85,77.95,76.0,76.85,251290,18077020,15.718928,24283.75,24100.0,23950,ATM-4,PUT,24150,2026-07-17
2026-07-17 13:02:00+05:30,77.1,77.95,76.5,77.85,179205,18092815,15.661181,24278.65,24100.0,23950,ATM-4,PUT,24150,2026-07-17
2026-07-17 13:03:00+05:30,77.95,78.7,77.2,77.85,183950,18120505,15.731173,24280.7,24100.0,23950,ATM-4,PUT,24150,2026-07-17
2026-07-17 13:04:00+05:30,77.9,77.9,77.0,77.8,135135,18123365,15.698241,24279.85,24100.0,23950,ATM-4,PUT,24150,2026-07-17
2026-07-17 13:05:00+05:30,77.65,78.65,77.65,77.7,214175,18126160,15.730171,24281.1,24100.0,23950,ATM-4,PUT,24150,2026-07-17
2026-07-17 13:06:00+05:30,77.7,78.0,76.75,77.0,212485,18127850,15.748309,24283.95,24100.0,23950,ATM-4,PUT,24150,2026-07-17
2026-07-17 13:07:00+05:30,76.95,79.5,76.65,79.45,273195,18100355,15.771,24276.45,24100.0,23950,ATM-4,PUT,24150,2026-07-17
2026-07-17 13:08:00+05:30,79.2,79.45,78.1,78.7,166595,18068440,15.800007,24279.75,24100.0,23950,ATM-4,PUT,24150,2026-07-17
2026-07-17 13:09:00+05:30,78.6,79.0,78.25,78.85,106925,18078320,15.758957,24278.0,24100.0,23950,ATM-4,PUT,24150,2026-07-17
2026-07-17 13:10:00+05:30,79.05,79.05,78.05,78.35,119470,18072015,15.754921,24279.5,24100.0,23950,ATM-4,PUT,24150,2026-07-17
2026-07-17 13:11:00+05:30,78.25,78.7,77.4,78.7,101920,18079295,15.788404,24279.3,24100.0,23950,ATM-4,PUT,24150,2026-07-17
2026-07-17 13:12:00+05:30,78.35,79.4,77.75,79.4,109720,18089760,15.801762,24277.35,24100.0,23950,ATM-4,PUT,24150,2026-07-17
2026-07-17 13:13:00+05:30,79.5,79.55,78.0,78.15,161005,18090995,15.633419,24276.45,24100.0,23950,ATM-4,PUT,24150,2026-07-17
2026-07-17 13:14:00+05:30,78.2,78.55,77.25,78.2,140790,18109000,15.845336,24282.55,24100.0,23950,ATM-4,PUT,24150,2026-07-17
2026-07-17 13:15:00+05:30,64.5,67.35,64.25,66.0,185315,7080190,15.753081,24271.9,24050.0,23950,ATM-4,PUT,24150,2026-07-17
2026-07-17 13:16:00+05:30,66.05,66.25,65.3,65.5,95875,7073170,15.723219,24272.8,24050.0,23950,ATM-4,PUT,24150,2026-07-17
2026-07-17 13:17:00+05:30,79.85,80.45,79.3,79.8,170560,17982380,15.786127,24275.4,24100.0,23950,ATM-4,PUT,24150,2026-07-17
2026-07-17 13:18:00+05:30,65.5,66.25,64.55,65.4,81120,7104175,15.705838,24272.55,24050.0,23950,ATM-4,PUT,24150,2026-07-17
2026-07-17 13:19:00+05:30,65.45,66.35,65.3,65.95,63765,7110675,15.829059,24274.35,24050.0,23950,ATM-4,PUT,24150,2026-07-17
2026-07-17 13:20:00+05:30,80.35,80.35,78.7,79.7,156650,17971200,15.842911,24277.3,24100.0,23950,ATM-4,PUT,24150,2026-07-17
2026-07-17 13:21:00+05:30,79.85,80.4,79.2,80.15,122850,17985435,15.899214,24277.45,24100.0,23950,ATM-4,PUT,24150,2026-07-17
2026-07-17 13:22:00+05:30,65.15,65.75,64.95,65.2,35620,7131735,15.743347,24274.35,24050.0,23950,ATM-4,PUT,24150,2026-07-17
2026-07-17 13:23:00+05:30,65.1,66.3,64.8,66.2,60710,7138625,15.696313,24269.05,24050.0,23950,ATM-4,PUT,24150,2026-07-17
2026-07-17 13:24:00+05:30,66.0,67.5,65.3,67.5,181220,7145905,15.768538,24266.45,24050.0,23950,ATM-4,PUT,24150,2026-07-17
2026-07-17 13:25:00+05:30,67.7,68.15,65.3,65.35,289250,7133035,15.585283,24268.65,24050.0,23950,ATM-4,PUT,24150,2026-07-17
2026-07-17 13:26:00+05:30,65.0,67.4,65.0,67.0,114985,7138625,15.665896,24265.0,24050.0,23950,ATM-4,PUT,24150,2026-07-17
2026-07-17 13:27:00+05:30,67.0,67.85,66.85,67.75,92690,7143955,15.654815,24261.85,24050.0,23950,ATM-4,PUT,24150,2026-07-17
2026-07-17 13:28:00+05:30,67.65,67.95,67.1,67.6,119730,7161245,15.600034,24260.65,24050.0,23950,ATM-4,PUT,24150,2026-07-17
2026-07-17 13:29:00+05:30,67.3,67.6,65.5,66.8,166270,7154030,15.718943,24267.3,24050.0,23950,ATM-4,PUT,24150,2026-07-17
2026-07-17 13:30:00+05:30,66.8,66.85,65.6,65.95,90350,7138430,15.697125,24269.75,24050.0,23950,ATM-4,PUT,24150,2026-07-17
2026-07-17 13:31:00+05:30,65.5,66.75,64.8,66.4,116805,7126795,15.697821,24268.05,24050.0,23950,ATM-4,PUT,24150,2026-07-17
2026-07-17 13:32:00+05:30,66.3,67.5,65.95,66.45,95615,7129265,15.655762,24266.5,24050.0,23950,ATM-4,PUT,24150,2026-07-17
2026-07-17 13:33:00+05:30,66.95,67.5,66.45,66.6,70655,7130760,15.593611,24263.95,24050.0,23950,ATM-4,PUT,24150,2026-07-17
2026-07-17 13:34:00+05:30,66.85,67.4,66.0,66.2,54340,7138300,15.603184,24265.7,24050.0,23950,ATM-4,PUT,24150,2026-07-17
2026-07-17 13:35:00+05:30,66.05,66.2,65.2,65.5,78650,7141485,15.581678,24267.6,24050.0,23950,ATM-4,PUT,24150,2026-07-17
2026-07-17 13:36:00+05:30,65.7,65.7,63.7,65.3,225030,7155200,15.628625,24269.8,24050.0,23950,ATM-4,PUT,24150,2026-07-17
2026-07-17 13:37:00+05:30,65.3,66.8,64.75,66.8,118625,7153185,15.645794,24264.7,24050.0,23950,ATM-4,PUT,24150,2026-07-17
2026-07-17 13:38:00+05:30,66.35,66.85,65.7,66.85,99255,7157085,15.68788,24265.8,24050.0,23950,ATM-4,PUT,24150,2026-07-17
2026-07-17 13:39:00+05:30,66.5,66.85,65.5,65.9,51870,7173855,15.693983,24269.5,24050.0,23950,ATM-4,PUT,24150,2026-07-17
2026-07-17 13:40:00+05:30,66.0,68.95,65.9,68.55,218985,7164040,15.648436,24258.25,24050.0,23950,ATM-4,PUT,24150,2026-07-17
2026-07-17 13:41:00+05:30,68.4,70.3,67.6,67.6,430495,7083830,15.422768,24254.65,24050.0,23950,ATM-4,PUT,24150,2026-07-17
2026-07-17 13:42:00+05:30,67.3,70.25,67.3,69.4,243555,7086235,15.522076,24251.2,24050.0,23950,ATM-4,PUT,24150,2026-07-17
2026-07-17 13:43:00+05:30,69.35,70.0,68.65,68.65,197405,7052175,15.34375,24248.35,24050.0,23950,ATM-4,PUT,24150,2026-07-17
2026-07-17 13:44:00+05:30,68.5,69.8,67.4,67.85,155610,7034235,15.442587,24254.25,24050.0,23950,ATM-4,PUT,24150,2026-07-17
2026-07-17 13:45:00+05:30,68.0,69.25,67.85,68.55,114270,7040735,15.465654,24252.4,24050.0,23950,ATM-4,PUT,24150,2026-07-17
2026-07-17 13:46:00+05:30,68.55,71.25,67.9,71.25,278395,7045025,15.54162,24245.1,24050.0,23950,ATM-4,PUT,24150,2026-07-17
2026-07-17 13:47:00+05:30,70.55,72.15,70.3,71.2,515970,7024355,15.326681,24238.7,24050.0,23950,ATM-4,PUT,24150,2026-07-17
2026-07-17 13:48:00+05:30,70.45,71.2,68.95,69.15,315575,6958900,15.365247,24247.05,24050.0,23950,ATM-4,PUT,24150,2026-07-17
2026-07-17 13:49:00+05:30,69.15,70.8,69.0,70.6,171600,6939530,15.301335,24239.95,24050.0,23950,ATM-4,PUT,24150,2026-07-17
2026-07-17 13:50:00+05:30,70.65,72.7,70.15,72.15,360100,6945900,15.051764,24227.05,24050.0,23950,ATM-4,PUT,24150,2026-07-17
2026-07-17 13:51:00+05:30,58.7,60.9,58.55,60.0,1969500,17604015,14.919498,24215.95,24000.0,23950,ATM-4,PUT,24150,2026-07-17
2026-07-17 13:52:00+05:30,59.9,60.0,57.95,59.0,832390,17475380,14.998565,24222.35,24000.0,23950,ATM-4,PUT,24150,2026-07-17
2026-07-17 13:53:00+05:30,72.85,72.9,70.7,71.35,244270,6776185,15.03766,24229.25,24050.0,23950,ATM-4,PUT,24150,2026-07-17
2026-07-17 13:54:00+05:30,70.75,71.6,69.2,69.65,296270,6772090,14.936029,24232.0,24050.0,23950,ATM-4,PUT,24150,2026-07-17
2026-07-17 13:55:00+05:30,70.35,71.3,67.7,68.6,322530,6760585,14.964874,24236.5,24050.0,23950,ATM-4,PUT,24150,2026-07-17
2026-07-17 13:56:00+05:30,69.35,70.7,68.6,69.2,175305,6727890,14.911497,24232.75,24050.0,23950,ATM-4,PUT,24150,2026-07-17
2026-07-17 13:57:00+05:30,69.0,69.9,68.3,69.05,156260,6732895,14.926741,24233.7,24050.0,23950,ATM-4,PUT,24150,2026-07-17
2026-07-17 13:58:00+05:30,68.7,69.65,68.1,68.35,128310,6735040,14.975536,24237.6,24050.0,23950,ATM-4,PUT,24150,2026-07-17
2026-07-17 13:59:00+05:30,68.35,68.35,63.2,64.45,556400,6692205,14.927875,24250.1,24050.0,23950,ATM-4,PUT,24150,2026-07-17
2026-07-17 14:00:00+05:30,65.05,66.2,64.45,64.95,229190,6676865,14.945994,24248.8,24050.0,23950,ATM-4,PUT,24150,2026-07-17
2026-07-17 14:01:00+05:30,65.05,66.5,64.55,65.45,204035,6677190,14.941288,24246.8,24050.0,23950,ATM-4,PUT,24150,2026-07-17
2026-07-17 14:02:00+05:30,65.5,66.9,65.35,66.2,127855,6700200,14.926478,24243.6,24050.0,23950,ATM-4,PUT,24150,2026-07-17
2026-07-17 14:03:00+05:30,65.85,66.35,65.25,65.25,80925,6723340,14.902383,24246.25,24050.0,23950,ATM-4,PUT,24150,2026-07-17
2026-07-17 14:04:00+05:30,65.3,65.3,64.0,64.55,172185,6736600,14.953301,24250.35,24050.0,23950,ATM-4,PUT,24150,2026-07-17
2026-07-17 14:05:00+05:30,64.55,64.55,62.3,63.0,238680,6737315,14.910367,24254.7,24050.0,23950,ATM-4,PUT,24150,2026-07-17
2026-07-17 14:06:00+05:30,63.5,64.9,63.0,64.9,134550,6749600,14.974234,24249.65,24050.0,23950,ATM-4,PUT,24150,2026-07-17
2026-07-17 14:07:00+05:30,65.1,65.1,63.75,64.05,125125,6760585,14.920236,24251.05,24050.0,23950,ATM-4,PUT,24150,2026-07-17
2026-07-17 14:08:00+05:30,64.15,65.3,63.55,64.65,113295,6782555,14.99367,24251.1,24050.0,23950,ATM-4,PUT,24150,2026-07-17
2026-07-17 14:09:00+05:30,64.55,64.8,63.85,64.2,51090,6789055,15.001039,24252.95,24050.0,23950,ATM-4,PUT,24150,2026-07-17
2026-07-17 14:10:00+05:30,63.85,64.3,63.25,63.5,66690,6792825,14.95296,24254.0,24050.0,23950,ATM-4,PUT,24150,2026-07-17
2026-07-17 14:11:00+05:30,63.5,63.5,60.4,60.4,415415,6781515,14.939336,24265.25,24050.0,23950,ATM-4,PUT,24150,2026-07-17
2026-07-17 14:12:00+05:30,60.25,60.7,57.8,58.25,438945,6796010,14.877242,24271.6,24050.0,23950,ATM-4,PUT,24150,2026-07-17
2026-07-17 14:13:00+05:30,72.6,72.6,69.35,70.0,1169090,16166995,14.810908,24277.25,24100.0,23950,ATM-4,PUT,24150,2026-07-17
2026-07-17 14:14:00+05:30,70.1,71.2,69.0,69.85,804310,16078335,14.904354,24280.55,24100.0,23950,ATM-4,PUT,24150,2026-07-17
2026-07-17 14:15:00+05:30,85.35,85.4,63.15,63.45,2173925,11888565,14.620181,24345.4,24150.0,23950,ATM-4,PUT,24150,2026-07-17
2026-07-17 14:16:00+05:30,60.45,67.95,59.75,64.3,2212145,11622065,15.2785,24362.9,24150.0,23950,ATM-4,PUT,24150,2026-07-17
2026-07-17 14:17:00+05:30,63.85,68.1,63.8,66.8,1468740,11603865,15.079528,24347.45,24150.0,23950,ATM-4,PUT,24150,2026-07-17
2026-07-17 14:18:00+05:30,69.3,71.75,66.8,69.2,1075035,11420825,14.876636,24332.7,24150.0,23950,ATM-4,PUT,24150,2026-07-17
2026-07-17 14:19:00+05:30,57.65,61.25,57.15,61.0,1504165,15637375,14.777784,24308.45,24100.0,23950,ATM-4,PUT,24150,2026-07-17
2026-07-17 14:20:00+05:30,60.5,63.15,58.65,63.05,1386645,15630420,15.159414,24312.75,24100.0,23950,ATM-4,PUT,24150,2026-07-17
2026-07-17 14:21:00+05:30,62.8,65.65,61.7,64.4,1137630,15510755,15.213213,24309.35,24100.0,23950,ATM-4,PUT,24150,2026-07-17
2026-07-17 14:22:00+05:30,64.8,68.45,64.4,68.45,1088490,15434055,15.420235,24300.95,24100.0,23950,ATM-4,PUT,24150,2026-07-17
2026-07-17 14:23:00+05:30,68.5,70.2,66.65,70.2,1167270,15432560,15.35515,24292.7,24100.0,23950,ATM-4,PUT,24150,2026-07-17
2026-07-17 14:24:00+05:30,69.9,70.2,66.1,66.2,871910,15342665,15.074311,24298.3,24100.0,23950,ATM-4,PUT,24150,2026-07-17
2026-07-17 14:25:00+05:30,66.5,67.0,62.25,63.6,947505,15308280,15.057772,24307.3,24100.0,23950,ATM-4,PUT,24150,2026-07-17
2026-07-17 14:26:00+05:30,64.1,64.25,62.2,62.65,498225,15217995,15.071189,24311.25,24100.0,23950,ATM-4,PUT,24150,2026-07-17
2026-07-17 14:27:00+05:30,63.45,63.65,61.0,61.45,511810,15327195,14.919442,24310.95,24100.0,23950,ATM-4,PUT,24150,2026-07-17
2026-07-17 14:28:00+05:30,60.65,61.6,59.25,61.6,638820,15437110,14.89278,24309.5,24100.0,23950,ATM-4,PUT,24150,2026-07-17
2026-07-17 14:29:00+05:30,61.3,68.2,61.3,66.65,1379300,15303470,14.778346,24287.4,24100.0,23950,ATM-4,PUT,24150,2026-07-17
2026-07-17 14:30:00+05:30,66.8,66.85,62.1,62.4,947180,15323555,14.836743,24304.65,24100.0,23950,ATM-4,PUT,24150,2026-07-17
2026-07-17 14:31:00+05:30,62.7,64.35,62.0,64.0,398190,15341365,14.888364,24300.3,24100.0,23950,ATM-4,PUT,24150,2026-07-17
2026-07-17 14:32:00+05:30,64.1,64.85,63.15,63.95,348465,15421640,14.846719,24299.15,24100.0,23950,ATM-4,PUT,24150,2026-07-17
2026-07-17 14:33:00+05:30,63.75,64.8,63.35,63.8,269035,15438735,14.714519,24295.55,24100.0,23950,ATM-4,PUT,24150,2026-07-17
2026-07-17 14:34:00+05:30,63.8,64.45,62.9,63.45,264420,15436330,14.753153,24298.0,24100.0,23950,ATM-4,PUT,24150,2026-07-17
2026-07-17 14:35:00+05:30,63.4,64.3,63.15,63.95,187720,15433990,14.834047,24298.65,24100.0,23950,ATM-4,PUT,24150,2026-07-17
2026-07-17 14:36:00+05:30,64.0,65.8,63.95,65.05,366275,15378350,14.790174,24293.25,24100.0,23950,ATM-4,PUT,24150,2026-07-17
2026-07-17 14:37:00+05:30,65.25,66.0,63.7,65.4,345410,15401815,14.825724,24293.05,24100.0,23950,ATM-4,PUT,24150,2026-07-17
2026-07-17 14:38:00+05:30,65.4,66.2,63.05,63.8,339820,15367950,14.829385,24298.95,24100.0,23950,ATM-4,PUT,24150,2026-07-17
2026-07-17 14:39:00+05:30,63.8,64.3,63.0,63.2,197795,15341885,14.726055,24297.9,24100.0,23950,ATM-4,PUT,24150,2026-07-17
2026-07-17 14:40:00+05:30,63.2,63.75,62.5,63.3,269360,15255760,14.870282,24302.0,24100.0,23950,ATM-4,PUT,24150,2026-07-17
2026-07-17 14:41:00+05:30,63.3,64.05,61.0,61.0,483080,15218060,14.909721,24311.85,24100.0,23950,ATM-4,PUT,24150,2026-07-17
2026-07-17 14:42:00+05:30,61.25,62.25,60.85,61.2,346645,15125955,14.889156,24310.4,24100.0,23950,ATM-4,PUT,24150,2026-07-17
2026-07-17 14:43:00+05:30,61.05,61.25,59.5,60.6,707005,15013765,14.871769,24312.1,24100.0,23950,ATM-4,PUT,24150,2026-07-17
2026-07-17 14:44:00+05:30,60.75,60.75,58.35,58.9,588705,14958840,14.841017,24317.65,24100.0,23950,ATM-4,PUT,24150,2026-07-17
2026-07-17 14:45:00+05:30,58.7,59.65,58.5,59.1,398905,14962480,14.924069,24319.5,24100.0,23950,ATM-4,PUT,24150,2026-07-17
2026-07-17 14:46:00+05:30,72.75,73.7,70.25,70.5,362895,10796565,14.802689,24325.05,24150.0,23950,ATM-4,PUT,24150,2026-07-17
2026-07-17 14:47:00+05:30,57.75,58.9,57.5,58.45,278460,14891500,14.912343,24321.6,24100.0,23950,ATM-4,PUT,24150,2026-07-17
2026-07-17 14:48:00+05:30,58.2,59.7,57.0,57.15,344890,14891240,14.712576,24320.25,24100.0,23950,ATM-4,PUT,24150,2026-07-17
2026-07-17 14:49:00+05:30,57.3,57.35,55.6,56.45,669695,14999335,14.743263,24324.0,24100.0,23950,ATM-4,PUT,24150,2026-07-17
2026-07-17 14:50:00+05:30,56.25,58.15,55.65,57.55,526435,14984385,14.756101,24320.0,24100.0,23950,ATM-4,PUT,24150,2026-07-17
2026-07-17 14:51:00+05:30,57.5,58.45,56.0,58.0,375310,14968785,14.720674,24317.05,24100.0,23950,ATM-4,PUT,24150,2026-07-17
2026-07-17 14:52:00+05:30,57.9,58.1,57.0,57.7,335205,15000700,14.76432,24319.6,24100.0,23950,ATM-4,PUT,24150,2026-07-17
2026-07-17 14:53:00+05:30,58.0,58.7,56.7,56.7,462215,14983410,14.670678,24320.5,24100.0,23950,ATM-4,PUT,24150,2026-07-17
2026-07-17 14:54:00+05:30,57.2,58.4,56.7,57.05,257725,15062775,14.728698,24320.95,24100.0,23950,ATM-4,PUT,24150,2026-07-17
2026-07-17 14:55:00+05:30,70.8,71.75,69.45,69.65,315705,10871900,14.79421,24327.4,24150.0,23950,ATM-4,PUT,24150,2026-07-17
2026-07-17 14:56:00+05:30,55.4,57.85,54.45,57.05,874705,14960205,14.85285,24324.9,24100.0,23950,ATM-4,PUT,24150,2026-07-17
2026-07-17 14:57:00+05:30,57.15,58.4,56.9,57.7,279045,14965470,14.831941,24321.6,24100.0,23950,ATM-4,PUT,24150,2026-07-17
2026-07-17 14:58:00+05:30,57.9,59.5,57.7,58.85,379080,14955850,14.794659,24315.85,24100.0,23950,ATM-4,PUT,24150,2026-07-17
2026-07-17 14:59:00+05:30,58.7,59.75,58.05,59.75,470340,14950130,14.776404,24311.75,24100.0,23950,ATM-4,PUT,24150,2026-07-17
2026-07-17 15:00:00+05:30,59.2,60.05,54.65,55.7,1386580,14891565,14.653771,24323.7,24100.0,23950,ATM-4,PUT,24150,2026-07-17
2026-07-17 15:01:00+05:30,67.0,69.6,65.6,68.55,876460,10737155,14.615406,24325.6,24150.0,23950,ATM-4,PUT,24150,2026-07-17
2026-07-17 15:02:00+05:30,56.2,57.85,55.5,56.85,428610,14755520,14.818075,24324.35,24100.0,23950,ATM-4,PUT,24150,2026-07-17
2026-07-17 15:03:00+05:30,56.95,58.4,56.3,58.4,440375,14742455,14.811014,24317.95,24100.0,23950,ATM-4,PUT,24150,2026-07-17
2026-07-17 15:04:00+05:30,58.55,58.65,56.95,57.5,369915,14671475,14.829288,24322.05,24100.0,23950,ATM-4,PUT,24150,2026-07-17
2026-07-17 15:05:00+05:30,70.45,70.8,68.05,68.75,415675,10490220,14.707486,24327.55,24150.0,23950,ATM-4,PUT,24150,2026-07-17
2026-07-17 15:06:00+05:30,68.55,68.75,67.1,67.2,507260,10483005,14.618276,24330.2,24150.0,23950,ATM-4,PUT,24150,2026-07-17
2026-07-17 15:07:00+05:30,67.45,67.7,64.7,65.85,1248910,10678915,14.598077,24334.3,24150.0,23950,ATM-4,PUT,24150,2026-07-17
2026-07-17 15:08:00+05:30,66.3,67.65,65.85,66.95,858130,10912395,14.654247,24332.1,24150.0,23950,ATM-4,PUT,24150,2026-07-17
2026-07-17 15:09:00+05:30,66.6,67.1,65.7,66.7,379665,10949900,14.674134,24333.55,24150.0,23950,ATM-4,PUT,24150,2026-07-17
2026-07-17 15:10:00+05:30,66.9,67.85,66.6,66.9,299910,10871250,14.639187,24331.75,24150.0,23950,ATM-4,PUT,24150,2026-07-17
2026-07-17 15:11:00+05:30,67.05,67.2,65.75,66.05,291525,10829260,14.558489,24332.25,24150.0,23950,ATM-4,PUT,24150,2026-07-17
2026-07-17 15:12:00+05:30,66.35,66.35,63.8,64.95,530530,10742225,14.556231,24336.05,24150.0,23950,ATM-4,PUT,24150,2026-07-17
2026-07-17 15:13:00+05:30,65.25,66.3,64.95,65.9,327600,10627240,14.630182,24334.9,24150.0,23950,ATM-4,PUT,24150,2026-07-17
2026-07-17 15:14:00+05:30,66.0,69.35,65.9,69.0,744120,10381865,14.786044,24328.75,24150.0,23950,ATM-4,PUT,24150,2026-07-17
2026-07-17 15:15:00+05:30,56.8,59.3,55.85,58.05,1012115,13426140,14.96517,24323.85,24100.0,23950,ATM-4,PUT,24150,2026-07-17
2026-07-17 15:16:00+05:30,58.25,59.15,58.0,58.55,597610,13287040,14.99819,24322.9,24100.0,23950,ATM-4,PUT,24150,2026-07-17
2026-07-17 15:17:00+05:30,71.9,71.95,69.25,70.5,535535,9991020,14.854263,24325.55,24150.0,23950,ATM-4,PUT,24150,2026-07-17
2026-07-17 15:18:00+05:30,70.6,71.2,69.75,71.2,356460,9915490,15.043843,24328.8,24150.0,23950,ATM-4,PUT,24150,2026-07-17
2026-07-17 15:19:00+05:30,71.2,71.75,70.15,71.2,419705,9699495,15.05167,24329.0,24150.0,23950,ATM-4,PUT,24150,2026-07-17
2026-07-17 15:20:00+05:30,71.65,72.15,70.25,70.45,489970,9537645,15.098574,24332.95,24150.0,23950,ATM-4,PUT,24150,2026-07-17
2026-07-17 15:21:00+05:30,70.8,71.25,66.25,66.55,589615,9439040,14.657036,24333.15,24150.0,23950,ATM-4,PUT,24150,2026-07-17
2026-07-17 15:22:00+05:30,66.55,67.95,65.0,67.65,771745,9287200,14.907102,24336.85,24150.0,23950,ATM-4,PUT,24150,2026-07-17
2026-07-17 15:23:00+05:30,67.5,68.7,66.8,67.2,388830,9210500,14.892187,24337.95,24150.0,23950,ATM-4,PUT,24150,2026-07-17
2026-07-17 15:24:00+05:30,67.0,67.45,65.95,67.3,412100,9137180,15.06365,24342.8,24150.0,23950,ATM-4,PUT,24150,2026-07-17
2026-07-17 15:25:00+05:30,68.2,69.75,67.3,68.75,625820,9012900,15.305389,24345.0,24150.0,23950,ATM-4,PUT,24150,2026-07-17
2026-07-17 15:26:00+05:30,69.25,69.45,67.25,67.95,420615,8852610,15.141587,24342.8,24150.0,23950,ATM-4,PUT,24150,2026-07-17
2026-07-17 15:27:00+05:30,68.8,68.95,66.5,66.9,448045,8770645,15.05964,24344.0,24150.0,23950,ATM-4,PUT,24150,2026-07-17
2026-07-17 15:28:00+05:30,66.7,67.4,63.0,63.0,821795,8691735,14.4547,24339.4,24150.0,23950,ATM-4,PUT,24150,2026-07-17
2026-07-17 15:29:00+05:30,63.55,63.9,59.9,59.9,984880,8538270,14.323273,24346.7,24150.0,23950,ATM-4,PUT,24150,2026-07-17
2026-07-17 09:15:00+05:30,184.9,206.8,168.55,206.8,1482325,3864575,8.702245,24151.25,24000.0,24000,ATM-3,CALL,24150,2026-07-17
2026-07-17 09:16:00+05:30,209.65,221.85,206.4,221.85,1417520,3993015,8.59758,24171.0,24000.0,24000,ATM-3,CALL,24150,2026-07-17
2026-07-17 09:17:00+05:30,188.4,194.35,187.5,190.5,799500,2428855,9.047933,24176.15,24050.0,24000,ATM-3,CALL,24150,2026-07-17
2026-07-17 09:18:00+05:30,191.35,202.9,190.5,201.45,632775,2364895,9.352346,24187.4,24050.0,24000,ATM-3,CALL,24150,2026-07-17
2026-07-17 09:19:00+05:30,203.3,207.65,199.45,202.7,604110,2264210,9.463854,24187.85,24050.0,24000,ATM-3,CALL,24150,2026-07-17
2026-07-17 09:20:00+05:30,200.8,207.65,198.25,201.65,642590,2139085,9.346969,24187.75,24050.0,24000,ATM-3,CALL,24150,2026-07-17
2026-07-17 09:21:00+05:30,201.9,202.6,196.65,198.15,238355,2104375,9.105685,24185.75,24050.0,24000,ATM-3,CALL,24150,2026-07-17
2026-07-17 09:22:00+05:30,198.35,202.4,197.3,202.4,178555,2090855,9.348793,24188.75,24050.0,24000,ATM-3,CALL,24150,2026-07-17
2026-07-17 09:23:00+05:30,201.5,203.25,197.6,198.15,174265,2103205,9.070901,24186.15,24050.0,24000,ATM-3,CALL,24150,2026-07-17
2026-07-17 09:24:00+05:30,197.85,205.65,196.75,205.5,198185,2108405,9.43888,24191.9,24050.0,24000,ATM-3,CALL,24150,2026-07-17
2026-07-17 09:25:00+05:30,205.05,212.4,204.25,210.15,600730,2090205,9.359795,24198.85,24050.0,24000,ATM-3,CALL,24150,2026-07-17
2026-07-17 09:26:00+05:30,210.6,213.55,207.8,208.55,446030,2202200,9.065542,24199.8,24050.0,24000,ATM-3,CALL,24150,2026-07-17
2026-07-17 09:27:00+05:30,209.0,214.8,206.25,211.35,260325,2351375,9.121888,24202.85,24050.0,24000,ATM-3,CALL,24150,2026-07-17
2026-07-17 09:28:00+05:30,212.15,212.7,209.85,212.15,123240,2346045,9.029488,24204.8,24050.0,24000,ATM-3,CALL,24150,2026-07-17
2026-07-17 09:29:00+05:30,211.0,217.5,210.65,216.45,172510,2335450,9.058661,24210.0,24050.0,24000,ATM-3,CALL,24150,2026-07-17
2026-07-17 09:30:00+05:30,217.4,218.9,207.7,210.4,370370,2291575,8.915909,24203.7,24050.0,24000,ATM-3,CALL,24150,2026-07-17
2026-07-17 09:31:00+05:30,210.85,213.3,204.0,204.6,223925,2254915,8.85876,24196.85,24050.0,24000,ATM-3,CALL,24150,2026-07-17
2026-07-17 09:32:00+05:30,205.05,210.75,201.3,210.75,197730,2260505,8.808868,24205.2,24050.0,24000,ATM-3,CALL,24150,2026-07-17
2026-07-17 09:33:00+05:30,211.85,215.7,209.0,214.0,186485,2267720,8.65907,24210.7,24050.0,24000,ATM-3,CALL,24150,2026-07-17
2026-07-17 09:34:00+05:30,215.05,219.3,208.8,209.5,228280,2235025,8.493384,24206.6,24050.0,24000,ATM-3,CALL,24150,2026-07-17
2026-07-17 09:35:00+05:30,209.65,211.95,208.75,209.35,81445,2226445,8.424585,24207.05,24050.0,24000,ATM-3,CALL,24150,2026-07-17
2026-07-17 09:36:00+05:30,208.4,211.45,205.8,210.55,102895,2228460,8.329777,24209.4,24050.0,24000,ATM-3,CALL,24150,2026-07-17
2026-07-17 09:37:00+05:30,211.2,216.9,208.9,216.9,127335,2225665,8.443904,24216.25,24050.0,24000,ATM-3,CALL,24150,2026-07-17
2026-07-17 09:38:00+05:30,217.4,220.0,214.35,218.9,273130,2169960,8.100618,24221.55,24050.0,24000,ATM-3,CALL,24150,2026-07-17
2026-07-17 09:39:00+05:30,219.05,220.35,214.6,215.85,334555,1990755,7.94171,24219.15,24050.0,24000,ATM-3,CALL,24150,2026-07-17
2026-07-17 09:40:00+05:30,215.35,219.55,213.8,217.5,120055,1977300,7.953468,24221.05,24050.0,24000,ATM-3,CALL,24150,2026-07-17
2026-07-17 09:41:00+05:30,217.5,220.0,216.0,216.95,91975,1958905,7.719116,24222.2,24050.0,24000,ATM-3,CALL,24150,2026-07-17
2026-07-17 09:42:00+05:30,219.0,220.6,216.95,219.15,83525,1947595,7.735139,24224.7,24050.0,24000,ATM-3,CALL,24150,2026-07-17
2026-07-17 09:43:00+05:30,185.1,189.15,185.05,187.45,618605,6796335,8.77771,24225.15,24100.0,24000,ATM-3,CALL,24150,2026-07-17
2026-07-17 09:44:00+05:30,189.4,193.65,184.3,190.2,1000025,6572475,8.545309,24231.3,24100.0,24000,ATM-3,CALL,24150,2026-07-17
2026-07-17 09:45:00+05:30,190.5,200.6,190.2,193.65,1241695,6454045,8.6713,24234.5,24100.0,24000,ATM-3,CALL,24150,2026-07-17
2026-07-17 09:46:00+05:30,193.6,199.0,191.35,196.65,482495,6374355,8.369021,24241.45,24100.0,24000,ATM-3,CALL,24150,2026-07-17
2026-07-17 09:47:00+05:30,196.8,201.2,192.5,193.85,551005,6366165,8.519881,24236.35,24100.0,24000,ATM-3,CALL,24150,2026-07-17
2026-07-17 09:48:00+05:30,194.0,198.6,193.05,196.45,223015,6319885,8.486879,24240.05,24100.0,24000,ATM-3,CALL,24150,2026-07-17
2026-07-17 09:49:00+05:30,196.7,197.05,192.45,194.25,219765,6258005,8.523924,24236.85,24100.0,24000,ATM-3,CALL,24150,2026-07-17
2026-07-17 09:50:00+05:30,194.65,198.9,194.25,197.65,283920,6247995,8.324749,24243.2,24100.0,24000,ATM-3,CALL,24150,2026-07-17
2026-07-17 09:51:00+05:30,197.9,197.9,186.65,187.2,430625,6218355,8.408139,24228.9,24100.0,24000,ATM-3,CALL,24150,2026-07-17
2026-07-17 09:52:00+05:30,188.5,189.95,186.55,187.3,298480,6161935,8.321023,24229.95,24100.0,24000,ATM-3,CALL,24150,2026-07-17
2026-07-17 09:53:00+05:30,187.45,192.1,186.2,192.1,314210,6158165,8.620762,24233.1,24100.0,24000,ATM-3,CALL,24150,2026-07-17
2026-07-17 09:54:00+05:30,192.0,199.65,191.35,196.3,545935,6157840,8.479496,24240.0,24100.0,24000,ATM-3,CALL,24150,2026-07-17
2026-07-17 09:55:00+05:30,196.55,196.55,187.55,188.95,322465,6056310,8.506831,24230.2,24100.0,24000,ATM-3,CALL,24150,2026-07-17
2026-07-17 09:56:00+05:30,222.55,223.4,215.0,216.3,111930,1682915,7.510344,24223.1,24050.0,24000,ATM-3,CALL,24150,2026-07-17
2026-07-17 09:57:00+05:30,218.0,218.0,211.95,214.2,179790,1741675,7.682954,24219.35,24050.0,24000,ATM-3,CALL,24150,2026-07-17
2026-07-17 09:58:00+05:30,181.0,186.9,179.5,186.5,377065,6078475,8.31409,24229.05,24100.0,24000,ATM-3,CALL,24150,2026-07-17
2026-07-17 09:59:00+05:30,186.55,188.8,184.8,188.35,247195,6069375,8.564581,24228.85,24100.0,24000,ATM-3,CALL,24150,2026-07-17
2026-07-17 10:00:00+05:30,222.95,226.2,212.75,214.05,98735,1735435,7.347337,24221.65,24050.0,24000,ATM-3,CALL,24150,2026-07-17
2026-07-17 10:01:00+05:30,213.8,218.15,204.9,206.25,124085,1723735,7.361378,24212.35,24050.0,24000,ATM-3,CALL,24150,2026-07-17
2026-07-17 10:02:00+05:30,207.95,210.6,206.25,208.45,88595,1720095,7.233216,24215.9,24050.0,24000,ATM-3,CALL,24150,2026-07-17
2026-07-17 10:03:00+05:30,208.8,210.6,206.55,209.7,45370,1721070,7.56332,24214.95,24050.0,24000,ATM-3,CALL,24150,2026-07-17
2026-07-17 10:04:00+05:30,209.85,210.3,205.0,207.35,59800,1718600,7.250109,24214.5,24050.0,24000,ATM-3,CALL,24150,2026-07-17
2026-07-17 10:05:00+05:30,207.85,215.0,206.7,214.25,87815,1707550,7.436076,24221.3,24050.0,24000,ATM-3,CALL,24150,2026-07-17
2026-07-17 10:06:00+05:30,214.0,217.3,213.0,213.65,65975,1699815,7.133697,24222.7,24050.0,24000,ATM-3,CALL,24150,2026-07-17
2026-07-17 10:07:00+05:30,179.65,182.65,179.0,182.1,129870,6060665,8.099254,24225.65,24100.0,24000,ATM-3,CALL,24150,2026-07-17
2026-07-17 10:08:00+05:30,181.9,184.0,179.2,184.0,191035,6046885,8.150818,24227.6,24100.0,24000,ATM-3,CALL,24150,2026-07-17
2026-07-17 10:09:00+05:30,184.35,190.0,183.95,184.95,332865,5997485,7.838877,24231.95,24100.0,24000,ATM-3,CALL,24150,2026-07-17
2026-07-17 10:10:00+05:30,185.25,187.55,184.0,184.35,140660,5993260,7.89465,24230.65,24100.0,24000,ATM-3,CALL,24150,2026-07-17
2026-07-17 10:11:00+05:30,185.15,186.5,183.9,186.5,111670,5983380,7.910647,24233.25,24100.0,24000,ATM-3,CALL,24150,2026-07-17
2026-07-17 10:12:00+05:30,186.3,195.1,186.05,195.1,549185,5972590,8.355016,24239.9,24100.0,24000,ATM-3,CALL,24150,2026-07-17
2026-07-17 10:13:00+05:30,195.25,199.5,194.65,195.7,521365,5870280,7.774126,24246.1,24100.0,24000,ATM-3,CALL,24150,2026-07-17
2026-07-17 10:14:00+05:30,195.5,195.7,190.0,190.25,371995,5832255,7.715799,24239.85,24100.0,24000,ATM-3,CALL,24150,2026-07-17
2026-07-17 10:15:00+05:30,190.55,197.0,189.55,196.25,279565,5816395,7.897563,24245.7,24100.0,24000,ATM-3,CALL,24150,2026-07-17
2026-07-17 10:16:00+05:30,196.2,199.2,195.95,196.8,287235,5825755,7.812979,24247.15,24100.0,24000,ATM-3,CALL,24150,2026-07-17
2026-07-17 10:17:00+05:30,197.1,207.65,196.0,205.65,677820,5812040,8.316755,24253.65,24100.0,24000,ATM-3,CALL,24150,2026-07-17
2026-07-17 10:18:00+05:30,205.6,238.55,205.0,234.9,1646775,5634135,10.026492,24274.45,24100.0,24000,ATM-3,CALL,24150,2026-07-17
2026-07-17 10:19:00+05:30,235.25,237.5,223.35,226.45,776490,5438485,8.939378,24273.95,24100.0,24000,ATM-3,CALL,24150,2026-07-17
2026-07-17 10:20:00+05:30,226.25,231.1,220.65,222.0,510250,5371470,9.123474,24266.75,24100.0,24000,ATM-3,CALL,24150,2026-07-17
2026-07-17 10:21:00+05:30,221.5,224.25,219.0,220.45,243750,5346900,8.740466,24268.3,24100.0,24000,ATM-3,CALL,24150,2026-07-17
2026-07-17 10:22:00+05:30,220.0,221.9,215.8,216.0,206115,5346835,8.721427,24262.95,24100.0,24000,ATM-3,CALL,24150,2026-07-17
2026-07-17 10:23:00+05:30,216.2,216.2,212.0,213.8,229840,5340790,8.873044,24258.8,24100.0,24000,ATM-3,CALL,24150,2026-07-17
2026-07-17 10:24:00+05:30,214.65,214.65,210.5,213.55,155415,5342155,9.173344,24255.6,24100.0,24000,ATM-3,CALL,24150,2026-07-17
2026-07-17 10:25:00+05:30,214.3,218.95,211.8,218.95,251680,5349955,9.0238,24263.9,24100.0,24000,ATM-3,CALL,24150,2026-07-17
2026-07-17 10:26:00+05:30,218.1,218.95,215.0,218.3,158665,5373485,8.733439,24265.75,24100.0,24000,ATM-3,CALL,24150,2026-07-17
2026-07-17 10:27:00+05:30,218.85,222.75,216.0,218.95,237510,5376020,8.610655,24267.65,24100.0,24000,ATM-3,CALL,24150,2026-07-17
2026-07-17 10:28:00+05:30,219.15,224.95,218.95,223.05,280735,5364320,8.539688,24273.3,24100.0,24000,ATM-3,CALL,24150,2026-07-17
2026-07-17 10:29:00+05:30,189.9,198.3,189.9,197.2,331175,5472480,9.402636,24281.55,24150.0,24000,ATM-3,CALL,24150,2026-07-17
2026-07-17 10:30:00+05:30,196.7,197.6,191.1,195.0,284115,5423015,9.332227,24279.4,24150.0,24000,ATM-3,CALL,24150,2026-07-17
2026-07-17 10:31:00+05:30,195.15,199.5,195.0,199.5,326430,5376865,9.541715,24283.1,24150.0,24000,ATM-3,CALL,24150,2026-07-17
2026-07-17 10:32:00+05:30,198.9,206.4,198.1,198.1,475735,5324995,9.184949,24285.2,24150.0,24000,ATM-3,CALL,24150,2026-07-17
2026-07-17 10:33:00+05:30,198.6,198.95,193.1,196.6,259415,5323110,9.503601,24279.65,24150.0,24000,ATM-3,CALL,24150,2026-07-17
2026-07-17 10:34:00+05:30,195.85,200.9,195.45,200.0,139750,5329675,9.498277,24284.3,24150.0,24000,ATM-3,CALL,24150,2026-07-17
2026-07-17 10:35:00+05:30,234.8,234.8,220.9,221.8,202150,5218330,8.497544,24272.2,24100.0,24000,ATM-3,CALL,24150,2026-07-17
2026-07-17 10:36:00+05:30,221.25,223.4,218.75,222.0,147615,5212285,8.492113,24272.5,24100.0,24000,ATM-3,CALL,24150,2026-07-17
2026-07-17 10:37:00+05:30,222.65,222.85,216.0,216.0,145665,5221905,8.245336,24267.25,24100.0,24000,ATM-3,CALL,24150,2026-07-17
2026-07-17 10:38:00+05:30,216.15,219.15,213.25,218.4,169000,5178550,8.528714,24267.8,24100.0,24000,ATM-3,CALL,24150,2026-07-17
2026-07-17 10:39:00+05:30,218.5,219.45,215.35,215.45,93340,5194670,8.166907,24267.25,24100.0,24000,ATM-3,CALL,24150,2026-07-17
2026-07-17 10:40:00+05:30,216.15,219.5,214.7,219.5,99840,5209945,8.612729,24268.45,24100.0,24000,ATM-3,CALL,24150,2026-07-17
2026-07-17 10:41:00+05:30,218.65,220.0,217.0,219.45,72995,5219370,8.334939,24270.75,24100.0,24000,ATM-3,CALL,24150,2026-07-17
2026-07-17 10:42:00+05:30,219.95,220.7,216.55,217.85,158210,5235945,8.282065,24269.25,24100.0,24000,ATM-3,CALL,24150,2026-07-17
2026-07-17 10:43:00+05:30,218.85,218.85,201.55,204.85,403975,5182190,8.821429,24248.15,24100.0,24000,ATM-3,CALL,24150,2026-07-17
2026-07-17 10:44:00+05:30,207.45,211.0,204.85,208.6,218660,5181345,8.146143,24259.1,24100.0,24000,ATM-3,CALL,24150,2026-07-17
2026-07-17 10:45:00+05:30,208.2,209.7,201.05,201.55,201110,5214430,7.812986,24253.3,24100.0,24000,ATM-3,CALL,24150,2026-07-17
2026-07-17 10:46:00+05:30,201.15,204.9,200.2,202.65,219895,5211895,8.062989,24252.5,24100.0,24000,ATM-3,CALL,24150,2026-07-17
2026-07-17 10:47:00+05:30,203.75,207.7,202.15,207.0,133835,5220800,8.455341,24254.4,24100.0,24000,ATM-3,CALL,24150,2026-07-17
2026-07-17 10:48:00+05:30,206.45,207.0,201.6,201.65,99775,5236855,7.795615,24253.6,24100.0,24000,ATM-3,CALL,24150,2026-07-17
2026-07-17 10:49:00+05:30,202.2,203.9,198.6,200.25,149955,5266170,8.023908,24249.9,24100.0,24000,ATM-3,CALL,24150,2026-07-17
2026-07-17 10:50:00+05:30,200.5,204.1,198.6,201.3,126035,5284500,8.042397,24251.05,24100.0,24000,ATM-3,CALL,24150,2026-07-17
2026-07-17 10:51:00+05:30,201.4,201.4,197.05,197.05,111540,5304065,7.688251,24248.9,24100.0,24000,ATM-3,CALL,24150,2026-07-17
2026-07-17 10:52:00+05:30,197.6,200.95,195.2,200.65,130910,5300620,7.873046,24251.75,24100.0,24000,ATM-3,CALL,24150,2026-07-17
2026-07-17 10:53:00+05:30,201.4,206.35,200.65,205.4,233805,5335005,8.036412,24256.2,24100.0,24000,ATM-3,CALL,24150,2026-07-17
2026-07-17 10:54:00+05:30,204.8,205.4,197.85,200.75,221195,5324345,7.430912,24255.55,24100.0,24000,ATM-3,CALL,24150,2026-07-17
2026-07-17 10:55:00+05:30,200.9,202.1,197.15,202.1,99320,5312060,7.48594,24256.75,24100.0,24000,ATM-3,CALL,24150,2026-07-17
2026-07-17 10:56:00+05:30,202.35,206.75,200.3,203.7,233285,5320705,7.835776,24255.85,24100.0,24000,ATM-3,CALL,24150,2026-07-17
2026-07-17 10:57:00+05:30,204.5,205.1,200.45,202.85,74490,5318560,7.632682,24256.5,24100.0,24000,ATM-3,CALL,24150,2026-07-17
2026-07-17 10:58:00+05:30,202.95,206.5,202.2,206.45,91845,5308875,8.011968,24257.75,24100.0,24000,ATM-3,CALL,24150,2026-07-17
2026-07-17 10:59:00+05:30,206.0,206.45,203.35,203.7,107770,5310760,7.700341,24257.0,24100.0,24000,ATM-3,CALL,24150,2026-07-17
2026-07-17 11:00:00+05:30,203.6,209.4,203.25,206.45,166010,5281575,7.754928,24259.9,24100.0,24000,ATM-3,CALL,24150,2026-07-17
2026-07-17 11:01:00+05:30,206.55,208.75,202.0,203.6,150345,5285345,7.736743,24256.6,24100.0,24000,ATM-3,CALL,24150,2026-07-17
2026-07-17 11:02:00+05:30,202.75,203.6,196.85,197.4,186875,5275205,7.791605,24248.55,24100.0,24000,ATM-3,CALL,24150,2026-07-17
2026-07-17 11:03:00+05:30,199.0,201.7,197.4,201.7,81445,5274360,8.213402,24250.15,24100.0,24000,ATM-3,CALL,24150,2026-07-17
2026-07-17 11:04:00+05:30,201.45,205.6,201.0,205.6,91910,5276310,7.847546,24258.15,24100.0,24000,ATM-3,CALL,24150,2026-07-17
2026-07-17 11:05:00+05:30,205.35,209.35,205.0,206.1,225810,5252845,7.412552,24262.2,24100.0,24000,ATM-3,CALL,24150,2026-07-17
2026-07-17 11:06:00+05:30,205.0,208.7,203.3,208.7,112905,5258825,7.851827,24261.9,24100.0,24000,ATM-3,CALL,24150,2026-07-17
2026-07-17 11:07:00+05:30,208.8,208.8,196.2,196.2,208260,5239780,7.900937,24246.15,24100.0,24000,ATM-3,CALL,24150,2026-07-17
2026-07-17 11:08:00+05:30,196.2,196.3,189.25,193.4,292760,5218070,8.35593,24238.35,24100.0,24000,ATM-3,CALL,24150,2026-07-17
2026-07-17 11:09:00+05:30,193.4,196.0,191.6,194.45,143065,5221385,8.127205,24241.9,24100.0,24000,ATM-3,CALL,24150,2026-07-17
2026-07-17 11:10:00+05:30,194.3,195.1,190.2,190.75,114725,5238220,7.950285,24238.9,24100.0,24000,ATM-3,CALL,24150,2026-07-17
2026-07-17 11:11:00+05:30,191.15,195.0,190.3,193.6,113685,5234710,8.137414,24240.75,24100.0,24000,ATM-3,CALL,24150,2026-07-17
2026-07-17 11:12:00+05:30,193.4,195.0,192.15,194.3,62075,5236725,8.131787,24241.7,24100.0,24000,ATM-3,CALL,24150,2026-07-17
2026-07-17 11:13:00+05:30,194.7,194.7,188.35,190.15,132405,5234775,7.979388,24237.9,24100.0,24000,ATM-3,CALL,24150,2026-07-17
2026-07-17 11:14:00+05:30,190.15,194.85,188.45,192.7,160745,5234255,8.537655,24235.7,24100.0,24000,ATM-3,CALL,24150,2026-07-17
2026-07-17 11:15:00+05:30,193.0,194.55,190.75,192.9,83915,5258825,8.237074,24238.95,24100.0,24000,ATM-3,CALL,24150,2026-07-17
2026-07-17 11:16:00+05:30,193.35,193.35,187.1,188.15,135850,5263180,7.984155,24235.35,24100.0,24000,ATM-3,CALL,24150,2026-07-17
2026-07-17 11:17:00+05:30,187.55,192.75,187.55,189.45,117000,5282030,7.716186,24239.5,24100.0,24000,ATM-3,CALL,24150,2026-07-17
2026-07-17 11:18:00+05:30,189.5,189.8,186.0,186.1,120445,5286450,7.542161,24236.9,24100.0,24000,ATM-3,CALL,24150,2026-07-17
2026-07-17 11:19:00+05:30,186.55,190.8,185.05,189.75,159315,5313100,7.518586,24241.65,24100.0,24000,ATM-3,CALL,24150,2026-07-17
2026-07-17 11:20:00+05:30,189.95,191.25,188.6,189.65,70915,5327465,7.494029,24241.75,24100.0,24000,ATM-3,CALL,24150,2026-07-17
2026-07-17 11:21:00+05:30,189.6,190.4,188.15,190.25,54925,5331950,7.585861,24241.7,24100.0,24000,ATM-3,CALL,24150,2026-07-17
2026-07-17 11:22:00+05:30,190.0,197.0,190.0,195.2,266370,5309980,7.388249,24249.45,24100.0,24000,ATM-3,CALL,24150,2026-07-17
2026-07-17 11:23:00+05:30,194.85,195.2,186.7,187.9,200330,5312905,7.625071,24238.45,24100.0,24000,ATM-3,CALL,24150,2026-07-17
2026-07-17 11:24:00+05:30,188.6,194.9,185.9,194.0,166400,5298540,7.604203,24246.2,24100.0,24000,ATM-3,CALL,24150,2026-07-17
2026-07-17 11:25:00+05:30,194.1,194.5,189.75,190.7,119860,5285670,7.53968,24242.7,24100.0,24000,ATM-3,CALL,24150,2026-07-17
2026-07-17 11:26:00+05:30,190.6,191.95,188.0,191.9,80340,5285020,7.854655,24241.4,24100.0,24000,ATM-3,CALL,24150,2026-07-17
2026-07-17 11:27:00+05:30,191.65,194.0,190.9,192.5,73970,5282875,7.705078,24243.5,24100.0,24000,ATM-3,CALL,24150,2026-07-17
2026-07-17 11:28:00+05:30,192.6,193.5,190.55,192.25,53300,5284890,7.473892,24245.2,24100.0,24000,ATM-3,CALL,24150,2026-07-17
2026-07-17 11:29:00+05:30,192.8,195.85,191.3,191.3,112515,5273840,7.595019,24243.0,24100.0,24000,ATM-3,CALL,24150,2026-07-17
2026-07-17 11:30:00+05:30,191.9,194.65,191.0,192.35,65910,5267015,7.613105,24244.15,24100.0,24000,ATM-3,CALL,24150,2026-07-17
2026-07-17 11:31:00+05:30,191.75,193.6,190.0,192.8,71825,5258760,7.438519,24246.2,24100.0,24000,ATM-3,CALL,24150,2026-07-17
2026-07-17 11:32:00+05:30,193.4,194.4,190.55,192.2,59930,5248685,7.742169,24242.85,24100.0,24000,ATM-3,CALL,24150,2026-07-17
2026-07-17 11:33:00+05:30,193.0,194.85,189.5,193.95,154830,5223530,7.275538,24248.95,24100.0,24000,ATM-3,CALL,24150,2026-07-17
2026-07-17 11:34:00+05:30,194.25,200.65,193.95,196.3,297895,5216315,7.171616,24252.6,24100.0,24000,ATM-3,CALL,24150,2026-07-17
2026-07-17 11:35:00+05:30,197.0,202.75,196.3,201.85,230620,5202535,7.261508,24258.55,24100.0,24000,ATM-3,CALL,24150,2026-07-17
2026-07-17 11:36:00+05:30,201.0,203.9,195.9,196.8,254995,5201625,7.471368,24250.85,24100.0,24000,ATM-3,CALL,24150,2026-07-17
2026-07-17 11:37:00+05:30,197.5,198.9,192.45,193.15,168155,5180435,7.412737,24246.9,24100.0,24000,ATM-3,CALL,24150,2026-07-17
2026-07-17 11:38:00+05:30,193.3,198.6,193.05,198.5,89895,5179590,7.682035,24251.2,24100.0,24000,ATM-3,CALL,24150,2026-07-17
2026-07-17 11:39:00+05:30,199.05,202.0,198.0,201.9,144040,5169775,7.470138,24257.05,24100.0,24000,ATM-3,CALL,24150,2026-07-17
2026-07-17 11:40:00+05:30,201.95,202.8,198.6,202.15,148135,5157360,7.321744,24258.5,24100.0,24000,ATM-3,CALL,24150,2026-07-17
2026-07-17 11:41:00+05:30,201.95,207.1,201.95,206.75,435825,5145920,7.413068,24263.3,24100.0,24000,ATM-3,CALL,24150,2026-07-17
2026-07-17 11:42:00+05:30,207.4,207.9,203.0,203.8,199875,5161650,7.197009,24261.4,24100.0,24000,ATM-3,CALL,24150,2026-07-17
2026-07-17 11:43:00+05:30,203.55,206.85,202.9,205.5,105690,5160415,7.377176,24262.1,24100.0,24000,ATM-3,CALL,24150,2026-07-17
2026-07-17 11:44:00+05:30,204.8,210.6,204.8,207.95,267735,5127005,7.066823,24267.2,24100.0,24000,ATM-3,CALL,24150,2026-07-17
2026-07-17 11:45:00+05:30,208.0,211.3,207.8,210.0,208780,5131035,6.761267,24271.55,24100.0,24000,ATM-3,CALL,24150,2026-07-17
2026-07-17 11:46:00+05:30,209.5,210.85,206.8,209.0,151450,5146375,6.974903,24269.05,24100.0,24000,ATM-3,CALL,24150,2026-07-17
2026-07-17 11:47:00+05:30,209.45,209.6,204.15,206.05,119535,5144490,6.866961,24266.35,24100.0,24000,ATM-3,CALL,24150,2026-07-17
2026-07-17 11:48:00+05:30,205.5,209.9,205.15,207.15,72150,5144230,6.863941,24267.65,24100.0,24000,ATM-3,CALL,24150,2026-07-17
2026-07-17 11:49:00+05:30,208.25,209.0,206.4,207.6,68640,5143710,6.944971,24267.65,24100.0,24000,ATM-3,CALL,24150,2026-07-17
2026-07-17 11:50:00+05:30,208.55,208.8,206.0,207.9,44525,5143190,6.52698,24270.6,24100.0,24000,ATM-3,CALL,24150,2026-07-17
2026-07-17 11:51:00+05:30,208.75,211.7,207.9,210.05,174915,5134155,6.646092,24272.35,24100.0,24000,ATM-3,CALL,24150,2026-07-17
2026-07-17 11:52:00+05:30,210.25,215.65,209.55,215.65,187070,5131425,7.418943,24273.85,24100.0,24000,ATM-3,CALL,24150,2026-07-17
2026-07-17 11:53:00+05:30,182.8,185.3,180.45,183.2,452465,5278585,8.035625,24278.7,24150.0,24000,ATM-3,CALL,24150,2026-07-17
2026-07-17 11:54:00+05:30,182.85,184.95,182.0,182.55,210600,5273970,7.922309,24279.0,24150.0,24000,ATM-3,CALL,24150,2026-07-17
2026-07-17 11:55:00+05:30,217.9,217.95,212.0,212.0,150475,5088850,6.610979,24274.8,24100.0,24000,ATM-3,CALL,24150,2026-07-17
2026-07-17 11:56:00+05:30,179.0,185.15,176.0,182.6,285285,5243615,7.792622,24280.35,24150.0,24000,ATM-3,CALL,24150,2026-07-17
2026-07-17 11:57:00+05:30,183.4,184.7,182.0,183.6,160095,5241860,8.026645,24279.35,24150.0,24000,ATM-3,CALL,24150,2026-07-17
2026-07-17 11:58:00+05:30,215.5,216.1,210.3,211.25,144040,5061095,6.428859,24275.0,24100.0,24000,ATM-3,CALL,24150,2026-07-17
2026-07-17 11:59:00+05:30,178.2,180.35,177.55,179.35,88010,5235880,7.62564,24277.85,24150.0,24000,ATM-3,CALL,24150,2026-07-17
2026-07-17 12:00:00+05:30,211.1,214.7,205.2,205.95,183300,5054530,6.087075,24270.9,24100.0,24000,ATM-3,CALL,24150,2026-07-17
2026-07-17 12:01:00+05:30,206.25,208.7,203.45,206.05,137410,5042375,6.59928,24268.15,24100.0,24000,ATM-3,CALL,24150,2026-07-17
2026-07-17 12:02:00+05:30,205.0,206.05,203.0,203.5,76375,5053685,6.249319,24267.3,24100.0,24000,ATM-3,CALL,24150,2026-07-17
2026-07-17 12:03:00+05:30,172.6,178.7,171.45,178.25,199485,5203770,7.727503,24275.5,24150.0,24000,ATM-3,CALL,24150,2026-07-17
2026-07-17 12:04:00+05:30,212.0,214.05,211.0,211.0,139945,5054725,6.413157,24274.85,24100.0,24000,ATM-3,CALL,24150,2026-07-17
2026-07-17 12:05:00+05:30,210.05,212.35,208.4,209.3,74425,5057910,6.168317,24274.25,24100.0,24000,ATM-3,CALL,24150,2026-07-17
2026-07-17 12:06:00+05:30,209.7,209.95,203.75,205.25,134550,5051800,6.512111,24267.8,24100.0,24000,ATM-3,CALL,24150,2026-07-17
2026-07-17 12:07:00+05:30,204.75,206.0,199.7,201.1,139815,5044000,6.466168,24263.35,24100.0,24000,ATM-3,CALL,24150,2026-07-17
2026-07-17 12:08:00+05:30,201.45,205.85,199.8,205.5,120315,5035550,6.512134,24268.1,24100.0,24000,ATM-3,CALL,24150,2026-07-17
2026-07-17 12:09:00+05:30,205.45,210.05,205.05,209.15,139750,5032820,6.151033,24274.2,24100.0,24000,ATM-3,CALL,24150,2026-07-17
2026-07-17 12:10:00+05:30,209.4,213.8,209.15,211.05,140660,5039970,6.583248,24274.0,24100.0,24000,ATM-3,CALL,24150,2026-07-17
2026-07-17 12:11:00+05:30,210.5,211.05,206.45,206.95,106080,5037760,6.191873,24271.55,24100.0,24000,ATM-3,CALL,24150,2026-07-17
2026-07-17 12:12:00+05:30,173.8,177.4,173.0,176.05,61230,5135195,7.404694,24275.9,24150.0,24000,ATM-3,CALL,24150,2026-07-17
2026-07-17 12:13:00+05:30,209.7,211.45,204.8,205.7,62920,5037565,6.128584,24270.5,24100.0,24000,ATM-3,CALL,24150,2026-07-17
2026-07-17 12:14:00+05:30,172.55,178.3,172.5,177.3,71565,5126550,7.50565,24276.55,24150.0,24000,ATM-3,CALL,24150,2026-07-17
2026-07-17 12:15:00+05:30,178.1,178.95,176.35,178.95,86320,5100485,7.304662,24280.5,24150.0,24000,ATM-3,CALL,24150,2026-07-17
2026-07-17 12:16:00+05:30,211.95,213.5,204.1,205.65,117000,5040425,5.262745,24274.3,24100.0,24000,ATM-3,CALL,24150,2026-07-17
2026-07-17 12:17:00+05:30,205.65,206.0,201.0,204.9,108160,5040880,5.590467,24272.2,24100.0,24000,ATM-3,CALL,24150,2026-07-17
2026-07-17 12:18:00+05:30,172.9,177.5,171.5,176.8,114335,5086445,7.53784,24275.65,24150.0,24000,ATM-3,CALL,24150,2026-07-17
2026-07-17 12:19:00+05:30,176.0,177.45,173.75,174.2,67470,5093530,7.210179,24275.45,24150.0,24000,ATM-3,CALL,24150,2026-07-17
2026-07-17 12:20:00+05:30,173.85,177.75,173.85,177.2,50050,5081765,7.036422,24280.75,24150.0,24000,ATM-3,CALL,24150,2026-07-17
2026-07-17 12:21:00+05:30,177.0,177.3,174.05,175.0,111475,5036460,6.867573,24279.5,24150.0,24000,ATM-3,CALL,24150,2026-07-17
2026-07-17 12:22:00+05:30,208.05,208.05,204.3,207.8,75335,4994860,6.3196,24271.9,24100.0,24000,ATM-3,CALL,24150,2026-07-17
2026-07-17 12:23:00+05:30,175.35,181.1,174.7,179.3,163865,4986995,7.301098,24281.05,24150.0,24000,ATM-3,CALL,24150,2026-07-17
2026-07-17 12:24:00+05:30,179.3,181.1,177.75,179.6,111345,4971980,7.265755,24281.75,24150.0,24000,ATM-3,CALL,24150,2026-07-17
2026-07-17 12:25:00+05:30,180.15,186.45,179.6,180.9,259935,4966910,7.771662,24278.7,24150.0,24000,ATM-3,CALL,24150,2026-07-17
2026-07-17 12:26:00+05:30,180.35,182.95,178.0,178.0,114595,4959695,7.533566,24277.3,24150.0,24000,ATM-3,CALL,24150,2026-07-17
2026-07-17 12:27:00+05:30,177.95,182.95,177.95,179.8,55575,4951375,7.643602,24278.55,24150.0,24000,ATM-3,CALL,24150,2026-07-17
2026-07-17 12:28:00+05:30,180.25,182.15,179.0,180.65,61555,4947345,7.824479,24277.9,24150.0,24000,ATM-3,CALL,24150,2026-07-17
2026-07-17 12:29:00+05:30,180.5,181.0,176.8,178.75,69485,4934800,7.600289,24277.65,24150.0,24000,ATM-3,CALL,24150,2026-07-17
2026-07-17 12:30:00+05:30,210.15,212.05,208.3,210.45,114010,4932655,6.390571,24274.55,24100.0,24000,ATM-3,CALL,24150,2026-07-17
2026-07-17 12:31:00+05:30,177.8,180.2,176.55,179.75,51675,4927260,7.791746,24277.1,24150.0,24000,ATM-3,CALL,24150,2026-07-17
2026-07-17 12:32:00+05:30,213.95,214.8,209.75,209.75,47970,4900870,6.395896,24273.75,24100.0,24000,ATM-3,CALL,24150,2026-07-17
2026-07-17 12:33:00+05:30,177.0,181.15,176.65,181.15,53170,4929535,7.630452,24280.45,24150.0,24000,ATM-3,CALL,24150,2026-07-17
2026-07-17 12:34:00+05:30,181.25,183.15,180.5,180.7,94445,4927195,7.495302,24281.15,24150.0,24000,ATM-3,CALL,24150,2026-07-17
2026-07-17 12:35:00+05:30,180.95,181.9,179.4,179.7,53365,4921605,7.342322,24281.3,24150.0,24000,ATM-3,CALL,24150,2026-07-17
2026-07-17 12:36:00+05:30,180.7,181.8,179.05,179.8,38805,4915690,7.318377,24281.65,24150.0,24000,ATM-3,CALL,24150,2026-07-17
2026-07-17 12:37:00+05:30,179.95,181.35,177.2,177.2,71305,4907500,7.264259,24278.9,24150.0,24000,ATM-3,CALL,24150,2026-07-17
2026-07-17 12:38:00+05:30,176.5,178.25,174.35,177.05,132405,4906330,7.288773,24278.5,24150.0,24000,ATM-3,CALL,24150,2026-07-17
2026-07-17 12:39:00+05:30,178.0,178.45,175.45,176.65,30680,4909060,7.317061,24277.75,24150.0,24000,ATM-3,CALL,24150,2026-07-17
2026-07-17 12:40:00+05:30,210.5,210.5,204.3,204.3,98280,4861220,6.584429,24266.55,24100.0,24000,ATM-3,CALL,24150,2026-07-17
2026-07-17 12:41:00+05:30,205.1,207.35,200.35,207.35,195715,4856995,6.747645,24269.05,24100.0,24000,ATM-3,CALL,24150,2026-07-17
2026-07-17 12:42:00+05:30,174.25,178.85,174.2,178.85,151580,4877925,7.359797,24280.15,24150.0,24000,ATM-3,CALL,24150,2026-07-17
2026-07-17 12:43:00+05:30,212.35,213.15,206.75,207.9,119405,4832880,5.739941,24275.0,24100.0,24000,ATM-3,CALL,24150,2026-07-17
2026-07-17 12:44:00+05:30,175.4,178.6,174.9,178.2,74620,4929340,7.606702,24277.05,24150.0,24000,ATM-3,CALL,24150,2026-07-17
2026-07-17 12:45:00+05:30,179.1,185.0,178.2,183.8,263900,4934865,7.675802,24283.5,24150.0,24000,ATM-3,CALL,24150,2026-07-17
2026-07-17 12:46:00+05:30,183.15,183.95,180.3,181.3,114855,4887480,7.470948,24282.25,24150.0,24000,ATM-3,CALL,24150,2026-07-17
2026-07-17 12:47:00+05:30,181.75,183.55,181.0,183.5,58695,4889495,7.295795,24286.55,24150.0,24000,ATM-3,CALL,24150,2026-07-17
2026-07-17 12:48:00+05:30,183.25,186.0,181.95,185.3,173550,4878315,7.472068,24287.25,24150.0,24000,ATM-3,CALL,24150,2026-07-17
2026-07-17 12:49:00+05:30,188.2,201.1,186.2,193.55,677755,4836065,7.869142,24294.0,24150.0,24000,ATM-3,CALL,24150,2026-07-17
2026-07-17 12:50:00+05:30,192.55,193.05,181.0,181.6,326495,4779385,7.367036,24283.6,24150.0,24000,ATM-3,CALL,24150,2026-07-17
2026-07-17 12:51:00+05:30,180.6,183.05,177.75,181.5,225940,4753320,7.601847,24281.35,24150.0,24000,ATM-3,CALL,24150,2026-07-17
2026-07-17 12:52:00+05:30,181.75,182.4,178.05,178.05,133510,4754945,7.304657,24279.75,24150.0,24000,ATM-3,CALL,24150,2026-07-17
2026-07-17 12:53:00+05:30,211.2,212.4,205.9,206.35,226590,4840940,5.929589,24272.5,24100.0,24000,ATM-3,CALL,24150,2026-07-17
2026-07-17 12:54:00+05:30,207.85,208.25,204.55,205.9,224445,4858425,5.500487,24273.9,24100.0,24000,ATM-3,CALL,24150,2026-07-17
2026-07-17 12:55:00+05:30,206.0,210.8,203.55,204.55,179270,4863105,5.786882,24271.2,24100.0,24000,ATM-3,CALL,24150,2026-07-17
2026-07-17 12:56:00+05:30,204.5,209.35,203.9,208.7,94835,4854590,6.047579,24274.55,24100.0,24000,ATM-3,CALL,24150,2026-07-17
2026-07-17 12:57:00+05:30,175.5,181.2,174.7,178.7,179530,4706650,7.333863,24280.35,24150.0,24000,ATM-3,CALL,24150,2026-07-17
2026-07-17 12:58:00+05:30,178.6,180.55,176.1,176.8,109655,4718090,7.226738,24278.95,24150.0,24000,ATM-3,CALL,24150,2026-07-17
2026-07-17 12:59:00+05:30,176.6,181.3,176.6,181.3,117585,4734730,7.369006,24283.3,24150.0,24000,ATM-3,CALL,24150,2026-07-17
2026-07-17 13:00:00+05:30,182.2,183.85,179.5,179.9,119470,4713865,7.229694,24282.8,24150.0,24000,ATM-3,CALL,24150,2026-07-17
2026-07-17 13:01:00+05:30,180.4,184.75,179.9,181.6,129155,4715425,7.36266,24283.75,24150.0,24000,ATM-3,CALL,24150,2026-07-17
2026-07-17 13:02:00+05:30,181.2,181.7,177.1,177.5,79300,4713995,7.361102,24278.65,24150.0,24000,ATM-3,CALL,24150,2026-07-17
2026-07-17 13:03:00+05:30,177.85,179.2,175.05,176.95,100815,4704765,7.054823,24280.7,24150.0,24000,ATM-3,CALL,24150,2026-07-17
2026-07-17 13:04:00+05:30,177.8,179.9,176.95,177.7,71110,4702425,7.258394,24279.85,24150.0,24000,ATM-3,CALL,24150,2026-07-17
2026-07-17 13:05:00+05:30,178.0,178.0,175.55,177.6,39325,4693260,7.103653,24281.1,24150.0,24000,ATM-3,CALL,24150,2026-07-17
2026-07-17 13:06:00+05:30,177.2,179.15,176.4,178.5,44785,4683835,6.898785,24283.95,24150.0,24000,ATM-3,CALL,24150,2026-07-17
2026-07-17 13:07:00+05:30,179.05,181.0,173.35,173.4,130260,4672265,7.04194,24276.45,24150.0,24000,ATM-3,CALL,24150,2026-07-17
2026-07-17 13:08:00+05:30,173.7,177.0,173.4,175.6,47710,4640415,6.97731,24279.75,24150.0,24000,ATM-3,CALL,24150,2026-07-17
2026-07-17 13:09:00+05:30,175.7,177.0,174.3,174.7,39390,4638985,7.051637,24278.0,24150.0,24000,ATM-3,CALL,24150,2026-07-17
2026-07-17 13:10:00+05:30,175.05,176.7,174.7,175.6,31785,4630665,7.008561,24279.5,24150.0,24000,ATM-3,CALL,24150,2026-07-17
2026-07-17 13:11:00+05:30,176.55,178.1,175.1,176.4,57135,4625010,7.146026,24279.3,24150.0,24000,ATM-3,CALL,24150,2026-07-17
2026-07-17 13:12:00+05:30,175.5,176.6,172.05,172.05,75140,4625270,6.750569,24277.35,24150.0,24000,ATM-3,CALL,24150,2026-07-17
2026-07-17 13:13:00+05:30,172.7,176.25,172.05,176.2,49400,4611555,7.434229,24276.45,24150.0,24000,ATM-3,CALL,24150,2026-07-17
2026-07-17 13:14:00+05:30,176.4,178.7,175.0,176.9,64870,4609865,6.84093,24282.55,24150.0,24000,ATM-3,CALL,24150,2026-07-17
2026-07-17 13:15:00+05:30,209.05,210.85,198.95,203.05,435760,4850300,5.255728,24271.9,24100.0,24000,ATM-3,CALL,24150,2026-07-17
2026-07-17 13:16:00+05:30,202.75,204.6,201.75,203.8,71175,4832360,5.231324,24272.8,24100.0,24000,ATM-3,CALL,24150,2026-07-17
2026-07-17 13:17:00+05:30,170.85,172.2,169.05,171.9,55835,4568265,6.960826,24275.4,24150.0,24000,ATM-3,CALL,24150,2026-07-17
2026-07-17 13:18:00+05:30,205.1,207.75,202.3,204.9,84370,4838535,5.602601,24272.55,24100.0,24000,ATM-3,CALL,24150,2026-07-17
2026-07-17 13:19:00+05:30,204.25,204.9,200.8,201.85,69030,4844645,3.640577,24274.35,24100.0,24000,ATM-3,CALL,24150,2026-07-17
2026-07-17 13:20:00+05:30,169.35,172.7,169.3,171.35,80860,4641780,6.662964,24277.3,24150.0,24000,ATM-3,CALL,24150,2026-07-17
2026-07-17 13:21:00+05:30,170.85,171.7,168.2,168.5,134355,4629625,6.212744,24277.45,24150.0,24000,ATM-3,CALL,24150,2026-07-17
2026-07-17 13:22:00+05:30,201.45,203.4,200.85,202.55,42510,4824560,4.171526,24274.35,24100.0,24000,ATM-3,CALL,24150,2026-07-17
2026-07-17 13:23:00+05:30,203.0,204.45,198.9,199.6,58500,4817865,5.031227,24269.05,24100.0,24000,ATM-3,CALL,24150,2026-07-17
2026-07-17 13:24:00+05:30,200.6,202.55,195.2,196.75,153270,4801160,4.902266,24266.45,24100.0,24000,ATM-3,CALL,24150,2026-07-17
2026-07-17 13:25:00+05:30,195.9,201.05,192.1,201.05,185835,4774185,5.54392,24268.65,24100.0,24000,ATM-3,CALL,24150,2026-07-17
2026-07-17 13:26:00+05:30,201.05,202.05,195.25,196.5,90285,4766515,5.231853,24265.0,24100.0,24000,ATM-3,CALL,24150,2026-07-17
2026-07-17 13:27:00+05:30,196.0,196.5,192.3,192.3,119925,4758455,4.863913,24261.85,24100.0,24000,ATM-3,CALL,24150,2026-07-17
2026-07-17 13:28:00+05:30,193.15,195.2,192.0,194.8,103350,4737655,5.785867,24260.65,24100.0,24000,ATM-3,CALL,24150,2026-07-17
2026-07-17 13:29:00+05:30,194.65,199.75,193.9,196.3,130000,4723875,4.454641,24267.3,24100.0,24000,ATM-3,CALL,24150,2026-07-17
2026-07-17 13:30:00+05:30,197.95,199.2,195.65,198.0,67730,4724330,4.14346,24269.75,24100.0,24000,ATM-3,CALL,24150,2026-07-17
2026-07-17 13:31:00+05:30,199.0,202.8,196.25,197.4,140010,4726150,4.613425,24268.05,24100.0,24000,ATM-3,CALL,24150,2026-07-17
2026-07-17 13:32:00+05:30,197.15,199.0,193.8,196.95,76635,4728555,4.965177,24266.5,24100.0,24000,ATM-3,CALL,24150,2026-07-17
2026-07-17 13:33:00+05:30,196.0,196.95,193.05,195.45,48555,4723615,5.221353,24263.95,24100.0,24000,ATM-3,CALL,24150,2026-07-17
2026-07-17 13:34:00+05:30,195.45,198.25,193.5,197.2,48620,4721535,5.259174,24265.7,24100.0,24000,ATM-3,CALL,24150,2026-07-17
2026-07-17 13:35:00+05:30,197.7,200.75,197.2,199.15,60255,4712305,5.31378,24267.6,24100.0,24000,ATM-3,CALL,24150,2026-07-17
2026-07-17 13:36:00+05:30,198.9,204.25,198.6,198.9,156975,4693520,4.557595,24269.8,24100.0,24000,ATM-3,CALL,24150,2026-07-17
2026-07-17 13:37:00+05:30,198.9,201.6,194.0,194.6,114660,4701710,4.75961,24264.7,24100.0,24000,ATM-3,CALL,24150,2026-07-17
2026-07-17 13:38:00+05:30,195.0,196.3,193.25,194.15,99775,4689100,4.149165,24265.8,24100.0,24000,ATM-3,CALL,24150,2026-07-17
2026-07-17 13:39:00+05:30,194.5,197.55,193.95,196.0,49465,4708275,0.0,24269.5,24100.0,24000,ATM-3,CALL,24150,2026-07-17
2026-07-17 13:40:00+05:30,195.4,196.0,186.9,187.45,241930,4694235,4.389823,24258.25,24100.0,24000,ATM-3,CALL,24150,2026-07-17
2026-07-17 13:41:00+05:30,189.3,190.75,181.75,190.45,222300,4654975,6.009482,24254.65,24100.0,24000,ATM-3,CALL,24150,2026-07-17
2026-07-17 13:42:00+05:30,190.95,190.95,183.15,186.5,96330,4651985,5.831104,24251.2,24100.0,24000,ATM-3,CALL,24150,2026-07-17
2026-07-17 13:43:00+05:30,185.75,186.5,182.8,185.9,124475,4640545,6.193674,24248.35,24100.0,24000,ATM-3,CALL,24150,2026-07-17
2026-07-17 13:44:00+05:30,185.7,188.15,182.05,186.4,147225,4616170,5.203443,24254.25,24100.0,24000,ATM-3,CALL,24150,2026-07-17
2026-07-17 13:45:00+05:30,185.5,187.0,183.6,186.2,78910,4602585,5.548369,24252.4,24100.0,24000,ATM-3,CALL,24150,2026-07-17
2026-07-17 13:46:00+05:30,185.5,186.9,177.0,177.0,244920,4598490,4.948503,24245.1,24100.0,24000,ATM-3,CALL,24150,2026-07-17
2026-07-17 13:47:00+05:30,177.75,178.45,171.55,173.6,465790,4569760,5.467648,24238.7,24100.0,24000,ATM-3,CALL,24150,2026-07-17
2026-07-17 13:48:00+05:30,174.85,178.4,173.55,177.55,343720,4545515,4.616687,24247.05,24100.0,24000,ATM-3,CALL,24150,2026-07-17
2026-07-17 13:49:00+05:30,177.6,178.6,173.8,174.3,199680,4507685,5.388035,24239.95,24100.0,24000,ATM-3,CALL,24150,2026-07-17
2026-07-17 13:50:00+05:30,173.9,175.4,169.25,171.15,349700,4487210,6.717741,24227.05,24100.0,24000,ATM-3,CALL,24150,2026-07-17
2026-07-17 13:51:00+05:30,203.7,204.2,194.0,197.15,137670,1294930,5.233905,24215.95,24050.0,24000,ATM-3,CALL,24150,2026-07-17
2026-07-17 13:52:00+05:30,197.0,202.05,197.0,199.0,62985,1299220,0.0,24222.35,24050.0,24000,ATM-3,CALL,24150,2026-07-17
2026-07-17 13:53:00+05:30,165.75,168.9,165.7,168.45,170235,4532970,6.018117,24229.25,24100.0,24000,ATM-3,CALL,24150,2026-07-17
2026-07-17 13:54:00+05:30,169.35,171.55,166.6,170.65,212745,4567420,5.996886,24232.0,24100.0,24000,ATM-3,CALL,24150,2026-07-17
2026-07-17 13:55:00+05:30,170.0,174.9,167.8,173.55,269945,4562155,5.830778,24236.5,24100.0,24000,ATM-3,CALL,24150,2026-07-17
2026-07-17 13:56:00+05:30,173.0,173.55,168.6,171.2,145405,4555915,5.984137,24232.75,24100.0,24000,ATM-3,CALL,24150,2026-07-17
2026-07-17 13:57:00+05:30,171.25,174.4,171.2,173.4,211380,4551625,6.218073,24233.7,24100.0,24000,ATM-3,CALL,24150,2026-07-17
2026-07-17 13:58:00+05:30,174.05,176.35,172.1,175.7,305110,4536805,6.046917,24237.6,24100.0,24000,ATM-3,CALL,24150,2026-07-17
2026-07-17 13:59:00+05:30,175.6,189.85,175.6,186.95,695175,4539535,6.126985,24250.1,24100.0,24000,ATM-3,CALL,24150,2026-07-17
2026-07-17 14:00:00+05:30,187.55,188.1,183.1,186.4,342355,4554030,6.234863,24248.8,24100.0,24000,ATM-3,CALL,24150,2026-07-17
2026-07-17 14:01:00+05:30,186.15,187.05,182.0,184.8,222300,4562415,6.259193,24246.8,24100.0,24000,ATM-3,CALL,24150,2026-07-17
2026-07-17 14:02:00+05:30,184.5,184.8,179.25,181.3,171275,4545580,6.128788,24243.6,24100.0,24000,ATM-3,CALL,24150,2026-07-17
2026-07-17 14:03:00+05:30,181.8,184.55,180.4,184.2,117195,4537780,6.239321,24246.25,24100.0,24000,ATM-3,CALL,24150,2026-07-17
2026-07-17 14:04:00+05:30,184.8,188.5,184.2,185.8,238940,4552535,5.870041,24250.35,24100.0,24000,ATM-3,CALL,24150,2026-07-17
2026-07-17 14:05:00+05:30,186.35,191.0,185.8,188.4,238355,4547465,5.605431,24254.7,24100.0,24000,ATM-3,CALL,24150,2026-07-17
2026-07-17 14:06:00+05:30,188.15,189.2,183.6,183.6,188500,4538300,5.54762,24249.65,24100.0,24000,ATM-3,CALL,24150,2026-07-17
2026-07-17 14:07:00+05:30,183.45,186.3,183.2,185.4,129480,4532060,5.66567,24251.05,24100.0,24000,ATM-3,CALL,24150,2026-07-17
2026-07-17 14:08:00+05:30,185.55,187.3,182.1,184.6,105755,4525755,5.484916,24251.1,24100.0,24000,ATM-3,CALL,24150,2026-07-17
2026-07-17 14:09:00+05:30,184.25,186.5,184.05,186.45,81380,4520945,5.52761,24252.95,24100.0,24000,ATM-3,CALL,24150,2026-07-17
2026-07-17 14:10:00+05:30,186.5,189.0,185.4,187.75,112580,4516265,5.607669,24254.0,24100.0,24000,ATM-3,CALL,24150,2026-07-17
2026-07-17 14:11:00+05:30,188.05,196.7,187.75,196.7,430820,4478630,5.295504,24265.25,24100.0,24000,ATM-3,CALL,24150,2026-07-17
2026-07-17 14:12:00+05:30,195.7,202.7,195.7,200.85,468260,4450095,4.726803,24271.6,24100.0,24000,ATM-3,CALL,24150,2026-07-17
2026-07-17 14:13:00+05:30,167.05,177.9,166.7,175.6,652080,4257305,7.333045,24277.25,24150.0,24000,ATM-3,CALL,24150,2026-07-17
2026-07-17 14:14:00+05:30,176.75,183.8,175.6,183.8,550615,4152005,8.088071,24280.55,24150.0,24000,ATM-3,CALL,24150,2026-07-17
2026-07-17 14:15:00+05:30,151.3,205.55,151.0,204.35,5714020,8739445,9.241064,24345.4,24200.0,24000,ATM-3,CALL,24150,2026-07-17
2026-07-17 14:16:00+05:30,210.35,226.4,194.1,224.0,3933670,7611110,10.034872,24362.9,24200.0,24000,ATM-3,CALL,24150,2026-07-17
2026-07-17 14:17:00+05:30,223.65,227.0,207.0,208.05,2051335,7269015,9.51467,24347.45,24200.0,24000,ATM-3,CALL,24150,2026-07-17
2026-07-17 14:18:00+05:30,201.0,208.05,193.55,194.8,1198275,6972810,9.257755,24332.7,24200.0,24000,ATM-3,CALL,24150,2026-07-17
2026-07-17 14:19:00+05:30,228.0,229.55,209.3,209.3,373360,3388645,8.560241,24308.45,24150.0,24000,ATM-3,CALL,24150,2026-07-17
2026-07-17 14:20:00+05:30,210.4,219.15,208.05,209.0,247650,3399110,8.008011,24312.75,24150.0,24000,ATM-3,CALL,24150,2026-07-17
2026-07-17 14:21:00+05:30,209.45,214.4,203.25,205.6,217425,3368235,7.918833,24309.35,24150.0,24000,ATM-3,CALL,24150,2026-07-17
2026-07-17 14:22:00+05:30,205.25,205.6,196.5,196.5,213720,3346070,7.590893,24300.95,24150.0,24000,ATM-3,CALL,24150,2026-07-17
2026-07-17 14:23:00+05:30,194.5,198.55,191.85,192.35,169845,3350555,7.958407,24292.7,24150.0,24000,ATM-3,CALL,24150,2026-07-17
2026-07-17 14:24:00+05:30,193.35,196.3,190.0,195.5,167115,3362450,7.765415,24298.3,24150.0,24000,ATM-3,CALL,24150,2026-07-17
2026-07-17 14:25:00+05:30,196.15,207.4,194.0,204.1,349375,3406715,7.951137,24307.3,24150.0,24000,ATM-3,CALL,24150,2026-07-17
2026-07-17 14:26:00+05:30,205.0,211.8,204.1,208.85,311675,3446560,8.177116,24311.25,24150.0,24000,ATM-3,CALL,24150,2026-07-17
2026-07-17 14:27:00+05:30,209.6,211.55,206.9,209.25,176345,3441360,8.273105,24310.95,24150.0,24000,ATM-3,CALL,24150,2026-07-17
2026-07-17 14:28:00+05:30,211.7,216.05,209.25,209.8,276250,3431480,8.522779,24309.5,24150.0,24000,ATM-3,CALL,24150,2026-07-17
2026-07-17 14:29:00+05:30,200.5,209.8,187.65,191.25,439595,3363230,8.38413,24287.4,24150.0,24000,ATM-3,CALL,24150,2026-07-17
2026-07-17 14:30:00+05:30,191.8,205.05,191.25,203.8,291850,3349125,8.22768,24304.65,24150.0,24000,ATM-3,CALL,24150,2026-07-17
2026-07-17 14:31:00+05:30,204.4,204.7,197.35,198.3,129285,3337035,7.944354,24300.3,24150.0,24000,ATM-3,CALL,24150,2026-07-17
2026-07-17 14:32:00+05:30,198.25,201.2,194.35,196.95,105105,3329885,7.885233,24299.15,24150.0,24000,ATM-3,CALL,24150,2026-07-17
2026-07-17 14:33:00+05:30,196.6,199.25,195.05,198.55,73580,3344640,8.510453,24295.55,24150.0,24000,ATM-3,CALL,24150,2026-07-17
2026-07-17 14:34:00+05:30,198.25,202.5,197.05,200.25,71435,3328650,8.479704,24298.0,24150.0,24000,ATM-3,CALL,24150,2026-07-17
2026-07-17 14:35:00+05:30,200.05,201.6,198.5,198.9,49530,3327935,8.222987,24298.65,24150.0,24000,ATM-3,CALL,24150,2026-07-17
2026-07-17 14:36:00+05:30,199.4,199.4,192.45,196.2,134680,3304730,8.441426,24293.25,24150.0,24000,ATM-3,CALL,24150,2026-07-17
2026-07-17 14:37:00+05:30,195.4,198.35,193.7,195.2,75595,3296280,8.328805,24293.05,24150.0,24000,ATM-3,CALL,24150,2026-07-17
2026-07-17 14:38:00+05:30,195.2,201.5,192.35,198.6,118495,3260400,8.150813,24298.95,24150.0,24000,ATM-3,CALL,24150,2026-07-17
2026-07-17 14:39:00+05:30,199.1,200.2,196.2,199.25,102505,3282760,8.359502,24297.9,24150.0,24000,ATM-3,CALL,24150,2026-07-17
2026-07-17 14:40:00+05:30,199.4,203.15,199.25,200.85,120380,3259750,8.124138,24302.0,24150.0,24000,ATM-3,CALL,24150,2026-07-17
2026-07-17 14:41:00+05:30,200.7,209.95,198.5,209.95,185445,3244995,8.285819,24311.85,24150.0,24000,ATM-3,CALL,24150,2026-07-17
2026-07-17 14:42:00+05:30,208.75,210.05,204.2,208.4,128700,3223870,8.2331,24310.4,24150.0,24000,ATM-3,CALL,24150,2026-07-17
2026-07-17 14:43:00+05:30,208.65,214.1,206.5,208.45,199615,3215420,8.034761,24312.1,24150.0,24000,ATM-3,CALL,24150,2026-07-17
2026-07-17 14:44:00+05:30,208.45,215.7,208.0,213.0,146900,3162705,8.030244,24317.65,24150.0,24000,ATM-3,CALL,24150,2026-07-17
2026-07-17 14:45:00+05:30,215.45,215.45,211.2,211.5,156910,3175965,7.543165,24319.5,24150.0,24000,ATM-3,CALL,24150,2026-07-17
2026-07-17 14:46:00+05:30,178.9,183.3,175.05,182.4,644995,6822465,8.467047,24325.05,24200.0,24000,ATM-3,CALL,24150,2026-07-17
2026-07-17 14:47:00+05:30,216.3,217.85,213.0,214.0,142415,3179150,7.665205,24321.6,24150.0,24000,ATM-3,CALL,24150,2026-07-17
2026-07-17 14:48:00+05:30,214.25,214.4,209.1,214.35,128700,3144245,7.907185,24320.25,24150.0,24000,ATM-3,CALL,24150,2026-07-17
2026-07-17 14:49:00+05:30,214.05,215.9,212.15,212.15,106535,3117075,6.984476,24324.0,24150.0,24000,ATM-3,CALL,24150,2026-07-17
2026-07-17 14:50:00+05:30,211.95,214.4,207.5,211.1,170430,3066505,7.411226,24320.0,24150.0,24000,ATM-3,CALL,24150,2026-07-17
2026-07-17 14:51:00+05:30,210.8,214.65,206.8,208.15,127985,3048955,7.338511,24317.05,24150.0,24000,ATM-3,CALL,24150,2026-07-17
2026-07-17 14:52:00+05:30,208.8,211.9,208.15,210.0,61035,3047850,7.284043,24319.6,24150.0,24000,ATM-3,CALL,24150,2026-07-17
2026-07-17 14:53:00+05:30,209.05,210.55,203.05,209.55,160225,3039595,7.069811,24320.5,24150.0,24000,ATM-3,CALL,24150,2026-07-17
2026-07-17 14:54:00+05:30,208.9,209.6,204.7,209.6,105105,3005470,7.009721,24320.95,24150.0,24000,ATM-3,CALL,24150,2026-07-17
2026-07-17 14:55:00+05:30,175.85,181.1,173.95,181.1,391690,6494735,8.080081,24327.4,24200.0,24000,ATM-3,CALL,24150,2026-07-17
2026-07-17 14:56:00+05:30,220.25,221.0,209.7,213.0,285025,3008460,7.00616,24324.9,24150.0,24000,ATM-3,CALL,24150,2026-07-17
2026-07-17 14:57:00+05:30,214.2,214.2,207.9,210.35,110175,3016390,7.047663,24321.6,24150.0,24000,ATM-3,CALL,24150,2026-07-17
2026-07-17 14:58:00+05:30,210.05,210.65,206.35,209.0,167310,3013335,7.654447,24315.85,24150.0,24000,ATM-3,CALL,24150,2026-07-17
2026-07-17 14:59:00+05:30,209.9,210.4,203.3,204.0,163800,2985125,7.404751,24311.75,24150.0,24000,ATM-3,CALL,24150,2026-07-17
2026-07-17 15:00:00+05:30,205.65,215.9,200.65,214.2,438750,2948985,7.413659,24323.7,24150.0,24000,ATM-3,CALL,24150,2026-07-17
2026-07-17 15:01:00+05:30,179.55,189.1,177.65,181.6,1184040,6273215,8.330013,24325.6,24200.0,24000,ATM-3,CALL,24150,2026-07-17
2026-07-17 15:02:00+05:30,214.3,216.45,210.3,213.45,145470,2875080,7.184595,24324.35,24150.0,24000,ATM-3,CALL,24150,2026-07-17
2026-07-17 15:03:00+05:30,212.7,215.35,207.3,207.6,100685,2886910,7.126967,24317.95,24150.0,24000,ATM-3,CALL,24150,2026-07-17
2026-07-17 15:04:00+05:30,207.15,211.65,206.1,210.1,107770,2876120,6.939203,24322.05,24150.0,24000,ATM-3,CALL,24150,2026-07-17
2026-07-17 15:05:00+05:30,176.75,182.0,176.0,181.3,438035,6245395,8.102626,24327.55,24200.0,24000,ATM-3,CALL,24150,2026-07-17
2026-07-17 15:06:00+05:30,181.8,184.8,180.0,182.35,287040,6221345,7.970736,24330.2,24200.0,24000,ATM-3,CALL,24150,2026-07-17
2026-07-17 15:07:00+05:30,182.6,186.05,181.0,185.4,445055,6149000,7.949398,24334.3,24200.0,24000,ATM-3,CALL,24150,2026-07-17
2026-07-17 15:08:00+05:30,184.9,185.4,179.0,180.3,338585,6138275,7.490123,24332.1,24200.0,24000,ATM-3,CALL,24150,2026-07-17
2026-07-17 15:09:00+05:30,179.35,182.5,177.55,181.4,263250,6122935,7.482915,24333.55,24200.0,24000,ATM-3,CALL,24150,2026-07-17
2026-07-17 15:10:00+05:30,181.1,181.4,178.1,180.0,252785,6101485,7.489578,24331.75,24200.0,24000,ATM-3,CALL,24150,2026-07-17
2026-07-17 15:11:00+05:30,181.3,182.5,180.0,181.45,273000,6078995,7.636409,24332.25,24200.0,24000,ATM-3,CALL,24150,2026-07-17
2026-07-17 15:12:00+05:30,181.1,185.6,181.1,183.35,362765,6063395,7.478305,24336.05,24200.0,24000,ATM-3,CALL,24150,2026-07-17
2026-07-17 15:13:00+05:30,182.9,183.35,179.55,181.45,261365,6034925,7.340635,24334.9,24200.0,24000,ATM-3,CALL,24150,2026-07-17
2026-07-17 15:14:00+05:30,181.0,181.55,175.0,176.2,372450,6001255,7.298301,24328.75,24200.0,24000,ATM-3,CALL,24150,2026-07-17
2026-07-17 15:15:00+05:30,208.5,210.15,203.0,205.95,234650,2550080,5.724226,24323.85,24150.0,24000,ATM-3,CALL,24150,2026-07-17
2026-07-17 15:16:00+05:30,205.45,206.95,202.9,205.7,122200,2525055,5.878888,24322.9,24150.0,24000,ATM-3,CALL,24150,2026-07-17
2026-07-17 15:17:00+05:30,171.8,176.2,171.45,174.5,333970,5943535,7.418658,24325.55,24200.0,24000,ATM-3,CALL,24150,2026-07-17
2026-07-17 15:18:00+05:30,174.75,175.85,170.9,171.05,278525,5882695,6.546275,24328.8,24200.0,24000,ATM-3,CALL,24150,2026-07-17
2026-07-17 15:19:00+05:30,171.05,173.9,170.7,173.2,180895,5851495,6.844852,24329.0,24200.0,24000,ATM-3,CALL,24150,2026-07-17
2026-07-17 15:20:00+05:30,173.25,176.6,173.05,175.45,247780,5822635,6.697035,24332.95,24200.0,24000,ATM-3,CALL,24150,2026-07-17
2026-07-17 15:21:00+05:30,175.7,182.9,174.45,182.35,470210,5733520,7.673544,24333.15,24200.0,24000,ATM-3,CALL,24150,2026-07-17
2026-07-17 15:22:00+05:30,184.4,185.5,182.35,184.15,417105,5662085,7.512237,24336.85,24200.0,24000,ATM-3,CALL,24150,2026-07-17
2026-07-17 15:23:00+05:30,184.1,189.15,184.1,188.3,342940,5618340,7.970323,24337.95,24200.0,24000,ATM-3,CALL,24150,2026-07-17
2026-07-17 15:24:00+05:30,189.6,197.35,188.3,194.4,470145,5568355,8.280671,24342.8,24200.0,24000,ATM-3,CALL,24150,2026-07-17
2026-07-17 15:25:00+05:30,195.3,200.9,194.0,199.15,505570,5520515,8.68913,24345.0,24200.0,24000,ATM-3,CALL,24150,2026-07-17
2026-07-17 15:26:00+05:30,197.65,199.4,195.0,195.8,286650,5479370,8.472702,24342.8,24200.0,24000,ATM-3,CALL,24150,2026-07-17
2026-07-17 15:27:00+05:30,196.4,199.55,195.8,198.95,247390,5413070,8.768802,24344.0,24200.0,24000,ATM-3,CALL,24150,2026-07-17
2026-07-17 15:28:00+05:30,198.1,203.5,198.0,201.15,434330,5334940,9.505821,24339.4,24200.0,24000,ATM-3,CALL,24150,2026-07-17
2026-07-17 15:29:00+05:30,201.95,207.1,200.9,204.05,429390,5315245,9.165497,24346.7,24200.0,24000,ATM-3,CALL,24150,2026-07-17
2026-07-17 09:15:00+05:30,88.0,96.05,73.3,77.7,2983370,6556615,14.528991,24151.25,24000.0,24000,ATM-3,PUT,24150,2026-07-17
2026-07-17 09:16:00+05:30,77.3,78.45,70.3,70.3,2097810,7613905,14.378635,24171.0,24000.0,24000,ATM-3,PUT,24150,2026-07-17
2026-07-17 09:17:00+05:30,86.6,89.1,85.1,86.7,890955,3846895,14.586871,24176.15,24050.0,24000,ATM-3,PUT,24150,2026-07-17
2026-07-17 09:18:00+05:30,86.75,86.75,81.5,82.15,718250,3918720,14.504027,24187.4,24050.0,24000,ATM-3,PUT,24150,2026-07-17
2026-07-17 09:19:00+05:30,81.75,83.85,80.55,82.15,714350,4154540,14.52068,24187.85,24050.0,24000,ATM-3,PUT,24150,2026-07-17
2026-07-17 09:20:00+05:30,82.55,82.55,78.85,80.85,977275,4334590,14.380265,24187.75,24050.0,24000,ATM-3,PUT,24150,2026-07-17
2026-07-17 09:21:00+05:30,80.65,82.8,80.65,81.95,559325,4559945,14.428515,24185.75,24050.0,24000,ATM-3,PUT,24150,2026-07-17
2026-07-17 09:22:00+05:30,81.75,83.1,80.9,81.0,549510,4658290,14.432864,24188.75,24050.0,24000,ATM-3,PUT,24150,2026-07-17
2026-07-17 09:23:00+05:30,81.05,82.6,81.0,82.6,304590,4779255,14.513314,24186.15,24050.0,24000,ATM-3,PUT,24150,2026-07-17
2026-07-17 09:24:00+05:30,82.55,82.6,79.9,79.9,466115,4788485,14.426501,24191.9,24050.0,24000,ATM-3,PUT,24150,2026-07-17
2026-07-17 09:25:00+05:30,80.25,80.55,78.05,78.8,478335,4861025,14.54787,24198.85,24050.0,24000,ATM-3,PUT,24150,2026-07-17
2026-07-17 09:26:00+05:30,78.6,79.8,78.15,79.5,291525,4869020,14.656486,24199.8,24050.0,24000,ATM-3,PUT,24150,2026-07-17
2026-07-17 09:27:00+05:30,79.15,80.15,77.05,77.55,439985,4870710,14.551242,24202.85,24050.0,24000,ATM-3,PUT,24150,2026-07-17
2026-07-17 09:28:00+05:30,77.7,78.75,77.35,77.4,234000,4995510,14.60203,24204.8,24050.0,24000,ATM-3,PUT,24150,2026-07-17
2026-07-17 09:29:00+05:30,77.8,78.0,76.0,76.35,307450,5042180,14.664239,24210.0,24050.0,24000,ATM-3,PUT,24150,2026-07-17
2026-07-17 09:30:00+05:30,76.25,78.4,74.75,77.5,573365,5090085,14.577713,24203.7,24050.0,24000,ATM-3,PUT,24150,2026-07-17
2026-07-17 09:31:00+05:30,77.4,79.2,76.85,78.85,367640,5202925,14.491118,24196.85,24050.0,24000,ATM-3,PUT,24150,2026-07-17
2026-07-17 09:32:00+05:30,78.65,80.0,76.55,76.55,413465,5266950,14.527646,24205.2,24050.0,24000,ATM-3,PUT,24150,2026-07-17
2026-07-17 09:33:00+05:30,76.5,77.25,74.55,75.15,346060,5269355,14.561126,24210.7,24050.0,24000,ATM-3,PUT,24150,2026-07-17
2026-07-17 09:34:00+05:30,74.75,77.4,73.4,77.05,404625,5261490,14.631117,24206.6,24050.0,24000,ATM-3,PUT,24150,2026-07-17
2026-07-17 09:35:00+05:30,76.8,77.35,76.0,76.6,273455,5253365,14.598506,24207.05,24050.0,24000,ATM-3,PUT,24150,2026-07-17
2026-07-17 09:36:00+05:30,76.5,78.0,75.5,75.7,251680,5273255,14.58066,24209.4,24050.0,24000,ATM-3,PUT,24150,2026-07-17
2026-07-17 09:37:00+05:30,75.25,76.2,73.4,73.6,356460,5318950,14.580292,24216.25,24050.0,24000,ATM-3,PUT,24150,2026-07-17
2026-07-17 09:38:00+05:30,73.4,73.8,72.2,72.75,367965,5367960,14.662654,24221.55,24050.0,24000,ATM-3,PUT,24150,2026-07-17
2026-07-17 09:39:00+05:30,72.35,74.15,72.15,73.8,260455,5430880,14.700362,24219.15,24050.0,24000,ATM-3,PUT,24150,2026-07-17
2026-07-17 09:40:00+05:30,74.0,74.35,72.65,73.75,177515,5495165,14.758663,24221.05,24050.0,24000,ATM-3,PUT,24150,2026-07-17
2026-07-17 09:41:00+05:30,73.35,74.3,72.9,73.7,183040,5544370,14.792133,24222.2,24050.0,24000,ATM-3,PUT,24150,2026-07-17
2026-07-17 09:42:00+05:30,73.35,73.9,72.45,72.7,147030,5571930,14.764813,24224.7,24050.0,24000,ATM-3,PUT,24150,2026-07-17
2026-07-17 09:43:00+05:30,88.55,89.3,87.75,88.0,578175,14525030,14.685672,24225.15,24100.0,24000,ATM-3,PUT,24150,2026-07-17
2026-07-17 09:44:00+05:30,87.35,89.9,86.45,87.1,933205,14588080,14.810753,24231.3,24100.0,24000,ATM-3,PUT,24150,2026-07-17
2026-07-17 09:45:00+05:30,87.3,87.3,83.3,86.15,1651845,14727310,14.824751,24234.5,24100.0,24000,ATM-3,PUT,24150,2026-07-17
2026-07-17 09:46:00+05:30,85.95,87.35,85.0,85.4,611585,14818505,14.989811,24241.45,24100.0,24000,ATM-3,PUT,24150,2026-07-17
2026-07-17 09:47:00+05:30,85.35,86.85,83.7,86.6,802815,14942525,14.939215,24236.35,24100.0,24000,ATM-3,PUT,24150,2026-07-17
2026-07-17 09:48:00+05:30,86.8,86.9,85.25,85.6,699595,15075125,14.964283,24240.05,24100.0,24000,ATM-3,PUT,24150,2026-07-17
2026-07-17 09:49:00+05:30,85.8,87.7,85.55,86.9,401310,15205710,14.990491,24236.85,24100.0,24000,ATM-3,PUT,24150,2026-07-17
2026-07-17 09:50:00+05:30,87.1,87.1,84.7,85.0,559650,15314845,15.012592,24243.2,24100.0,24000,ATM-3,PUT,24150,2026-07-17
2026-07-17 09:51:00+05:30,85.15,89.65,85.0,88.9,559325,15358265,14.921553,24228.9,24100.0,24000,ATM-3,PUT,24150,2026-07-17
2026-07-17 09:52:00+05:30,88.6,89.7,88.0,89.35,731250,15374385,15.007012,24229.95,24100.0,24000,ATM-3,PUT,24150,2026-07-17
2026-07-17 09:53:00+05:30,89.0,89.35,87.45,87.65,505960,15442960,14.941552,24233.1,24100.0,24000,ATM-3,PUT,24150,2026-07-17
2026-07-17 09:54:00+05:30,87.3,88.1,85.05,86.5,536705,15471560,15.06405,24240.0,24100.0,24000,ATM-3,PUT,24150,2026-07-17
2026-07-17 09:55:00+05:30,86.35,89.9,86.35,89.5,689130,15504125,15.034788,24230.2,24100.0,24000,ATM-3,PUT,24150,2026-07-17
2026-07-17 09:56:00+05:30,73.65,75.15,73.5,74.5,450255,6005090,14.926102,24223.1,24050.0,24000,ATM-3,PUT,24150,2026-07-17
2026-07-17 09:57:00+05:30,74.15,76.1,74.15,75.15,324870,5966285,14.874562,24219.35,24050.0,24000,ATM-3,PUT,24150,2026-07-17
2026-07-17 09:58:00+05:30,91.85,92.35,88.7,88.7,826540,15508935,14.913373,24229.05,24100.0,24000,ATM-3,PUT,24150,2026-07-17
2026-07-17 09:59:00+05:30,88.55,90.05,88.25,88.25,357630,15409875,14.860214,24228.85,24100.0,24000,ATM-3,PUT,24150,2026-07-17
2026-07-17 10:00:00+05:30,72.25,75.95,71.05,75.55,391495,6033625,14.998143,24221.65,24050.0,24000,ATM-3,PUT,24150,2026-07-17
2026-07-17 10:01:00+05:30,75.65,77.3,74.0,77.1,445835,6039670,14.858502,24212.35,24050.0,24000,ATM-3,PUT,24150,2026-07-17
2026-07-17 10:02:00+05:30,76.35,77.1,75.5,76.1,336440,6034990,14.86923,24215.9,24050.0,24000,ATM-3,PUT,24150,2026-07-17
2026-07-17 10:03:00+05:30,75.55,76.3,75.2,75.2,160550,6037850,14.739917,24214.95,24050.0,24000,ATM-3,PUT,24150,2026-07-17
2026-07-17 10:04:00+05:30,75.35,76.5,74.8,75.85,241085,6045195,14.79717,24214.5,24050.0,24000,ATM-3,PUT,24150,2026-07-17
2026-07-17 10:05:00+05:30,75.8,76.35,73.3,74.2,312845,6038435,14.843074,24221.3,24050.0,24000,ATM-3,PUT,24150,2026-07-17
2026-07-17 10:06:00+05:30,73.7,74.3,72.7,74.3,168090,5996445,14.901503,24222.7,24050.0,24000,ATM-3,PUT,24150,2026-07-17
2026-07-17 10:07:00+05:30,90.7,91.35,89.75,89.75,328380,15590120,14.911323,24225.65,24100.0,24000,ATM-3,PUT,24150,2026-07-17
2026-07-17 10:08:00+05:30,90.0,91.25,89.0,89.0,293475,15618590,14.903701,24227.6,24100.0,24000,ATM-3,PUT,24150,2026-07-17
2026-07-17 10:09:00+05:30,89.0,89.2,86.55,88.55,688870,15685930,15.012367,24231.95,24100.0,24000,ATM-3,PUT,24150,2026-07-17
2026-07-17 10:10:00+05:30,88.85,90.5,88.55,90.1,319995,15728830,15.129692,24230.65,24100.0,24000,ATM-3,PUT,24150,2026-07-17
2026-07-17 10:11:00+05:30,90.05,90.45,89.2,89.45,219505,15812355,15.1551,24233.25,24100.0,24000,ATM-3,PUT,24150,2026-07-17
2026-07-17 10:12:00+05:30,89.05,89.45,85.9,86.25,654355,15843490,15.05345,24239.9,24100.0,24000,ATM-3,PUT,24150,2026-07-17
2026-07-17 10:13:00+05:30,86.4,86.6,85.2,86.3,695695,15863835,15.276298,24246.1,24100.0,24000,ATM-3,PUT,24150,2026-07-17
2026-07-17 10:14:00+05:30,86.25,87.95,86.25,87.85,495105,15946515,15.222996,24239.85,24100.0,24000,ATM-3,PUT,24150,2026-07-17
2026-07-17 10:15:00+05:30,87.4,87.85,85.8,86.05,477815,16079700,15.237999,24245.7,24100.0,24000,ATM-3,PUT,24150,2026-07-17
2026-07-17 10:16:00+05:30,85.95,86.1,84.8,85.45,562185,16072745,15.225678,24247.15,24100.0,24000,ATM-3,PUT,24150,2026-07-17
2026-07-17 10:17:00+05:30,85.3,85.45,82.4,82.95,1009580,16157440,15.183915,24253.65,24100.0,24000,ATM-3,PUT,24150,2026-07-17
2026-07-17 10:18:00+05:30,82.95,83.6,77.2,78.1,2303080,16364725,15.361621,24274.45,24100.0,24000,ATM-3,PUT,24150,2026-07-17
2026-07-17 10:19:00+05:30,78.1,80.3,77.9,80.2,1116180,16261635,15.575989,24273.95,24100.0,24000,ATM-3,PUT,24150,2026-07-17
2026-07-17 10:20:00+05:30,80.05,81.7,78.9,81.3,908375,16340415,15.45498,24266.75,24100.0,24000,ATM-3,PUT,24150,2026-07-17
2026-07-17 10:21:00+05:30,81.5,81.8,79.8,80.6,587600,16463200,15.432276,24268.3,24100.0,24000,ATM-3,PUT,24150,2026-07-17
2026-07-17 10:22:00+05:30,80.95,81.4,80.0,81.0,519740,16532685,15.296174,24262.95,24100.0,24000,ATM-3,PUT,24150,2026-07-17
2026-07-17 10:23:00+05:30,81.2,82.25,81.0,81.8,565435,16596905,15.242809,24258.8,24100.0,24000,ATM-3,PUT,24150,2026-07-17
2026-07-17 10:24:00+05:30,81.6,82.25,81.25,81.35,409565,16619785,15.086224,24255.6,24100.0,24000,ATM-3,PUT,24150,2026-07-17
2026-07-17 10:25:00+05:30,81.25,82.2,80.6,80.8,502255,16724175,15.309961,24263.9,24100.0,24000,ATM-3,PUT,24150,2026-07-17
2026-07-17 10:26:00+05:30,80.8,81.5,80.5,80.75,269100,16720405,15.368171,24265.75,24100.0,24000,ATM-3,PUT,24150,2026-07-17
2026-07-17 10:27:00+05:30,80.6,81.15,79.6,80.65,466115,16759600,15.42251,24267.65,24100.0,24000,ATM-3,PUT,24150,2026-07-17
2026-07-17 10:28:00+05:30,80.7,80.7,78.8,79.15,413595,16786510,15.44951,24273.3,24100.0,24000,ATM-3,PUT,24150,2026-07-17
2026-07-17 10:29:00+05:30,95.55,95.65,93.0,93.4,415025,12877020,15.497917,24281.55,24150.0,24000,ATM-3,PUT,24150,2026-07-17
2026-07-17 10:30:00+05:30,93.65,94.65,93.0,93.2,384670,12937405,15.401142,24279.4,24150.0,24000,ATM-3,PUT,24150,2026-07-17
2026-07-17 10:31:00+05:30,93.25,93.5,92.3,92.85,392860,13039585,15.498124,24283.1,24150.0,24000,ATM-3,PUT,24150,2026-07-17
2026-07-17 10:32:00+05:30,93.05,93.55,91.4,93.3,435825,13079820,15.621203,24285.2,24150.0,24000,ATM-3,PUT,24150,2026-07-17
2026-07-17 10:33:00+05:30,93.6,96.15,93.3,95.25,413985,13099515,15.626915,24279.65,24150.0,24000,ATM-3,PUT,24150,2026-07-17
2026-07-17 10:34:00+05:30,95.4,95.7,94.35,94.65,225810,13167505,15.732372,24284.3,24150.0,24000,ATM-3,PUT,24150,2026-07-17
2026-07-17 10:35:00+05:30,78.55,81.25,78.5,81.05,473915,17246320,15.628219,24272.2,24100.0,24000,ATM-3,PUT,24150,2026-07-17
2026-07-17 10:36:00+05:30,80.85,81.3,80.5,80.9,368030,17293705,15.623062,24272.5,24100.0,24000,ATM-3,PUT,24150,2026-07-17
2026-07-17 10:37:00+05:30,80.6,81.6,80.45,81.6,302575,17333810,15.523502,24267.25,24100.0,24000,ATM-3,PUT,24150,2026-07-17
2026-07-17 10:38:00+05:30,81.45,82.3,80.15,80.45,560755,17392570,15.418066,24267.8,24100.0,24000,ATM-3,PUT,24150,2026-07-17
2026-07-17 10:39:00+05:30,80.4,81.5,80.05,81.5,318825,17491370,15.514882,24267.25,24100.0,24000,ATM-3,PUT,24150,2026-07-17
2026-07-17 10:40:00+05:30,81.4,81.65,80.0,80.0,267670,17538495,15.393144,24268.45,24100.0,24000,ATM-3,PUT,24150,2026-07-17
2026-07-17 10:41:00+05:30,80.05,80.8,79.6,79.6,261365,17572685,15.427894,24270.75,24100.0,24000,ATM-3,PUT,24150,2026-07-17
2026-07-17 10:42:00+05:30,79.6,80.95,79.5,80.9,279110,17583345,15.520469,24269.25,24100.0,24000,ATM-3,PUT,24150,2026-07-17
2026-07-17 10:43:00+05:30,80.75,85.25,80.75,85.0,772265,17539405,15.241983,24248.15,24100.0,24000,ATM-3,PUT,24150,2026-07-17
2026-07-17 10:44:00+05:30,83.65,85.0,82.5,83.5,910520,17535310,15.45971,24259.1,24100.0,24000,ATM-3,PUT,24150,2026-07-17
2026-07-17 10:45:00+05:30,83.35,85.75,82.8,85.65,851955,17384835,15.492234,24253.3,24100.0,24000,ATM-3,PUT,24150,2026-07-17
2026-07-17 10:46:00+05:30,85.7,86.0,84.0,84.85,710710,17285515,15.379976,24252.5,24100.0,24000,ATM-3,PUT,24150,2026-07-17
2026-07-17 10:47:00+05:30,84.7,85.0,82.8,83.35,538460,17292470,15.285576,24254.4,24100.0,24000,ATM-3,PUT,24150,2026-07-17
2026-07-17 10:48:00+05:30,83.4,84.5,83.2,84.45,264095,17194645,15.377298,24253.6,24100.0,24000,ATM-3,PUT,24150,2026-07-17
2026-07-17 10:49:00+05:30,84.55,85.2,83.8,84.6,324155,17232345,15.26652,24249.9,24100.0,24000,ATM-3,PUT,24150,2026-07-17
2026-07-17 10:50:00+05:30,84.75,85.15,83.0,84.15,299390,17240340,15.259231,24251.05,24100.0,24000,ATM-3,PUT,24150,2026-07-17
2026-07-17 10:51:00+05:30,84.0,85.0,84.0,85.0,210340,17224285,15.276834,24248.9,24100.0,24000,ATM-3,PUT,24150,2026-07-17
2026-07-17 10:52:00+05:30,84.75,85.5,83.45,83.65,357890,17238065,15.231981,24251.75,24100.0,24000,ATM-3,PUT,24150,2026-07-17
2026-07-17 10:53:00+05:30,83.35,83.65,81.5,82.5,455195,17144010,15.262484,24256.2,24100.0,24000,ATM-3,PUT,24150,2026-07-17
2026-07-17 10:54:00+05:30,82.4,85.0,82.0,84.05,443950,16999450,15.40822,24255.55,24100.0,24000,ATM-3,PUT,24150,2026-07-17
2026-07-17 10:55:00+05:30,83.8,85.1,83.3,83.4,249730,17018950,15.380615,24256.75,24100.0,24000,ATM-3,PUT,24150,2026-07-17
2026-07-17 10:56:00+05:30,83.1,84.35,81.85,83.0,332930,17004065,15.307698,24255.85,24100.0,24000,ATM-3,PUT,24150,2026-07-17
2026-07-17 10:57:00+05:30,82.65,83.7,82.4,82.9,143130,17000815,15.320348,24256.5,24100.0,24000,ATM-3,PUT,24150,2026-07-17
2026-07-17 10:58:00+05:30,82.95,83.25,81.45,81.5,164060,17035265,15.213046,24257.75,24100.0,24000,ATM-3,PUT,24150,2026-07-17
2026-07-17 10:59:00+05:30,81.55,82.8,81.5,82.0,143000,17037735,15.242547,24257.0,24100.0,24000,ATM-3,PUT,24150,2026-07-17
2026-07-17 11:00:00+05:30,81.8,82.35,80.2,81.2,340665,17035135,15.256171,24259.9,24100.0,24000,ATM-3,PUT,24150,2026-07-17
2026-07-17 11:01:00+05:30,81.05,82.9,80.6,82.7,212355,17011670,15.306642,24256.6,24100.0,24000,ATM-3,PUT,24150,2026-07-17
2026-07-17 11:02:00+05:30,82.6,84.9,82.6,84.7,464295,17027400,15.244706,24248.55,24100.0,24000,ATM-3,PUT,24150,2026-07-17
2026-07-17 11:03:00+05:30,84.05,84.7,83.05,83.3,220805,17149080,15.151179,24250.15,24100.0,24000,ATM-3,PUT,24150,2026-07-17
2026-07-17 11:04:00+05:30,83.25,83.35,81.85,81.85,302900,17103710,15.271227,24258.15,24100.0,24000,ATM-3,PUT,24150,2026-07-17
2026-07-17 11:05:00+05:30,81.8,82.15,80.4,81.6,284505,17116775,15.383511,24262.2,24100.0,24000,ATM-3,PUT,24150,2026-07-17
2026-07-17 11:06:00+05:30,82.25,82.95,80.95,81.1,253110,17112355,15.320115,24261.9,24100.0,24000,ATM-3,PUT,24150,2026-07-17
2026-07-17 11:07:00+05:30,80.8,85.45,80.75,85.45,612365,17144270,15.246837,24246.15,24100.0,24000,ATM-3,PUT,24150,2026-07-17
2026-07-17 11:08:00+05:30,85.4,88.2,85.3,87.0,1326455,17002505,15.139099,24238.35,24100.0,24000,ATM-3,PUT,24150,2026-07-17
2026-07-17 11:09:00+05:30,86.6,87.35,85.0,85.45,474565,16876015,15.100334,24241.9,24100.0,24000,ATM-3,PUT,24150,2026-07-17
2026-07-17 11:10:00+05:30,85.5,88.2,85.45,87.4,564265,16823430,15.203144,24238.9,24100.0,24000,ATM-3,PUT,24150,2026-07-17
2026-07-17 11:11:00+05:30,87.55,87.8,85.65,86.6,440375,16881085,15.18451,24240.75,24100.0,24000,ATM-3,PUT,24150,2026-07-17
2026-07-17 11:12:00+05:30,86.6,87.15,86.0,86.55,251810,16883230,15.213712,24241.7,24100.0,24000,ATM-3,PUT,24150,2026-07-17
2026-07-17 11:13:00+05:30,86.4,89.0,86.35,88.0,550160,16840070,15.23469,24237.9,24100.0,24000,ATM-3,PUT,24150,2026-07-17
2026-07-17 11:14:00+05:30,88.0,88.8,85.65,86.55,615095,16835650,15.004223,24235.7,24100.0,24000,ATM-3,PUT,24150,2026-07-17
2026-07-17 11:15:00+05:30,86.5,87.5,86.05,86.95,325260,16874845,15.162639,24238.95,24100.0,24000,ATM-3,PUT,24150,2026-07-17
2026-07-17 11:16:00+05:30,86.7,89.05,86.5,88.7,463840,16853460,15.221595,24235.35,24100.0,24000,ATM-3,PUT,24150,2026-07-17
2026-07-17 11:17:00+05:30,88.2,88.7,86.0,87.25,520260,16838835,15.216108,24239.5,24100.0,24000,ATM-3,PUT,24150,2026-07-17
2026-07-17 11:18:00+05:30,87.35,88.85,87.15,88.85,330135,16771755,15.294753,24236.9,24100.0,24000,ATM-3,PUT,24150,2026-07-17
2026-07-17 11:19:00+05:30,88.8,88.95,86.6,87.15,381810,16728530,15.283512,24241.65,24100.0,24000,ATM-3,PUT,24150,2026-07-17
2026-07-17 11:20:00+05:30,86.95,87.75,86.35,87.0,236145,16734770,15.272181,24241.75,24100.0,24000,ATM-3,PUT,24150,2026-07-17
2026-07-17 11:21:00+05:30,87.25,87.8,86.6,86.7,194415,16721770,15.239598,24241.7,24100.0,24000,ATM-3,PUT,24150,2026-07-17
2026-07-17 11:22:00+05:30,86.5,86.7,83.75,85.1,761540,16591770,15.341037,24249.45,24100.0,24000,ATM-3,PUT,24150,2026-07-17
2026-07-17 11:23:00+05:30,85.0,88.55,85.0,87.6,443625,16534180,15.222758,24238.45,24100.0,24000,ATM-3,PUT,24150,2026-07-17
2026-07-17 11:24:00+05:30,87.35,88.45,85.2,85.5,380965,16559010,15.272725,24246.2,24100.0,24000,ATM-3,PUT,24150,2026-07-17
2026-07-17 11:25:00+05:30,85.75,87.2,85.15,87.1,249015,16583775,15.321825,24242.7,24100.0,24000,ATM-3,PUT,24150,2026-07-17
2026-07-17 11:26:00+05:30,86.75,88.1,86.1,86.1,288860,16577340,15.170647,24241.4,24100.0,24000,ATM-3,PUT,24150,2026-07-17
2026-07-17 11:27:00+05:30,86.1,86.65,85.0,85.8,279955,16566875,15.213537,24243.5,24100.0,24000,ATM-3,PUT,24150,2026-07-17
2026-07-17 11:28:00+05:30,85.7,86.65,85.3,86.0,174850,16606265,15.295619,24245.2,24100.0,24000,ATM-3,PUT,24150,2026-07-17
2026-07-17 11:29:00+05:30,86.1,86.4,84.3,86.25,302835,16598920,15.246209,24243.0,24100.0,24000,ATM-3,PUT,24150,2026-07-17
2026-07-17 11:30:00+05:30,86.0,86.4,85.0,85.85,231855,16630575,15.244998,24244.15,24100.0,24000,ATM-3,PUT,24150,2026-07-17
2026-07-17 11:31:00+05:30,85.75,86.25,85.0,85.2,146380,16624335,15.248386,24246.2,24100.0,24000,ATM-3,PUT,24150,2026-07-17
2026-07-17 11:32:00+05:30,85.2,86.2,84.85,85.35,219440,16680365,15.14818,24242.85,24100.0,24000,ATM-3,PUT,24150,2026-07-17
2026-07-17 11:33:00+05:30,85.25,86.25,84.0,84.5,378950,16816670,15.271494,24248.95,24100.0,24000,ATM-3,PUT,24150,2026-07-17
2026-07-17 11:34:00+05:30,84.4,84.5,81.8,83.6,529815,16758105,15.302518,24252.6,24100.0,24000,ATM-3,PUT,24150,2026-07-17
2026-07-17 11:35:00+05:30,83.25,83.6,81.75,81.95,342550,16780530,15.330279,24258.55,24100.0,24000,ATM-3,PUT,24150,2026-07-17
2026-07-17 11:36:00+05:30,82.4,84.9,81.5,84.55,405405,16763500,15.346308,24250.85,24100.0,24000,ATM-3,PUT,24150,2026-07-17
2026-07-17 11:37:00+05:30,84.3,86.1,83.7,85.4,373685,16727815,15.300941,24246.9,24100.0,24000,ATM-3,PUT,24150,2026-07-17
2026-07-17 11:38:00+05:30,85.55,85.7,83.0,83.0,272805,16783650,15.19379,24251.2,24100.0,24000,ATM-3,PUT,24150,2026-07-17
2026-07-17 11:39:00+05:30,83.0,83.5,82.0,82.0,210990,16838770,15.288662,24257.05,24100.0,24000,ATM-3,PUT,24150,2026-07-17
2026-07-17 11:40:00+05:30,82.2,83.5,81.7,82.2,231595,16869385,15.361284,24258.5,24100.0,24000,ATM-3,PUT,24150,2026-07-17
2026-07-17 11:41:00+05:30,82.2,82.55,81.0,81.25,377585,16927755,15.42337,24263.3,24100.0,24000,ATM-3,PUT,24150,2026-07-17
2026-07-17 11:42:00+05:30,81.25,82.3,80.7,82.1,253240,17013360,15.45211,24261.4,24100.0,24000,ATM-3,PUT,24150,2026-07-17
2026-07-17 11:43:00+05:30,81.9,82.1,80.8,81.0,208195,17026295,15.357429,24262.1,24100.0,24000,ATM-3,PUT,24150,2026-07-17
2026-07-17 11:44:00+05:30,81.2,81.35,79.15,80.1,593190,17096105,15.433726,24267.2,24100.0,24000,ATM-3,PUT,24150,2026-07-17
2026-07-17 11:45:00+05:30,80.15,80.15,78.75,79.15,390000,17142840,15.477586,24271.55,24100.0,24000,ATM-3,PUT,24150,2026-07-17
2026-07-17 11:46:00+05:30,78.9,80.5,78.75,79.95,281190,17138615,15.482209,24269.05,24100.0,24000,ATM-3,PUT,24150,2026-07-17
2026-07-17 11:47:00+05:30,79.85,81.1,79.75,80.8,286910,17243460,15.484884,24266.35,24100.0,24000,ATM-3,PUT,24150,2026-07-17
2026-07-17 11:48:00+05:30,80.8,80.8,79.2,80.0,191490,17294485,15.442549,24267.65,24100.0,24000,ATM-3,PUT,24150,2026-07-17
2026-07-17 11:49:00+05:30,79.75,80.05,79.2,79.45,141960,17314180,15.38336,24267.65,24100.0,24000,ATM-3,PUT,24150,2026-07-17
2026-07-17 11:50:00+05:30,79.2,79.95,79.0,79.2,171665,17368195,15.456731,24270.6,24100.0,24000,ATM-3,PUT,24150,2026-07-17
2026-07-17 11:51:00+05:30,79.0,79.2,78.2,79.0,281840,17375150,15.49484,24272.35,24100.0,24000,ATM-3,PUT,24150,2026-07-17
2026-07-17 11:52:00+05:30,78.75,79.0,77.4,77.5,332995,17404270,15.380769,24273.85,24100.0,24000,ATM-3,PUT,24150,2026-07-17
2026-07-17 11:53:00+05:30,93.8,95.45,92.9,94.0,474110,13315315,15.552279,24278.7,24150.0,24000,ATM-3,PUT,24150,2026-07-17
2026-07-17 11:54:00+05:30,94.2,94.7,93.55,94.6,152620,13330785,15.62714,24279.0,24150.0,24000,ATM-3,PUT,24150,2026-07-17
2026-07-17 11:55:00+05:30,77.85,79.35,77.75,79.0,290095,17339790,15.581836,24274.8,24100.0,24000,ATM-3,PUT,24150,2026-07-17
2026-07-17 11:56:00+05:30,95.8,96.9,93.85,94.85,229060,13416650,15.704515,24280.35,24150.0,24000,ATM-3,PUT,24150,2026-07-17
2026-07-17 11:57:00+05:30,94.75,95.25,94.15,94.5,119405,13431665,15.632758,24279.35,24150.0,24000,ATM-3,PUT,24150,2026-07-17
2026-07-17 11:58:00+05:30,78.75,79.7,78.65,79.55,278915,17520490,15.65272,24275.0,24100.0,24000,ATM-3,PUT,24150,2026-07-17
2026-07-17 11:59:00+05:30,96.15,96.3,95.0,95.3,78390,13505700,15.664394,24277.85,24150.0,24000,ATM-3,PUT,24150,2026-07-17
2026-07-17 12:00:00+05:30,79.1,81.0,78.4,80.6,346125,17515290,15.632209,24270.9,24100.0,24000,ATM-3,PUT,24150,2026-07-17
2026-07-17 12:01:00+05:30,80.45,80.9,80.0,80.25,484770,17713995,15.5017,24268.15,24100.0,24000,ATM-3,PUT,24150,2026-07-17
2026-07-17 12:02:00+05:30,80.7,80.95,80.25,80.6,203515,17766515,15.512357,24267.3,24100.0,24000,ATM-3,PUT,24150,2026-07-17
2026-07-17 12:03:00+05:30,97.3,97.5,95.4,95.6,242775,13615160,15.614778,24275.5,24150.0,24000,ATM-3,PUT,24150,2026-07-17
2026-07-17 12:04:00+05:30,78.85,80.0,78.45,80.0,186875,17778605,15.704248,24274.85,24100.0,24000,ATM-3,PUT,24150,2026-07-17
2026-07-17 12:05:00+05:30,80.6,80.75,79.45,80.4,180635,17798170,15.729263,24274.25,24100.0,24000,ATM-3,PUT,24150,2026-07-17
2026-07-17 12:06:00+05:30,80.3,81.3,79.95,80.95,286975,17788160,15.572297,24267.8,24100.0,24000,ATM-3,PUT,24150,2026-07-17
2026-07-17 12:07:00+05:30,81.0,82.15,80.55,82.0,464685,17794400,15.536408,24263.35,24100.0,24000,ATM-3,PUT,24150,2026-07-17
2026-07-17 12:08:00+05:30,81.75,82.2,80.1,80.25,379470,17897685,15.507992,24268.1,24100.0,24000,ATM-3,PUT,24150,2026-07-17
2026-07-17 12:09:00+05:30,80.15,80.3,79.3,79.7,325065,17934085,15.655023,24274.2,24100.0,24000,ATM-3,PUT,24150,2026-07-17
2026-07-17 12:10:00+05:30,79.65,79.7,78.5,79.6,318760,17870710,15.638399,24274.0,24100.0,24000,ATM-3,PUT,24150,2026-07-17
2026-07-17 12:11:00+05:30,79.9,80.65,79.55,80.45,193895,17864665,15.65042,24271.55,24100.0,24000,ATM-3,PUT,24150,2026-07-17
2026-07-17 12:12:00+05:30,97.35,97.9,96.0,96.5,124670,13754325,15.73373,24275.9,24150.0,24000,ATM-3,PUT,24150,2026-07-17
2026-07-17 12:13:00+05:30,79.5,80.75,78.7,80.3,229645,17953000,15.600647,24270.5,24100.0,24000,ATM-3,PUT,24150,2026-07-17
2026-07-17 12:14:00+05:30,97.4,97.55,95.55,95.85,124735,13788385,15.691783,24276.55,24150.0,24000,ATM-3,PUT,24150,2026-07-17
2026-07-17 12:15:00+05:30,95.35,96.25,95.2,95.5,107250,13792350,15.799988,24280.5,24150.0,24000,ATM-3,PUT,24150,2026-07-17
2026-07-17 12:16:00+05:30,78.85,80.9,78.3,80.55,268320,17954950,15.760284,24274.3,24100.0,24000,ATM-3,PUT,24150,2026-07-17
2026-07-17 12:17:00+05:30,80.25,81.85,80.25,80.6,318305,17879680,15.695892,24272.2,24100.0,24000,ATM-3,PUT,24150,2026-07-17
2026-07-17 12:18:00+05:30,97.6,98.15,96.0,96.45,135135,13772005,15.726266,24275.65,24150.0,24000,ATM-3,PUT,24150,2026-07-17
2026-07-17 12:19:00+05:30,96.5,97.8,96.1,97.6,72995,13764075,15.84027,24275.45,24150.0,24000,ATM-3,PUT,24150,2026-07-17
2026-07-17 12:20:00+05:30,97.6,97.6,96.5,96.9,71175,13759135,15.96172,24280.75,24150.0,24000,ATM-3,PUT,24150,2026-07-17
2026-07-17 12:21:00+05:30,97.0,97.6,96.75,97.05,64350,13773305,15.933084,24279.5,24150.0,24000,ATM-3,PUT,24150,2026-07-17
2026-07-17 12:22:00+05:30,80.35,81.45,80.2,80.6,219375,18007470,15.69153,24271.9,24100.0,24000,ATM-3,PUT,24150,2026-07-17
2026-07-17 12:23:00+05:30,97.3,97.35,95.4,96.15,172445,13791375,15.89747,24281.05,24150.0,24000,ATM-3,PUT,24150,2026-07-17
2026-07-17 12:24:00+05:30,95.95,96.5,95.4,96.05,134355,13795990,15.913568,24281.75,24150.0,24000,ATM-3,PUT,24150,2026-07-17
2026-07-17 12:25:00+05:30,95.8,97.0,94.65,96.6,303225,13795080,15.861439,24278.7,24150.0,24000,ATM-3,PUT,24150,2026-07-17
2026-07-17 12:26:00+05:30,96.6,97.05,96.0,96.9,154115,13809055,15.842909,24277.3,24150.0,24000,ATM-3,PUT,24150,2026-07-17
2026-07-17 12:27:00+05:30,97.15,97.15,95.45,96.2,91065,13825565,15.816373,24278.55,24150.0,24000,ATM-3,PUT,24150,2026-07-17
2026-07-17 12:28:00+05:30,96.1,96.7,95.75,96.55,53560,13824135,15.830497,24277.9,24150.0,24000,ATM-3,PUT,24150,2026-07-17
2026-07-17 12:29:00+05:30,96.4,97.8,96.3,97.55,98735,13824135,15.927235,24277.65,24150.0,24000,ATM-3,PUT,24150,2026-07-17
2026-07-17 12:30:00+05:30,81.0,81.5,80.55,80.8,225095,18018000,15.812692,24274.55,24100.0,24000,ATM-3,PUT,24150,2026-07-17
2026-07-17 12:31:00+05:30,97.75,98.2,96.55,96.55,123045,13781625,15.804757,24277.1,24150.0,24000,ATM-3,PUT,24150,2026-07-17
2026-07-17 12:32:00+05:30,79.8,81.15,79.6,81.15,121940,18038670,15.826536,24273.75,24100.0,24000,ATM-3,PUT,24150,2026-07-17
2026-07-17 12:33:00+05:30,97.95,97.95,96.25,96.5,79235,13785850,15.924066,24280.45,24150.0,24000,ATM-3,PUT,24150,2026-07-17
2026-07-17 12:34:00+05:30,96.25,96.6,95.5,96.6,156000,13779740,15.961227,24281.15,24150.0,24000,ATM-3,PUT,24150,2026-07-17
2026-07-17 12:35:00+05:30,96.55,96.85,96.05,96.55,75335,13772655,15.96261,24281.3,24150.0,24000,ATM-3,PUT,24150,2026-07-17
2026-07-17 12:36:00+05:30,96.6,96.9,95.9,96.35,63375,13762190,15.955507,24281.65,24150.0,24000,ATM-3,PUT,24150,2026-07-17
2026-07-17 12:37:00+05:30,96.3,97.3,95.55,96.85,78585,13759330,15.908947,24278.9,24150.0,24000,ATM-3,PUT,24150,2026-07-17
2026-07-17 12:38:00+05:30,97.2,97.8,96.5,97.0,111020,13761670,15.911233,24278.5,24150.0,24000,ATM-3,PUT,24150,2026-07-17
2026-07-17 12:39:00+05:30,96.55,97.45,95.8,96.75,118755,13776750,15.858779,24277.75,24150.0,24000,ATM-3,PUT,24150,2026-07-17
2026-07-17 12:40:00+05:30,80.05,81.85,79.85,81.8,244335,18107245,15.662087,24266.55,24100.0,24000,ATM-3,PUT,24150,2026-07-17
2026-07-17 12:41:00+05:30,81.6,82.4,80.35,80.4,625950,18047705,15.594714,24269.05,24100.0,24000,ATM-3,PUT,24150,2026-07-17
2026-07-17 12:42:00+05:30,97.4,97.5,95.5,95.5,239135,13771355,15.818609,24280.15,24150.0,24000,ATM-3,PUT,24150,2026-07-17
2026-07-17 12:43:00+05:30,78.85,80.8,78.85,80.25,188695,18007990,15.782413,24275.0,24100.0,24000,ATM-3,PUT,24150,2026-07-17
2026-07-17 12:44:00+05:30,97.25,97.3,95.85,96.0,78260,13801385,15.760354,24277.05,24150.0,24000,ATM-3,PUT,24150,2026-07-17
2026-07-17 12:45:00+05:30,95.7,96.0,93.75,94.4,394680,13824590,15.82789,24283.5,24150.0,24000,ATM-3,PUT,24150,2026-07-17
2026-07-17 12:46:00+05:30,94.4,95.7,94.2,95.25,146250,13856505,15.87332,24282.25,24150.0,24000,ATM-3,PUT,24150,2026-07-17
2026-07-17 12:47:00+05:30,95.2,95.55,94.65,94.8,98670,13888030,15.982763,24286.55,24150.0,24000,ATM-3,PUT,24150,2026-07-17
2026-07-17 12:48:00+05:30,94.6,95.3,93.65,93.75,188760,13888875,15.898179,24287.25,24150.0,24000,ATM-3,PUT,24150,2026-07-17
2026-07-17 12:49:00+05:30,93.25,93.75,84.7,89.45,1711515,13876070,15.683725,24294.0,24150.0,24000,ATM-3,PUT,24150,2026-07-17
2026-07-17 12:50:00+05:30,89.6,94.45,89.45,94.35,762125,13660985,15.832074,24283.6,24150.0,24000,ATM-3,PUT,24150,2026-07-17
2026-07-17 12:51:00+05:30,94.85,96.25,93.75,94.7,477750,13639990,15.788531,24281.35,24150.0,24000,ATM-3,PUT,24150,2026-07-17
2026-07-17 12:52:00+05:30,94.5,95.85,94.0,95.5,211640,13683475,15.815695,24279.75,24150.0,24000,ATM-3,PUT,24150,2026-07-17
2026-07-17 12:53:00+05:30,79.0,80.7,78.65,80.3,501605,17921475,15.714919,24272.5,24100.0,24000,ATM-3,PUT,24150,2026-07-17
2026-07-17 12:54:00+05:30,80.05,81.45,79.9,80.8,522340,17995185,15.818877,24273.9,24100.0,24000,ATM-3,PUT,24150,2026-07-17
2026-07-17 12:55:00+05:30,80.4,81.75,78.95,81.7,425100,17998955,15.827491,24271.2,24100.0,24000,ATM-3,PUT,24150,2026-07-17
2026-07-17 12:56:00+05:30,81.65,81.75,79.5,79.85,338455,18016310,15.738159,24274.55,24100.0,24000,ATM-3,PUT,24150,2026-07-17
2026-07-17 12:57:00+05:30,96.65,96.65,93.25,95.0,382720,13813995,15.79075,24280.35,24150.0,24000,ATM-3,PUT,24150,2026-07-17
2026-07-17 12:58:00+05:30,95.2,96.0,93.85,95.55,110500,13862225,15.79877,24278.95,24150.0,24000,ATM-3,PUT,24150,2026-07-17
2026-07-17 12:59:00+05:30,95.45,95.55,93.65,93.65,120185,13885105,15.757784,24283.3,24150.0,24000,ATM-3,PUT,24150,2026-07-17
2026-07-17 13:00:00+05:30,93.0,94.35,92.7,94.25,230425,13911040,15.804204,24282.8,24150.0,24000,ATM-3,PUT,24150,2026-07-17
2026-07-17 13:01:00+05:30,94.0,94.25,91.95,93.0,203190,13927875,15.707671,24283.75,24150.0,24000,ATM-3,PUT,24150,2026-07-17
2026-07-17 13:02:00+05:30,93.05,94.4,92.8,94.2,178295,13913445,15.65036,24278.65,24150.0,24000,ATM-3,PUT,24150,2026-07-17
2026-07-17 13:03:00+05:30,94.45,95.35,93.5,94.3,205010,13918060,15.736699,24280.7,24150.0,24000,ATM-3,PUT,24150,2026-07-17
2026-07-17 13:04:00+05:30,94.05,94.3,93.05,94.2,116090,13948025,15.696382,24279.85,24150.0,24000,ATM-3,PUT,24150,2026-07-17
2026-07-17 13:05:00+05:30,94.1,95.25,94.0,94.0,108290,13952900,15.72191,24281.1,24150.0,24000,ATM-3,PUT,24150,2026-07-17
2026-07-17 13:06:00+05:30,94.05,94.5,93.0,93.25,128570,13939445,15.747172,24283.95,24150.0,24000,ATM-3,PUT,24150,2026-07-17
2026-07-17 13:07:00+05:30,93.2,96.35,92.6,96.2,265135,13957125,15.786116,24276.45,24150.0,24000,ATM-3,PUT,24150,2026-07-17
2026-07-17 13:08:00+05:30,95.7,96.2,94.55,95.05,106990,13940550,15.786984,24279.75,24150.0,24000,ATM-3,PUT,24150,2026-07-17
2026-07-17 13:09:00+05:30,95.3,95.75,94.6,95.45,97565,13952445,15.766359,24278.0,24150.0,24000,ATM-3,PUT,24150,2026-07-17
2026-07-17 13:10:00+05:30,95.45,95.6,94.45,95.0,96655,13971880,15.77493,24279.5,24150.0,24000,ATM-3,PUT,24150,2026-07-17
2026-07-17 13:11:00+05:30,94.75,95.25,93.65,95.25,100295,13967980,15.795137,24279.3,24150.0,24000,ATM-3,PUT,24150,2026-07-17
2026-07-17 13:12:00+05:30,95.0,96.5,94.1,96.5,119210,13977665,15.856494,24277.35,24150.0,24000,ATM-3,PUT,24150,2026-07-17
2026-07-17 13:13:00+05:30,96.3,96.5,94.35,94.65,147290,13960635,15.630097,24276.45,24150.0,24000,ATM-3,PUT,24150,2026-07-17
2026-07-17 13:14:00+05:30,94.55,95.0,93.5,94.45,114010,13983190,15.832634,24282.55,24150.0,24000,ATM-3,PUT,24150,2026-07-17
2026-07-17 13:15:00+05:30,78.3,82.0,78.2,80.3,576420,18089825,15.720309,24271.9,24100.0,24000,ATM-3,PUT,24150,2026-07-17
2026-07-17 13:16:00+05:30,80.25,80.85,79.6,79.65,438880,17943965,15.680095,24272.8,24100.0,24000,ATM-3,PUT,24150,2026-07-17
2026-07-17 13:17:00+05:30,96.65,97.6,96.05,96.4,176670,13958750,15.780239,24275.4,24150.0,24000,ATM-3,PUT,24150,2026-07-17
2026-07-17 13:18:00+05:30,79.55,80.6,78.65,79.85,152295,17969965,15.696112,24272.55,24100.0,24000,ATM-3,PUT,24150,2026-07-17
2026-07-17 13:19:00+05:30,79.7,80.85,79.45,80.35,140270,17979845,15.813884,24274.35,24100.0,24000,ATM-3,PUT,24150,2026-07-17
2026-07-17 13:20:00+05:30,97.4,97.4,95.5,96.4,124540,13927290,15.853534,24277.3,24150.0,24000,ATM-3,PUT,24150,2026-07-17
2026-07-17 13:21:00+05:30,96.35,97.25,96.05,97.0,105170,13940680,15.923319,24277.45,24150.0,24000,ATM-3,PUT,24150,2026-07-17
2026-07-17 13:22:00+05:30,79.7,80.2,79.3,79.7,126295,17974970,15.745317,24274.35,24100.0,24000,ATM-3,PUT,24150,2026-07-17
2026-07-17 13:23:00+05:30,79.5,81.0,79.0,80.75,144430,17993365,15.682217,24269.05,24100.0,24000,ATM-3,PUT,24150,2026-07-17
2026-07-17 13:24:00+05:30,80.75,82.45,79.75,82.2,539045,17971005,15.754047,24266.45,24100.0,24000,ATM-3,PUT,24150,2026-07-17
2026-07-17 13:25:00+05:30,82.05,83.4,79.7,79.75,748605,17923035,15.560371,24268.65,24100.0,24000,ATM-3,PUT,24150,2026-07-17
2026-07-17 13:26:00+05:30,79.7,82.2,79.05,81.75,351065,17924725,15.657028,24265.0,24100.0,24000,ATM-3,PUT,24150,2026-07-17
2026-07-17 13:27:00+05:30,81.6,82.85,81.5,82.8,309335,17895215,15.664786,24261.85,24100.0,24000,ATM-3,PUT,24150,2026-07-17
2026-07-17 13:28:00+05:30,82.6,83.2,82.0,82.15,399425,17906590,15.553206,24260.65,24100.0,24000,ATM-3,PUT,24150,2026-07-17
2026-07-17 13:29:00+05:30,82.2,82.3,80.0,81.7,406510,17880525,15.734099,24267.3,24100.0,24000,ATM-3,PUT,24150,2026-07-17
2026-07-17 13:30:00+05:30,81.15,81.7,80.1,80.5,174200,17835740,15.686731,24269.75,24100.0,24000,ATM-3,PUT,24150,2026-07-17
2026-07-17 13:31:00+05:30,80.3,81.6,79.15,81.3,325325,17798690,15.718086,24268.05,24100.0,24000,ATM-3,PUT,24150,2026-07-17
2026-07-17 13:32:00+05:30,81.0,82.4,80.5,81.25,272350,17803695,15.660563,24266.5,24100.0,24000,ATM-3,PUT,24150,2026-07-17
2026-07-17 13:33:00+05:30,81.55,82.5,81.25,81.7,185640,17813250,15.62356,24263.95,24100.0,24000,ATM-3,PUT,24150,2026-07-17
2026-07-17 13:34:00+05:30,81.7,82.4,80.75,80.75,242775,17810520,15.580303,24265.7,24100.0,24000,ATM-3,PUT,24150,2026-07-17
2026-07-17 13:35:00+05:30,80.75,80.95,79.75,80.45,236275,17855500,15.613511,24267.6,24100.0,24000,ATM-3,PUT,24150,2026-07-17
2026-07-17 13:36:00+05:30,80.2,80.45,78.05,80.1,463125,17814875,15.651219,24269.8,24100.0,24000,ATM-3,PUT,24150,2026-07-17
2026-07-17 13:37:00+05:30,80.2,81.85,79.3,81.7,279955,17807725,15.654084,24264.7,24100.0,24000,ATM-3,PUT,24150,2026-07-17
2026-07-17 13:38:00+05:30,81.5,82.0,80.6,81.7,273455,17802655,15.69313,24265.8,24100.0,24000,ATM-3,PUT,24150,2026-07-17
2026-07-17 13:39:00+05:30,81.5,81.7,80.25,80.6,148460,17820465,15.69983,24269.5,24100.0,24000,ATM-3,PUT,24150,2026-07-17
2026-07-17 13:40:00+05:30,80.9,84.55,80.6,83.75,666380,17774185,15.659001,24258.25,24100.0,24000,ATM-3,PUT,24150,2026-07-17
2026-07-17 13:41:00+05:30,83.6,86.6,82.75,82.75,948090,17727190,15.425456,24254.65,24100.0,24000,ATM-3,PUT,24150,2026-07-17
2026-07-17 13:42:00+05:30,82.45,85.85,82.35,84.7,524680,17790500,15.51817,24251.2,24100.0,24000,ATM-3,PUT,24150,2026-07-17
2026-07-17 13:43:00+05:30,85.25,85.95,83.75,83.75,642785,17802655,15.3159,24248.35,24100.0,24000,ATM-3,PUT,24150,2026-07-17
2026-07-17 13:44:00+05:30,84.15,85.7,82.7,83.2,569530,17709770,15.464067,24254.25,24100.0,24000,ATM-3,PUT,24150,2026-07-17
2026-07-17 13:45:00+05:30,83.65,85.0,83.2,84.2,339755,17647305,15.50942,24252.4,24100.0,24000,ATM-3,PUT,24150,2026-07-17
2026-07-17 13:46:00+05:30,84.3,87.35,83.45,87.3,914745,17600115,15.588558,24245.1,24100.0,24000,ATM-3,PUT,24150,2026-07-17
2026-07-17 13:47:00+05:30,86.7,89.15,86.6,86.85,1455805,17424225,15.312918,24238.7,24100.0,24000,ATM-3,PUT,24150,2026-07-17
2026-07-17 13:48:00+05:30,86.75,87.6,84.75,85.2,801320,17193865,15.433036,24247.05,24100.0,24000,ATM-3,PUT,24150,2026-07-17
2026-07-17 13:49:00+05:30,85.35,87.2,84.8,87.15,487500,17110535,15.392183,24239.95,24100.0,24000,ATM-3,PUT,24150,2026-07-17
2026-07-17 13:50:00+05:30,87.05,89.5,86.55,88.85,1236885,17094870,15.109829,24227.05,24100.0,24000,ATM-3,PUT,24150,2026-07-17
2026-07-17 13:51:00+05:30,72.2,75.25,72.15,74.05,886275,6901050,14.893269,24215.95,24050.0,24000,ATM-3,PUT,24150,2026-07-17
2026-07-17 13:52:00+05:30,74.25,74.25,71.75,72.7,460200,6793085,14.958726,24222.35,24050.0,24000,ATM-3,PUT,24150,2026-07-17
2026-07-17 13:53:00+05:30,89.9,90.2,87.7,88.25,587145,16652805,15.129173,24229.25,24100.0,24000,ATM-3,PUT,24150,2026-07-17
2026-07-17 13:54:00+05:30,87.6,88.65,85.5,86.4,675025,16591575,15.031896,24232.0,24100.0,24000,ATM-3,PUT,24150,2026-07-17
2026-07-17 13:55:00+05:30,86.7,88.0,83.5,85.0,977600,16482765,15.044213,24236.5,24100.0,24000,ATM-3,PUT,24150,2026-07-17
2026-07-17 13:56:00+05:30,84.95,87.35,84.95,85.75,465075,16433885,14.99143,24232.75,24100.0,24000,ATM-3,PUT,24150,2026-07-17
2026-07-17 13:57:00+05:30,85.95,86.35,84.25,85.4,412490,16450395,14.989109,24233.7,24100.0,24000,ATM-3,PUT,24150,2026-07-17
2026-07-17 13:58:00+05:30,84.85,86.0,84.15,84.9,393380,16473340,15.076123,24237.6,24100.0,24000,ATM-3,PUT,24150,2026-07-17
2026-07-17 13:59:00+05:30,84.5,84.9,78.1,79.6,1486160,16485755,14.942668,24250.1,24100.0,24000,ATM-3,PUT,24150,2026-07-17
2026-07-17 14:00:00+05:30,80.0,81.9,79.55,80.35,572585,16434405,14.980456,24248.8,24100.0,24000,ATM-3,PUT,24150,2026-07-17
2026-07-17 14:01:00+05:30,80.4,82.25,79.8,81.0,498225,16479840,14.982469,24246.8,24100.0,24000,ATM-3,PUT,24150,2026-07-17
2026-07-17 14:02:00+05:30,80.95,83.0,80.85,81.65,343980,16451695,14.941769,24243.6,24100.0,24000,ATM-3,PUT,24150,2026-07-17
2026-07-17 14:03:00+05:30,81.85,82.2,80.65,80.8,266305,16520595,14.943574,24246.25,24100.0,24000,ATM-3,PUT,24150,2026-07-17
2026-07-17 14:04:00+05:30,80.6,80.9,79.1,79.95,444210,16481790,14.995316,24250.35,24100.0,24000,ATM-3,PUT,24150,2026-07-17
2026-07-17 14:05:00+05:30,79.95,79.95,77.5,78.4,616395,16434210,14.977412,24254.7,24100.0,24000,ATM-3,PUT,24150,2026-07-17
2026-07-17 14:06:00+05:30,78.25,80.45,78.1,80.45,305305,16345680,15.027845,24249.65,24100.0,24000,ATM-3,PUT,24150,2026-07-17
2026-07-17 14:07:00+05:30,80.75,80.75,79.05,79.5,272675,16400150,14.973761,24251.05,24100.0,24000,ATM-3,PUT,24150,2026-07-17
2026-07-17 14:08:00+05:30,79.45,81.05,78.85,79.95,256295,16436160,15.025976,24251.1,24100.0,24000,ATM-3,PUT,24150,2026-07-17
2026-07-17 14:09:00+05:30,80.1,80.3,79.2,79.7,106925,16483285,15.064139,24252.95,24100.0,24000,ATM-3,PUT,24150,2026-07-17
2026-07-17 14:10:00+05:30,79.3,79.85,78.5,78.7,186615,16501420,14.991792,24254.0,24100.0,24000,ATM-3,PUT,24150,2026-07-17
2026-07-17 14:11:00+05:30,78.7,78.7,74.65,74.65,1196455,16433560,14.930017,24265.25,24100.0,24000,ATM-3,PUT,24150,2026-07-17
2026-07-17 14:12:00+05:30,74.9,75.1,71.85,72.35,1297855,16118310,14.88742,24271.6,24100.0,24000,ATM-3,PUT,24150,2026-07-17
2026-07-17 14:13:00+05:30,88.95,89.1,85.2,86.0,865150,11890450,14.809771,24277.25,24150.0,24000,ATM-3,PUT,24150,2026-07-17
2026-07-17 14:14:00+05:30,85.6,87.25,85.15,85.15,610025,11921195,14.839044,24280.55,24150.0,24000,ATM-3,PUT,24150,2026-07-17
2026-07-17 14:15:00+05:30,104.25,104.4,77.7,77.85,5235100,19883500,14.548142,24345.4,24200.0,24000,ATM-3,PUT,24150,2026-07-17
2026-07-17 14:16:00+05:30,74.2,82.95,73.65,77.7,4502030,19130215,15.136413,24362.9,24200.0,24000,ATM-3,PUT,24150,2026-07-17
2026-07-17 14:17:00+05:30,77.4,83.0,77.4,81.25,3152110,19223100,14.99245,24347.45,24200.0,24000,ATM-3,PUT,24150,2026-07-17
2026-07-17 14:18:00+05:30,84.5,87.0,81.25,84.6,1985035,19464250,14.83311,24332.7,24200.0,24000,ATM-3,PUT,24150,2026-07-17
2026-07-17 14:19:00+05:30,70.5,74.8,69.2,74.8,1308320,11521120,14.695117,24308.45,24150.0,24000,ATM-3,PUT,24150,2026-07-17
2026-07-17 14:20:00+05:30,74.2,77.0,71.6,76.9,856180,11528855,15.076429,24312.75,24150.0,24000,ATM-3,PUT,24150,2026-07-17
2026-07-17 14:21:00+05:30,76.75,79.65,75.15,78.45,907530,11404965,15.132435,24309.35,24150.0,24000,ATM-3,PUT,24150,2026-07-17
2026-07-17 14:22:00+05:30,79.0,82.05,78.45,82.05,710970,11319945,15.237048,24300.95,24150.0,24000,ATM-3,PUT,24150,2026-07-17
2026-07-17 14:23:00+05:30,83.35,85.7,81.25,85.4,1031810,11166220,15.31087,24292.7,24150.0,24000,ATM-3,PUT,24150,2026-07-17
2026-07-17 14:24:00+05:30,84.95,85.4,80.85,81.05,699725,11048895,15.037304,24298.3,24150.0,24000,ATM-3,PUT,24150,2026-07-17
2026-07-17 14:25:00+05:30,81.15,81.75,75.4,78.05,785785,11041485,15.022124,24307.3,24150.0,24000,ATM-3,PUT,24150,2026-07-17
2026-07-17 14:26:00+05:30,78.45,78.45,76.1,76.5,375505,10949120,14.98747,24311.25,24150.0,24000,ATM-3,PUT,24150,2026-07-17
2026-07-17 14:27:00+05:30,76.35,77.2,74.45,75.3,344110,10990655,14.844996,24310.95,24150.0,24000,ATM-3,PUT,24150,2026-07-17
2026-07-17 14:28:00+05:30,74.15,75.3,72.5,75.15,416455,11013535,14.779858,24309.5,24150.0,24000,ATM-3,PUT,24150,2026-07-17
2026-07-17 14:29:00+05:30,78.5,83.15,75.15,81.85,851435,10945090,14.745141,24287.4,24150.0,24000,ATM-3,PUT,24150,2026-07-17
2026-07-17 14:30:00+05:30,81.4,81.85,76.0,76.55,665405,10945220,14.770626,24304.65,24150.0,24000,ATM-3,PUT,24150,2026-07-17
2026-07-17 14:31:00+05:30,76.55,78.65,75.8,78.35,278005,10966085,14.819337,24300.3,24150.0,24000,ATM-3,PUT,24150,2026-07-17
2026-07-17 14:32:00+05:30,78.4,78.95,77.3,78.0,250835,10972910,14.741977,24299.15,24150.0,24000,ATM-3,PUT,24150,2026-07-17
2026-07-17 14:33:00+05:30,78.6,79.3,77.5,78.05,165945,10982205,14.622978,24295.55,24150.0,24000,ATM-3,PUT,24150,2026-07-17
2026-07-17 14:34:00+05:30,78.3,79.0,76.75,77.65,165230,10983310,14.665692,24298.0,24150.0,24000,ATM-3,PUT,24150,2026-07-17
2026-07-17 14:35:00+05:30,77.65,78.5,77.3,78.2,140985,10975250,14.749833,24298.65,24150.0,24000,ATM-3,PUT,24150,2026-07-17
2026-07-17 14:36:00+05:30,78.2,80.5,78.2,79.85,316160,10988705,14.742378,24293.25,24150.0,24000,ATM-3,PUT,24150,2026-07-17
2026-07-17 14:37:00+05:30,79.95,80.4,78.4,79.8,182390,10975120,14.730989,24293.05,24150.0,24000,ATM-3,PUT,24150,2026-07-17
2026-07-17 14:38:00+05:30,80.3,81.2,77.35,77.85,424060,11014640,14.725162,24298.95,24150.0,24000,ATM-3,PUT,24150,2026-07-17
2026-07-17 14:39:00+05:30,77.9,78.75,77.45,77.5,147095,10942685,14.651223,24297.9,24150.0,24000,ATM-3,PUT,24150,2026-07-17
2026-07-17 14:40:00+05:30,77.5,78.0,76.4,77.5,224055,10911680,14.794885,24302.0,24150.0,24000,ATM-3,PUT,24150,2026-07-17
2026-07-17 14:41:00+05:30,77.85,78.5,74.5,74.5,342030,10893155,14.802205,24311.85,24150.0,24000,ATM-3,PUT,24150,2026-07-17
2026-07-17 14:42:00+05:30,74.7,76.35,74.5,74.7,238680,10878660,14.776106,24310.4,24150.0,24000,ATM-3,PUT,24150,2026-07-17
2026-07-17 14:43:00+05:30,75.05,75.05,72.9,74.4,341380,10807615,14.8018,24312.1,24150.0,24000,ATM-3,PUT,24150,2026-07-17
2026-07-17 14:44:00+05:30,74.45,74.45,71.5,72.15,297050,10812230,14.738874,24317.65,24150.0,24000,ATM-3,PUT,24150,2026-07-17
2026-07-17 14:45:00+05:30,71.9,73.05,71.8,72.5,267280,10823670,14.841803,24319.5,24150.0,24000,ATM-3,PUT,24150,2026-07-17
2026-07-17 14:46:00+05:30,88.55,90.3,86.1,86.35,795275,19161090,14.775206,24325.05,24200.0,24000,ATM-3,PUT,24150,2026-07-17
2026-07-17 14:47:00+05:30,70.95,72.1,70.5,71.55,223795,10779275,14.807416,24321.6,24150.0,24000,ATM-3,PUT,24150,2026-07-17
2026-07-17 14:48:00+05:30,71.25,73.3,70.4,70.45,253305,10786165,14.638731,24320.25,24150.0,24000,ATM-3,PUT,24150,2026-07-17
2026-07-17 14:49:00+05:30,70.85,70.85,68.6,69.95,438100,10781745,14.708478,24324.0,24150.0,24000,ATM-3,PUT,24150,2026-07-17
2026-07-17 14:50:00+05:30,69.8,71.8,68.7,70.75,407355,10767835,14.666535,24320.0,24150.0,24000,ATM-3,PUT,24150,2026-07-17
2026-07-17 14:51:00+05:30,70.7,72.2,69.2,71.65,283660,10782980,14.670061,24317.05,24150.0,24000,ATM-3,PUT,24150,2026-07-17
2026-07-17 14:52:00+05:30,71.6,71.65,70.25,71.15,184990,10818275,14.700576,24319.6,24150.0,24000,ATM-3,PUT,24150,2026-07-17
2026-07-17 14:53:00+05:30,71.2,72.9,69.9,70.2,287235,10830950,14.6243,24320.5,24150.0,24000,ATM-3,PUT,24150,2026-07-17
2026-07-17 14:54:00+05:30,70.55,72.25,70.2,70.65,173420,10841545,14.691512,24320.95,24150.0,24000,ATM-3,PUT,24150,2026-07-17
2026-07-17 14:55:00+05:30,86.85,87.7,85.2,85.2,637455,19244875,14.747429,24327.4,24200.0,24000,ATM-3,PUT,24150,2026-07-17
2026-07-17 14:56:00+05:30,67.2,71.2,67.1,70.4,606775,10797020,14.797515,24324.9,24150.0,24000,ATM-3,PUT,24150,2026-07-17
2026-07-17 14:57:00+05:30,70.15,72.0,70.05,71.25,210470,10798060,14.78465,24321.6,24150.0,24000,ATM-3,PUT,24150,2026-07-17
2026-07-17 14:58:00+05:30,71.2,73.0,71.0,72.05,313755,10794225,14.682355,24315.85,24150.0,24000,ATM-3,PUT,24150,2026-07-17
2026-07-17 14:59:00+05:30,71.75,73.6,71.35,73.3,376350,10782395,14.68465,24311.75,24150.0,24000,ATM-3,PUT,24150,2026-07-17
2026-07-17 15:00:00+05:30,72.45,73.8,67.5,68.4,927940,10790910,14.534,24323.7,24150.0,24000,ATM-3,PUT,24150,2026-07-17
2026-07-17 15:01:00+05:30,84.0,85.35,80.15,84.1,1733550,18582460,14.570996,24325.6,24200.0,24000,ATM-3,PUT,24150,2026-07-17
2026-07-17 15:02:00+05:30,69.3,71.05,68.3,69.9,307450,10688015,14.728953,24324.35,24150.0,24000,ATM-3,PUT,24150,2026-07-17
2026-07-17 15:03:00+05:30,69.8,71.6,69.0,71.55,290485,10665265,14.702457,24317.95,24150.0,24000,ATM-3,PUT,24150,2026-07-17
2026-07-17 15:04:00+05:30,71.55,72.0,70.15,70.8,285545,10581870,14.756558,24322.05,24150.0,24000,ATM-3,PUT,24150,2026-07-17
2026-07-17 15:05:00+05:30,86.1,86.45,83.65,84.5,691275,18300945,14.688842,24327.55,24200.0,24000,ATM-3,PUT,24150,2026-07-17
2026-07-17 15:06:00+05:30,84.05,84.55,82.25,82.8,674895,18253170,14.602738,24330.2,24200.0,24000,ATM-3,PUT,24150,2026-07-17
2026-07-17 15:07:00+05:30,82.85,83.3,80.1,81.05,1237145,18148520,14.561595,24334.3,24200.0,24000,ATM-3,PUT,24150,2026-07-17
2026-07-17 15:08:00+05:30,81.7,83.5,81.05,82.7,653900,18107895,14.662368,24332.1,24200.0,24000,ATM-3,PUT,24150,2026-07-17
2026-07-17 15:09:00+05:30,82.65,82.95,81.3,82.5,524225,18004285,14.693833,24333.55,24200.0,24000,ATM-3,PUT,24150,2026-07-17
2026-07-17 15:10:00+05:30,83.0,83.6,82.4,82.6,526370,17888130,14.641223,24331.75,24200.0,24000,ATM-3,PUT,24150,2026-07-17
2026-07-17 15:11:00+05:30,82.4,82.9,80.8,81.65,477165,17809545,14.557646,24332.25,24200.0,24000,ATM-3,PUT,24150,2026-07-17
2026-07-17 15:12:00+05:30,81.9,81.95,79.0,80.2,902785,17478045,14.53717,24336.05,24200.0,24000,ATM-3,PUT,24150,2026-07-17
2026-07-17 15:13:00+05:30,80.55,82.0,80.2,81.05,589160,17409340,14.589551,24334.9,24200.0,24000,ATM-3,PUT,24150,2026-07-17
2026-07-17 15:14:00+05:30,81.5,85.5,81.05,84.65,1015755,17102410,14.758289,24328.75,24200.0,24000,ATM-3,PUT,24150,2026-07-17
2026-07-17 15:15:00+05:30,69.6,72.85,69.0,71.05,849550,10206625,14.857687,24323.85,24150.0,24000,ATM-3,PUT,24150,2026-07-17
2026-07-17 15:16:00+05:30,71.1,72.45,71.05,71.95,467285,10105160,14.9291,24322.9,24150.0,24000,ATM-3,PUT,24150,2026-07-17
2026-07-17 15:17:00+05:30,88.3,88.3,85.05,86.45,725985,16388710,14.838466,24325.55,24200.0,24000,ATM-3,PUT,24150,2026-07-17
2026-07-17 15:18:00+05:30,86.45,87.75,85.65,87.75,639145,16225040,15.097079,24328.8,24200.0,24000,ATM-3,PUT,24150,2026-07-17
2026-07-17 15:19:00+05:30,87.6,88.0,86.2,87.55,554775,16023800,15.084073,24329.0,24200.0,24000,ATM-3,PUT,24150,2026-07-17
2026-07-17 15:20:00+05:30,87.9,88.45,86.55,86.9,757575,15721160,15.158731,24332.95,24200.0,24000,ATM-3,PUT,24150,2026-07-17
2026-07-17 15:21:00+05:30,86.9,87.45,82.05,82.15,1060215,15434965,14.654912,24333.15,24200.0,24000,ATM-3,PUT,24150,2026-07-17
2026-07-17 15:22:00+05:30,82.15,83.45,80.15,82.6,1368835,15004080,14.837097,24336.85,24200.0,24000,ATM-3,PUT,24150,2026-07-17
2026-07-17 15:23:00+05:30,82.85,83.95,82.0,82.35,680485,14853540,14.850359,24337.95,24200.0,24000,ATM-3,PUT,24150,2026-07-17
2026-07-17 15:24:00+05:30,82.0,82.4,80.75,82.1,919945,14731405,14.99675,24342.8,24200.0,24000,ATM-3,PUT,24150,2026-07-17
2026-07-17 15:25:00+05:30,83.1,85.0,82.1,83.9,1315665,14407120,15.271892,24345.0,24200.0,24000,ATM-3,PUT,24150,2026-07-17
2026-07-17 15:26:00+05:30,84.25,84.45,81.7,82.7,1126060,14038245,15.064349,24342.8,24200.0,24000,ATM-3,PUT,24150,2026-07-17
2026-07-17 15:27:00+05:30,83.5,83.55,81.0,81.3,925665,13967070,14.955415,24344.0,24200.0,24000,ATM-3,PUT,24150,2026-07-17
2026-07-17 15:28:00+05:30,80.95,81.7,76.8,77.35,1836510,13611195,14.362378,24339.4,24200.0,24000,ATM-3,PUT,24150,2026-07-17
2026-07-17 15:29:00+05:30,77.4,77.7,73.4,74.0,1900405,13303485,14.249991,24346.7,24200.0,24000,ATM-3,PUT,24150,2026-07-17
2026-07-17 09:15:00+05:30,105.0,117.15,95.3,95.75,1649570,3283540,14.615161,24151.25,24050.0,24050,ATM-2,PUT,24150,2026-07-17
2026-07-17 09:16:00+05:30,92.95,96.45,86.15,86.15,1359345,3552445,14.34516,24171.0,24050.0,24050,ATM-2,PUT,24150,2026-07-17
2026-07-17 09:17:00+05:30,104.65,108.25,103.65,106.05,2198235,8205795,14.674275,24176.15,24100.0,24050,ATM-2,PUT,24150,2026-07-17
2026-07-17 09:18:00+05:30,105.45,106.05,99.25,100.0,1695720,8892845,14.500927,24187.4,24100.0,24050,ATM-2,PUT,24150,2026-07-17
2026-07-17 09:19:00+05:30,99.4,102.0,98.0,100.45,1827280,9461010,14.564387,24187.85,24100.0,24050,ATM-2,PUT,24150,2026-07-17
2026-07-17 09:20:00+05:30,100.5,100.5,96.25,99.0,1671605,10063755,14.415381,24187.75,24100.0,24050,ATM-2,PUT,24150,2026-07-17
2026-07-17 09:21:00+05:30,98.45,101.15,98.45,99.9,1276340,10719800,14.431098,24185.75,24100.0,24050,ATM-2,PUT,24150,2026-07-17
2026-07-17 09:22:00+05:30,99.65,101.15,98.45,99.0,1002820,11016590,14.455289,24188.75,24100.0,24050,ATM-2,PUT,24150,2026-07-17
2026-07-17 09:23:00+05:30,98.75,100.7,98.65,100.2,598390,11341200,14.478556,24186.15,24100.0,24050,ATM-2,PUT,24150,2026-07-17
2026-07-17 09:24:00+05:30,99.95,100.25,97.1,97.3,915330,11526645,14.404346,24191.9,24100.0,24050,ATM-2,PUT,24150,2026-07-17
2026-07-17 09:25:00+05:30,97.6,97.6,95.0,96.05,1527110,11847030,14.538616,24198.85,24100.0,24050,ATM-2,PUT,24150,2026-07-17
2026-07-17 09:26:00+05:30,95.75,96.95,94.95,96.85,802620,12107680,14.656427,24199.8,24100.0,24050,ATM-2,PUT,24150,2026-07-17
2026-07-17 09:27:00+05:30,96.5,97.5,93.45,94.5,913900,12208560,14.530984,24202.85,24100.0,24050,ATM-2,PUT,24150,2026-07-17
2026-07-17 09:28:00+05:30,94.25,95.75,94.0,94.0,556790,12466155,14.552836,24204.8,24100.0,24050,ATM-2,PUT,24150,2026-07-17
2026-07-17 09:29:00+05:30,94.6,94.85,92.4,92.85,765960,12614225,14.626737,24210.0,24100.0,24050,ATM-2,PUT,24150,2026-07-17
2026-07-17 09:30:00+05:30,92.5,95.2,91.0,94.1,1373645,12679160,14.524537,24203.7,24100.0,24050,ATM-2,PUT,24150,2026-07-17
2026-07-17 09:31:00+05:30,94.0,96.55,93.4,96.5,934960,12897365,14.515866,24196.85,24100.0,24050,ATM-2,PUT,24150,2026-07-17
2026-07-17 09:32:00+05:30,96.05,97.7,93.45,93.55,1013220,13025285,14.525567,24205.2,24100.0,24050,ATM-2,PUT,24150,2026-07-17
2026-07-17 09:33:00+05:30,93.0,94.0,90.95,91.55,1001910,13114920,14.522652,24210.7,24100.0,24050,ATM-2,PUT,24150,2026-07-17
2026-07-17 09:34:00+05:30,91.15,94.75,89.6,93.75,1280565,13317525,14.5996,24206.6,24100.0,24050,ATM-2,PUT,24150,2026-07-17
2026-07-17 09:35:00+05:30,93.75,94.25,92.7,93.45,643760,13407420,14.586396,24207.05,24100.0,24050,ATM-2,PUT,24150,2026-07-17
2026-07-17 09:36:00+05:30,93.4,95.2,92.15,92.2,598520,13604435,14.545147,24209.4,24100.0,24050,ATM-2,PUT,24150,2026-07-17
2026-07-17 09:37:00+05:30,92.35,92.8,89.7,89.85,674830,13728390,14.552554,24216.25,24100.0,24050,ATM-2,PUT,24150,2026-07-17
2026-07-17 09:38:00+05:30,89.85,90.15,88.25,88.9,908505,13794950,14.645631,24221.55,24100.0,24050,ATM-2,PUT,24150,2026-07-17
2026-07-17 09:39:00+05:30,88.6,90.4,88.0,90.2,805610,14052935,14.695439,24219.15,24100.0,24050,ATM-2,PUT,24150,2026-07-17
2026-07-17 09:40:00+05:30,90.3,90.7,88.75,89.85,528125,14167335,14.728483,24221.05,24100.0,24050,ATM-2,PUT,24150,2026-07-17
2026-07-17 09:41:00+05:30,89.6,90.65,89.1,90.2,344305,14336075,14.807167,24222.2,24100.0,24050,ATM-2,PUT,24150,2026-07-17
2026-07-17 09:42:00+05:30,89.65,90.2,88.4,88.85,373815,14390740,14.757226,24224.7,24100.0,24050,ATM-2,PUT,24150,2026-07-17
2026-07-17 09:43:00+05:30,107.4,107.95,105.6,106.65,440635,11690575,14.693601,24225.15,24150.0,24050,ATM-2,PUT,24150,2026-07-17
2026-07-17 09:44:00+05:30,106.05,108.95,104.35,105.8,738920,11691290,14.84828,24231.3,24150.0,24050,ATM-2,PUT,24150,2026-07-17
2026-07-17 09:45:00+05:30,105.5,105.8,100.85,104.0,1223820,11746215,14.792015,24234.5,24150.0,24050,ATM-2,PUT,24150,2026-07-17
2026-07-17 09:46:00+05:30,104.0,105.6,103.0,103.15,440050,11797500,14.972796,24241.45,24150.0,24050,ATM-2,PUT,24150,2026-07-17
2026-07-17 09:47:00+05:30,103.4,105.45,101.55,105.05,562575,11933480,14.970475,24236.35,24150.0,24050,ATM-2,PUT,24150,2026-07-17
2026-07-17 09:48:00+05:30,104.6,105.5,103.1,104.0,280735,12030655,15.007301,24240.05,24150.0,24050,ATM-2,PUT,24150,2026-07-17
2026-07-17 09:49:00+05:30,103.75,106.3,103.7,105.35,350220,12089740,15.021875,24236.85,24150.0,24050,ATM-2,PUT,24150,2026-07-17
2026-07-17 09:50:00+05:30,105.25,105.35,102.6,103.15,324155,12124645,15.043397,24243.2,24150.0,24050,ATM-2,PUT,24150,2026-07-17
2026-07-17 09:51:00+05:30,103.4,107.8,103.15,107.55,432575,12222210,14.937678,24228.9,24150.0,24050,ATM-2,PUT,24150,2026-07-17
2026-07-17 09:52:00+05:30,106.75,108.85,106.75,108.5,631800,12221755,15.074497,24229.95,24150.0,24050,ATM-2,PUT,24150,2026-07-17
2026-07-17 09:53:00+05:30,108.15,108.7,106.1,106.1,348855,12163125,14.957178,24233.1,24150.0,24050,ATM-2,PUT,24150,2026-07-17
2026-07-17 09:54:00+05:30,105.95,106.7,103.0,104.7,396175,12193025,15.082226,24240.0,24150.0,24050,ATM-2,PUT,24150,2026-07-17
2026-07-17 09:55:00+05:30,105.0,108.95,104.7,108.5,426465,12237095,15.087373,24230.2,24150.0,24050,ATM-2,PUT,24150,2026-07-17
2026-07-17 09:56:00+05:30,89.65,91.75,89.5,90.6,943800,15488915,14.896817,24223.1,24100.0,24050,ATM-2,PUT,24150,2026-07-17
2026-07-17 09:57:00+05:30,90.55,92.9,90.45,91.8,904865,15570100,14.887331,24219.35,24100.0,24050,ATM-2,PUT,24150,2026-07-17
2026-07-17 09:58:00+05:30,111.35,111.9,107.5,107.55,609830,12192765,14.950821,24229.05,24150.0,24050,ATM-2,PUT,24150,2026-07-17
2026-07-17 09:59:00+05:30,107.3,108.95,107.0,107.0,322010,12154870,14.889068,24228.85,24150.0,24050,ATM-2,PUT,24150,2026-07-17
2026-07-17 10:00:00+05:30,88.0,92.7,86.55,92.2,907790,15485080,15.015102,24221.65,24100.0,24050,ATM-2,PUT,24150,2026-07-17
2026-07-17 10:01:00+05:30,92.2,95.2,90.15,93.95,979030,15539485,14.859076,24212.35,24100.0,24050,ATM-2,PUT,24150,2026-07-17
2026-07-17 10:02:00+05:30,93.3,93.95,92.3,92.75,636155,15317250,14.865817,24215.9,24100.0,24050,ATM-2,PUT,24150,2026-07-17
2026-07-17 10:03:00+05:30,92.6,93.3,91.8,92.0,498030,15424045,14.75474,24214.95,24100.0,24050,ATM-2,PUT,24150,2026-07-17
2026-07-17 10:04:00+05:30,91.65,93.7,91.55,92.95,568360,15481440,14.837596,24214.5,24100.0,24050,ATM-2,PUT,24150,2026-07-17
2026-07-17 10:05:00+05:30,92.9,93.35,89.5,90.0,740935,15523755,14.779128,24221.3,24100.0,24050,ATM-2,PUT,24150,2026-07-17
2026-07-17 10:06:00+05:30,90.4,90.9,88.75,90.7,608660,15519920,14.903405,24222.7,24100.0,24050,ATM-2,PUT,24150,2026-07-17
2026-07-17 10:07:00+05:30,110.55,110.9,109.0,109.2,201760,12175085,14.99252,24225.65,24150.0,24050,ATM-2,PUT,24150,2026-07-17
2026-07-17 10:08:00+05:30,109.05,110.9,108.05,108.1,184600,12198615,14.959848,24227.6,24150.0,24050,ATM-2,PUT,24150,2026-07-17
2026-07-17 10:09:00+05:30,107.5,108.4,105.6,107.45,458900,12212070,15.064923,24231.95,24150.0,24050,ATM-2,PUT,24150,2026-07-17
2026-07-17 10:10:00+05:30,107.55,109.4,107.45,109.15,227565,12259390,15.185845,24230.65,24150.0,24050,ATM-2,PUT,24150,2026-07-17
2026-07-17 10:11:00+05:30,109.2,109.4,108.2,108.2,155480,12264590,15.192624,24233.25,24150.0,24050,ATM-2,PUT,24150,2026-07-17
2026-07-17 10:12:00+05:30,108.0,108.35,104.0,104.95,520715,12287860,15.122725,24239.9,24150.0,24050,ATM-2,PUT,24150,2026-07-17
2026-07-17 10:13:00+05:30,104.7,104.95,103.15,104.8,565110,12305475,15.344729,24246.1,24150.0,24050,ATM-2,PUT,24150,2026-07-17
2026-07-17 10:14:00+05:30,104.5,106.65,104.5,106.3,502385,12356045,15.259035,24239.85,24150.0,24050,ATM-2,PUT,24150,2026-07-17
2026-07-17 10:15:00+05:30,106.0,106.35,103.95,104.3,286260,12538175,15.281129,24245.7,24150.0,24050,ATM-2,PUT,24150,2026-07-17
2026-07-17 10:16:00+05:30,104.0,104.35,102.5,103.1,332930,12594855,15.215565,24247.15,24150.0,24050,ATM-2,PUT,24150,2026-07-17
2026-07-17 10:17:00+05:30,103.2,103.45,99.55,100.1,945880,12676820,15.155842,24253.65,24150.0,24050,ATM-2,PUT,24150,2026-07-17
2026-07-17 10:18:00+05:30,100.55,100.85,92.85,93.25,2067715,12599080,15.215273,24274.45,24150.0,24050,ATM-2,PUT,24150,2026-07-17
2026-07-17 10:19:00+05:30,94.45,96.95,93.25,96.55,1132690,12502035,15.540249,24273.95,24150.0,24050,ATM-2,PUT,24150,2026-07-17
2026-07-17 10:20:00+05:30,96.1,98.3,95.25,98.2,603785,12536485,15.449096,24266.75,24150.0,24050,ATM-2,PUT,24150,2026-07-17
2026-07-17 10:21:00+05:30,97.8,98.5,96.15,97.45,472095,12635675,15.429714,24268.3,24150.0,24050,ATM-2,PUT,24150,2026-07-17
2026-07-17 10:22:00+05:30,97.6,98.0,96.55,97.85,374465,12742730,15.275739,24262.95,24150.0,24050,ATM-2,PUT,24150,2026-07-17
2026-07-17 10:23:00+05:30,97.95,99.2,97.8,98.85,471380,12793105,15.226127,24258.8,24150.0,24050,ATM-2,PUT,24150,2026-07-17
2026-07-17 10:24:00+05:30,98.6,99.35,98.05,98.05,406835,12825735,15.026624,24255.6,24150.0,24050,ATM-2,PUT,24150,2026-07-17
2026-07-17 10:25:00+05:30,97.8,99.2,97.2,97.5,403390,12810980,15.277977,24263.9,24150.0,24050,ATM-2,PUT,24150,2026-07-17
2026-07-17 10:26:00+05:30,97.5,98.45,97.1,97.5,205595,12795250,15.346989,24265.75,24150.0,24050,ATM-2,PUT,24150,2026-07-17
2026-07-17 10:27:00+05:30,97.25,98.05,95.95,97.05,296140,12791545,15.371316,24267.65,24150.0,24050,ATM-2,PUT,24150,2026-07-17
2026-07-17 10:28:00+05:30,97.3,97.3,95.05,95.45,274235,12808120,15.412778,24273.3,24150.0,24050,ATM-2,PUT,24150,2026-07-17
2026-07-17 10:29:00+05:30,115.0,115.05,111.95,112.1,824590,20756515,15.507177,24281.55,24200.0,24050,ATM-2,PUT,24150,2026-07-17
2026-07-17 10:30:00+05:30,112.35,113.65,111.95,112.5,1004185,20892950,15.464293,24279.4,24200.0,24050,ATM-2,PUT,24150,2026-07-17
2026-07-17 10:31:00+05:30,112.05,112.65,111.0,111.75,792805,21096985,15.534714,24283.1,24200.0,24050,ATM-2,PUT,24150,2026-07-17
2026-07-17 10:32:00+05:30,111.75,112.4,109.7,111.85,1173705,21324485,15.627396,24285.2,24200.0,24050,ATM-2,PUT,24150,2026-07-17
2026-07-17 10:33:00+05:30,112.85,115.45,111.85,114.35,981565,21291205,15.662087,24279.65,24200.0,24050,ATM-2,PUT,24150,2026-07-17
2026-07-17 10:34:00+05:30,114.2,114.85,113.1,113.4,401700,21504145,15.749855,24284.3,24200.0,24050,ATM-2,PUT,24150,2026-07-17
2026-07-17 10:35:00+05:30,94.2,97.8,94.2,97.6,363090,13204750,15.603053,24272.2,24150.0,24050,ATM-2,PUT,24150,2026-07-17
2026-07-17 10:36:00+05:30,97.3,98.0,96.95,97.4,346840,13225355,15.594423,24272.5,24150.0,24050,ATM-2,PUT,24150,2026-07-17
2026-07-17 10:37:00+05:30,97.1,98.5,96.8,98.5,263445,13234260,15.517125,24267.25,24150.0,24050,ATM-2,PUT,24150,2026-07-17
2026-07-17 10:38:00+05:30,98.5,99.3,96.6,96.85,348010,13244400,15.368252,24267.8,24150.0,24050,ATM-2,PUT,24150,2026-07-17
2026-07-17 10:39:00+05:30,97.1,98.3,96.55,98.3,214305,13281645,15.498739,24267.25,24150.0,24050,ATM-2,PUT,24150,2026-07-17
2026-07-17 10:40:00+05:30,98.25,98.6,96.5,96.5,192725,13281775,15.358082,24268.45,24150.0,24050,ATM-2,PUT,24150,2026-07-17
2026-07-17 10:41:00+05:30,96.6,97.4,96.15,96.15,145275,13286130,15.406926,24270.75,24150.0,24050,ATM-2,PUT,24150,2026-07-17
2026-07-17 10:42:00+05:30,96.1,97.7,96.0,97.45,167505,13303160,15.487655,24269.25,24150.0,24050,ATM-2,PUT,24150,2026-07-17
2026-07-17 10:43:00+05:30,97.3,102.8,97.3,102.2,556530,13280410,15.191091,24248.15,24150.0,24050,ATM-2,PUT,24150,2026-07-17
2026-07-17 10:44:00+05:30,101.45,102.2,99.45,100.6,474175,13282685,15.439429,24259.1,24150.0,24050,ATM-2,PUT,24150,2026-07-17
2026-07-17 10:45:00+05:30,100.55,103.3,99.6,103.15,525070,13317200,15.484141,24253.3,24150.0,24050,ATM-2,PUT,24150,2026-07-17
2026-07-17 10:46:00+05:30,103.05,103.9,101.3,102.35,494000,13321425,15.373606,24252.5,24150.0,24050,ATM-2,PUT,24150,2026-07-17
2026-07-17 10:47:00+05:30,102.4,102.65,100.0,100.5,315835,13295945,15.25713,24254.4,24150.0,24050,ATM-2,PUT,24150,2026-07-17
2026-07-17 10:48:00+05:30,100.85,102.05,100.4,102.05,188435,13261690,15.386533,24253.6,24150.0,24050,ATM-2,PUT,24150,2026-07-17
2026-07-17 10:49:00+05:30,101.95,102.9,101.35,102.45,209105,13278720,15.289125,24249.9,24150.0,24050,ATM-2,PUT,24150,2026-07-17
2026-07-17 10:50:00+05:30,102.45,102.85,100.55,101.7,252395,13269555,15.257149,24251.05,24150.0,24050,ATM-2,PUT,24150,2026-07-17
2026-07-17 10:51:00+05:30,101.7,102.9,101.7,102.75,155675,13239395,15.284069,24248.9,24150.0,24050,ATM-2,PUT,24150,2026-07-17
2026-07-17 10:52:00+05:30,102.7,103.5,101.05,101.05,312585,13218465,15.21935,24251.75,24150.0,24050,ATM-2,PUT,24150,2026-07-17
2026-07-17 10:53:00+05:30,100.9,101.05,98.7,99.85,445250,13191100,15.264433,24256.2,24150.0,24050,ATM-2,PUT,24150,2026-07-17
2026-07-17 10:54:00+05:30,99.7,103.0,99.2,101.55,314665,13110695,15.415175,24255.55,24150.0,24050,ATM-2,PUT,24150,2026-07-17
2026-07-17 10:55:00+05:30,101.55,103.0,100.8,100.8,237250,13101595,15.384425,24256.75,24150.0,24050,ATM-2,PUT,24150,2026-07-17
2026-07-17 10:56:00+05:30,100.9,101.8,99.15,100.2,233870,13110110,15.290471,24255.85,24150.0,24050,ATM-2,PUT,24150,2026-07-17
2026-07-17 10:57:00+05:30,100.05,101.5,99.8,100.4,82940,13102440,15.336329,24256.5,24150.0,24050,ATM-2,PUT,24150,2026-07-17
2026-07-17 10:58:00+05:30,100.45,100.85,98.75,98.8,125905,13120835,15.219998,24257.75,24150.0,24050,ATM-2,PUT,24150,2026-07-17
2026-07-17 10:59:00+05:30,98.75,100.35,98.75,99.5,116740,13141635,15.264955,24257.0,24150.0,24050,ATM-2,PUT,24150,2026-07-17
2026-07-17 11:00:00+05:30,99.5,99.7,97.05,98.1,254345,13159835,15.23013,24259.9,24150.0,24050,ATM-2,PUT,24150,2026-07-17
2026-07-17 11:01:00+05:30,98.25,100.6,97.7,99.9,167570,13172900,15.293222,24256.6,24150.0,24050,ATM-2,PUT,24150,2026-07-17
2026-07-17 11:02:00+05:30,100.35,102.95,99.9,102.3,332410,13136955,15.236983,24248.55,24150.0,24050,ATM-2,PUT,24150,2026-07-17
2026-07-17 11:03:00+05:30,102.65,102.65,100.7,101.0,183170,13169455,15.165945,24250.15,24150.0,24050,ATM-2,PUT,24150,2026-07-17
2026-07-17 11:04:00+05:30,100.75,101.15,99.15,99.15,135265,13206375,15.277357,24258.15,24150.0,24050,ATM-2,PUT,24150,2026-07-17
2026-07-17 11:05:00+05:30,99.5,99.5,97.4,98.85,246155,13218985,15.397997,24262.2,24150.0,24050,ATM-2,PUT,24150,2026-07-17
2026-07-17 11:06:00+05:30,99.4,100.6,98.05,98.05,185250,13239785,15.305629,24261.9,24150.0,24050,ATM-2,PUT,24150,2026-07-17
2026-07-17 11:07:00+05:30,98.15,103.55,98.05,103.55,346125,13248755,15.278609,24246.15,24150.0,24050,ATM-2,PUT,24150,2026-07-17
2026-07-17 11:08:00+05:30,103.55,106.9,103.4,105.4,907140,13233155,15.16878,24238.35,24150.0,24050,ATM-2,PUT,24150,2026-07-17
2026-07-17 11:09:00+05:30,105.2,106.0,103.2,103.9,369200,13196690,15.154182,24241.9,24150.0,24050,ATM-2,PUT,24150,2026-07-17
2026-07-17 11:10:00+05:30,103.75,106.6,103.75,106.2,347035,13186095,15.273085,24238.9,24150.0,24050,ATM-2,PUT,24150,2026-07-17
2026-07-17 11:11:00+05:30,106.2,106.2,103.75,104.9,352625,13144300,15.213679,24240.75,24150.0,24050,ATM-2,PUT,24150,2026-07-17
2026-07-17 11:12:00+05:30,104.7,105.65,104.2,104.55,207935,13168350,15.215713,24241.7,24150.0,24050,ATM-2,PUT,24150,2026-07-17
2026-07-17 11:13:00+05:30,104.5,107.75,104.5,106.9,372450,13137670,15.308569,24237.9,24150.0,24050,ATM-2,PUT,24150,2026-07-17
2026-07-17 11:14:00+05:30,106.75,107.5,104.0,105.2,433745,13114660,15.052733,24235.7,24150.0,24050,ATM-2,PUT,24150,2026-07-17
2026-07-17 11:15:00+05:30,105.35,106.0,104.5,105.35,217945,13166920,15.194405,24238.95,24150.0,24050,ATM-2,PUT,24150,2026-07-17
2026-07-17 11:16:00+05:30,105.25,107.85,105.0,107.2,377650,13119665,15.243432,24235.35,24150.0,24050,ATM-2,PUT,24150,2026-07-17
2026-07-17 11:17:00+05:30,107.2,107.2,104.3,105.9,355485,13104910,15.273462,24239.5,24150.0,24050,ATM-2,PUT,24150,2026-07-17
2026-07-17 11:18:00+05:30,105.85,107.75,105.6,107.6,245960,13068315,15.346111,24236.9,24150.0,24050,ATM-2,PUT,24150,2026-07-17
2026-07-17 11:19:00+05:30,107.75,107.95,105.0,105.7,312585,12964770,15.338079,24241.65,24150.0,24050,ATM-2,PUT,24150,2026-07-17
2026-07-17 11:20:00+05:30,105.7,106.4,104.8,105.85,261820,12933700,15.35823,24241.75,24150.0,24050,ATM-2,PUT,24150,2026-07-17
2026-07-17 11:21:00+05:30,105.4,106.35,105.05,105.05,138385,12912705,15.276245,24241.7,24150.0,24050,ATM-2,PUT,24150,2026-07-17
2026-07-17 11:22:00+05:30,105.0,105.05,101.4,102.9,553280,12872470,15.354124,24249.45,24150.0,24050,ATM-2,PUT,24150,2026-07-17
2026-07-17 11:23:00+05:30,103.9,107.3,102.9,106.4,397410,12856545,15.290148,24238.45,24150.0,24050,ATM-2,PUT,24150,2026-07-17
2026-07-17 11:24:00+05:30,106.0,107.45,103.15,103.7,277745,12859210,15.314375,24246.2,24150.0,24050,ATM-2,PUT,24150,2026-07-17
2026-07-17 11:25:00+05:30,103.75,105.6,103.5,105.35,168480,12885210,15.349455,24242.7,24150.0,24050,ATM-2,PUT,24150,2026-07-17
2026-07-17 11:26:00+05:30,105.3,106.85,104.5,104.5,158275,12895220,15.214353,24241.4,24150.0,24050,ATM-2,PUT,24150,2026-07-17
2026-07-17 11:27:00+05:30,104.6,105.0,103.1,104.05,164125,12908545,15.25019,24243.5,24150.0,24050,ATM-2,PUT,24150,2026-07-17
2026-07-17 11:28:00+05:30,104.0,105.15,103.65,104.45,114205,12927720,15.356969,24245.2,24150.0,24050,ATM-2,PUT,24150,2026-07-17
2026-07-17 11:29:00+05:30,104.05,104.95,102.05,104.75,269360,12963405,15.304391,24243.0,24150.0,24050,ATM-2,PUT,24150,2026-07-17
2026-07-17 11:30:00+05:30,104.6,104.85,103.0,104.1,148460,12963925,15.28342,24244.15,24150.0,24050,ATM-2,PUT,24150,2026-07-17
2026-07-17 11:31:00+05:30,103.9,104.8,103.25,103.8,125515,12942995,15.332258,24246.2,24150.0,24050,ATM-2,PUT,24150,2026-07-17
2026-07-17 11:32:00+05:30,103.25,104.6,103.0,103.7,144365,12969710,15.195166,24242.85,24150.0,24050,ATM-2,PUT,24150,2026-07-17
2026-07-17 11:33:00+05:30,103.5,104.75,102.0,102.75,186745,12987910,15.331969,24248.95,24150.0,24050,ATM-2,PUT,24150,2026-07-17
2026-07-17 11:34:00+05:30,102.3,102.75,99.3,101.25,416585,12947740,15.317717,24252.6,24150.0,24050,ATM-2,PUT,24150,2026-07-17
2026-07-17 11:35:00+05:30,101.5,101.5,99.25,99.7,218985,12974000,15.382947,24258.55,24150.0,24050,ATM-2,PUT,24150,2026-07-17
2026-07-17 11:36:00+05:30,99.85,103.0,98.9,102.75,316095,12979980,15.407309,24250.85,24150.0,24050,ATM-2,PUT,24150,2026-07-17
2026-07-17 11:37:00+05:30,102.3,104.5,101.5,103.85,296335,12968540,15.370651,24246.9,24150.0,24050,ATM-2,PUT,24150,2026-07-17
2026-07-17 11:38:00+05:30,103.7,103.95,100.95,100.95,235430,12961780,15.238563,24251.2,24150.0,24050,ATM-2,PUT,24150,2026-07-17
2026-07-17 11:39:00+05:30,100.75,101.05,99.6,99.6,192205,13014625,15.321011,24257.05,24150.0,24050,ATM-2,PUT,24150,2026-07-17
2026-07-17 11:40:00+05:30,99.45,101.3,99.1,99.5,178425,13044590,15.366035,24258.5,24150.0,24050,ATM-2,PUT,24150,2026-07-17
2026-07-17 11:41:00+05:30,99.25,100.05,98.2,98.5,258310,13046670,15.442655,24263.3,24150.0,24050,ATM-2,PUT,24150,2026-07-17
2026-07-17 11:42:00+05:30,98.2,99.7,97.65,99.25,218855,13061425,15.450615,24261.4,24150.0,24050,ATM-2,PUT,24150,2026-07-17
2026-07-17 11:43:00+05:30,99.35,99.55,97.8,98.35,163605,13070850,15.384861,24262.1,24150.0,24050,ATM-2,PUT,24150,2026-07-17
2026-07-17 11:44:00+05:30,98.25,98.35,95.9,97.0,354835,13093015,15.434886,24267.2,24150.0,24050,ATM-2,PUT,24150,2026-07-17
2026-07-17 11:45:00+05:30,97.05,97.05,95.4,95.7,229840,13119535,15.46061,24271.55,24150.0,24050,ATM-2,PUT,24150,2026-07-17
2026-07-17 11:46:00+05:30,95.8,97.65,95.5,96.95,208455,13112905,15.500015,24269.05,24150.0,24050,ATM-2,PUT,24150,2026-07-17
2026-07-17 11:47:00+05:30,96.55,98.5,96.55,98.0,196820,13144365,15.510539,24266.35,24150.0,24050,ATM-2,PUT,24150,2026-07-17
2026-07-17 11:48:00+05:30,98.0,98.0,96.1,97.0,159640,13185315,15.455935,24267.65,24150.0,24050,ATM-2,PUT,24150,2026-07-17
2026-07-17 11:49:00+05:30,96.85,97.0,96.05,96.1,167245,13234715,15.363622,24267.65,24150.0,24050,ATM-2,PUT,24150,2026-07-17
2026-07-17 11:50:00+05:30,95.8,97.0,95.8,96.0,125385,13286520,15.462655,24270.6,24150.0,24050,ATM-2,PUT,24150,2026-07-17
2026-07-17 11:51:00+05:30,95.75,96.15,94.8,95.6,296140,13346840,15.486186,24272.35,24150.0,24050,ATM-2,PUT,24150,2026-07-17
2026-07-17 11:52:00+05:30,95.5,95.75,93.7,94.15,239850,13348010,15.390754,24273.85,24150.0,24050,ATM-2,PUT,24150,2026-07-17
2026-07-17 11:53:00+05:30,113.2,115.35,112.35,113.75,828230,22200165,15.65403,24278.7,24200.0,24050,ATM-2,PUT,24150,2026-07-17
2026-07-17 11:54:00+05:30,113.45,114.5,113.0,114.25,345865,22262500,15.717235,24279.0,24200.0,24050,ATM-2,PUT,24150,2026-07-17
2026-07-17 11:55:00+05:30,94.4,96.15,94.05,96.0,288730,13367250,15.621909,24274.8,24150.0,24050,ATM-2,PUT,24150,2026-07-17
2026-07-17 11:56:00+05:30,116.0,117.05,113.85,114.3,724815,22620910,15.777818,24280.35,24200.0,24050,ATM-2,PUT,24150,2026-07-17
2026-07-17 11:57:00+05:30,114.05,114.95,113.65,114.95,400075,22571510,15.804782,24279.35,24200.0,24050,ATM-2,PUT,24150,2026-07-17
2026-07-17 11:58:00+05:30,95.2,96.6,94.5,96.25,153725,13483145,15.658716,24275.0,24150.0,24050,ATM-2,PUT,24150,2026-07-17
2026-07-17 11:59:00+05:30,116.2,116.2,114.65,115.15,255970,22672845,15.767776,24277.85,24200.0,24050,ATM-2,PUT,24150,2026-07-17
2026-07-17 12:00:00+05:30,95.7,98.0,94.8,97.8,258050,13549185,15.67222,24270.9,24150.0,24050,ATM-2,PUT,24150,2026-07-17
2026-07-17 12:01:00+05:30,97.75,98.1,97.0,97.7,365560,13595205,15.561664,24268.15,24150.0,24050,ATM-2,PUT,24150,2026-07-17
2026-07-17 12:02:00+05:30,97.7,98.2,97.5,97.5,183235,13622700,15.510658,24267.3,24150.0,24050,ATM-2,PUT,24150,2026-07-17
2026-07-17 12:03:00+05:30,117.85,118.25,115.4,115.6,566540,23010260,15.724163,24275.5,24200.0,24050,ATM-2,PUT,24150,2026-07-17
2026-07-17 12:04:00+05:30,95.25,96.55,95.05,96.55,164580,13610740,15.691401,24274.85,24150.0,24050,ATM-2,PUT,24150,2026-07-17
2026-07-17 12:05:00+05:30,97.25,97.75,96.1,97.1,129675,13585065,15.72798,24274.25,24150.0,24050,ATM-2,PUT,24150,2026-07-17
2026-07-17 12:06:00+05:30,97.15,98.6,96.8,98.2,188175,13614835,15.606325,24267.8,24150.0,24050,ATM-2,PUT,24150,2026-07-17
2026-07-17 12:07:00+05:30,98.35,99.6,97.65,99.45,327860,13666445,15.571961,24263.35,24150.0,24050,ATM-2,PUT,24150,2026-07-17
2026-07-17 12:08:00+05:30,99.15,99.7,97.05,97.05,275730,13687180,15.500194,24268.1,24150.0,24050,ATM-2,PUT,24150,2026-07-17
2026-07-17 12:09:00+05:30,97.2,97.3,96.0,96.5,226005,13717795,15.668129,24274.2,24150.0,24050,ATM-2,PUT,24150,2026-07-17
2026-07-17 12:10:00+05:30,96.25,96.55,95.0,96.55,254280,13732030,15.667172,24274.0,24150.0,24050,ATM-2,PUT,24150,2026-07-17
2026-07-17 12:11:00+05:30,96.75,97.6,96.2,97.4,167505,13733525,15.667058,24271.55,24150.0,24050,ATM-2,PUT,24150,2026-07-17
2026-07-17 12:12:00+05:30,117.7,118.15,115.85,116.5,361855,23215595,15.840624,24275.9,24200.0,24050,ATM-2,PUT,24150,2026-07-17
2026-07-17 12:13:00+05:30,96.1,97.6,95.4,97.2,98605,13768950,15.609886,24270.5,24150.0,24050,ATM-2,PUT,24150,2026-07-17
2026-07-17 12:14:00+05:30,117.5,117.85,115.2,115.45,254085,23209030,15.763348,24276.55,24200.0,24050,ATM-2,PUT,24150,2026-07-17
2026-07-17 12:15:00+05:30,115.1,116.2,115.0,115.0,225680,23229505,15.875854,24280.5,24200.0,24050,ATM-2,PUT,24150,2026-07-17
2026-07-17 12:16:00+05:30,95.3,98.1,94.8,97.7,246350,13784940,15.805071,24274.3,24150.0,24050,ATM-2,PUT,24150,2026-07-17
2026-07-17 12:17:00+05:30,97.5,99.3,97.15,97.9,242320,13746720,15.749931,24272.2,24150.0,24050,ATM-2,PUT,24150,2026-07-17
2026-07-17 12:18:00+05:30,118.0,118.95,116.0,116.2,253500,23358595,15.8074,24275.65,24200.0,24050,ATM-2,PUT,24150,2026-07-17
2026-07-17 12:19:00+05:30,116.35,118.0,116.2,118.0,189215,23390380,15.981243,24275.45,24200.0,24050,ATM-2,PUT,24150,2026-07-17
2026-07-17 12:20:00+05:30,118.0,118.0,116.35,116.5,206700,23369710,16.042494,24280.75,24200.0,24050,ATM-2,PUT,24150,2026-07-17
2026-07-17 12:21:00+05:30,116.75,117.7,116.5,117.35,150280,23352225,16.079591,24279.5,24200.0,24050,ATM-2,PUT,24150,2026-07-17
2026-07-17 12:22:00+05:30,97.25,98.5,97.05,97.3,135330,13783900,15.6821,24271.9,24150.0,24050,ATM-2,PUT,24150,2026-07-17
2026-07-17 12:23:00+05:30,117.35,117.4,115.0,115.3,416325,23396035,15.937025,24281.05,24200.0,24050,ATM-2,PUT,24150,2026-07-17
2026-07-17 12:24:00+05:30,115.25,116.3,115.0,115.45,305175,23411700,15.98097,24281.75,24200.0,24050,ATM-2,PUT,24150,2026-07-17
2026-07-17 12:25:00+05:30,115.75,116.85,113.9,115.95,624650,23438870,15.911642,24278.7,24200.0,24050,ATM-2,PUT,24150,2026-07-17
2026-07-17 12:26:00+05:30,116.15,116.9,115.5,116.75,287820,23438870,15.93758,24277.3,24200.0,24050,ATM-2,PUT,24150,2026-07-17
2026-07-17 12:27:00+05:30,116.75,116.75,115.0,115.9,231400,23471825,15.90296,24278.55,24200.0,24050,ATM-2,PUT,24150,2026-07-17
2026-07-17 12:28:00+05:30,115.5,116.7,115.15,116.2,136240,23477545,15.908458,24277.9,24200.0,24050,ATM-2,PUT,24150,2026-07-17
2026-07-17 12:29:00+05:30,116.1,117.95,115.9,117.25,296920,23497110,16.00526,24277.65,24200.0,24050,ATM-2,PUT,24150,2026-07-17
2026-07-17 12:30:00+05:30,97.5,98.6,97.5,97.6,217035,13803725,15.820021,24274.55,24150.0,24050,ATM-2,PUT,24150,2026-07-17
2026-07-17 12:31:00+05:30,117.45,118.15,116.2,116.4,328185,23472670,15.90019,24277.1,24200.0,24050,ATM-2,PUT,24150,2026-07-17
2026-07-17 12:32:00+05:30,96.5,98.0,96.35,97.9,84240,13791050,15.824281,24273.75,24150.0,24050,ATM-2,PUT,24150,2026-07-17
2026-07-17 12:33:00+05:30,117.65,118.0,115.7,116.0,199940,23504065,15.99537,24280.45,24200.0,24050,ATM-2,PUT,24150,2026-07-17
2026-07-17 12:34:00+05:30,115.7,116.4,115.0,116.1,290810,23493730,16.034357,24281.15,24200.0,24050,ATM-2,PUT,24150,2026-07-17
2026-07-17 12:35:00+05:30,116.3,116.6,115.5,116.4,160355,23496590,16.071705,24281.3,24200.0,24050,ATM-2,PUT,24150,2026-07-17
2026-07-17 12:36:00+05:30,116.25,116.5,115.5,115.8,164385,23561655,16.026243,24281.65,24200.0,24050,ATM-2,PUT,24150,2026-07-17
2026-07-17 12:37:00+05:30,116.0,117.2,115.1,117.2,291460,23593895,16.059313,24278.9,24200.0,24050,ATM-2,PUT,24150,2026-07-17
2026-07-17 12:38:00+05:30,117.15,117.95,116.15,116.7,302640,23590255,15.994221,24278.5,24200.0,24050,ATM-2,PUT,24150,2026-07-17
2026-07-17 12:39:00+05:30,116.7,117.5,115.6,116.7,205920,23618660,15.965518,24277.75,24200.0,24050,ATM-2,PUT,24150,2026-07-17
2026-07-17 12:40:00+05:30,96.8,98.95,96.75,98.6,179465,13793455,15.640364,24266.55,24150.0,24050,ATM-2,PUT,24150,2026-07-17
2026-07-17 12:41:00+05:30,98.5,99.9,97.45,97.5,328315,13773825,15.619623,24269.05,24150.0,24050,ATM-2,PUT,24150,2026-07-17
2026-07-17 12:42:00+05:30,117.3,117.7,115.3,115.3,492960,23654865,15.923353,24280.15,24200.0,24050,ATM-2,PUT,24150,2026-07-17
2026-07-17 12:43:00+05:30,95.5,97.8,95.25,97.2,159315,13802425,15.809815,24275.0,24150.0,24050,ATM-2,PUT,24150,2026-07-17
2026-07-17 12:44:00+05:30,117.15,117.5,115.65,115.95,175435,23657725,15.867898,24277.05,24200.0,24050,ATM-2,PUT,24150,2026-07-17
2026-07-17 12:45:00+05:30,115.45,115.95,113.2,113.6,822705,23709010,15.887643,24283.5,24200.0,24050,ATM-2,PUT,24150,2026-07-17
2026-07-17 12:46:00+05:30,113.65,115.45,113.6,114.9,280345,23662145,15.970803,24282.25,24200.0,24050,ATM-2,PUT,24150,2026-07-17
2026-07-17 12:47:00+05:30,114.7,115.35,114.0,114.5,223665,23706020,16.1011,24286.55,24200.0,24050,ATM-2,PUT,24150,2026-07-17
2026-07-17 12:48:00+05:30,114.2,114.75,113.0,113.0,447850,23752495,15.977845,24287.25,24200.0,24050,ATM-2,PUT,24150,2026-07-17
2026-07-17 12:49:00+05:30,111.75,113.0,104.15,108.0,2836080,23616450,15.733623,24294.0,24200.0,24050,ATM-2,PUT,24150,2026-07-17
2026-07-17 12:50:00+05:30,107.9,114.15,107.9,113.55,1201720,23129275,15.892317,24283.6,24200.0,24050,ATM-2,PUT,24150,2026-07-17
2026-07-17 12:51:00+05:30,114.5,115.95,113.05,114.05,1765270,23291710,15.855131,24281.35,24200.0,24050,ATM-2,PUT,24150,2026-07-17
2026-07-17 12:52:00+05:30,113.95,115.6,113.3,115.15,397215,23843300,15.903927,24279.75,24200.0,24050,ATM-2,PUT,24150,2026-07-17
2026-07-17 12:53:00+05:30,95.6,97.4,95.1,96.75,335855,13725075,15.682383,24272.5,24150.0,24050,ATM-2,PUT,24150,2026-07-17
2026-07-17 12:54:00+05:30,96.65,98.6,96.4,97.5,446225,13770120,15.813569,24273.9,24150.0,24050,ATM-2,PUT,24150,2026-07-17
2026-07-17 12:55:00+05:30,97.4,98.9,95.3,98.6,335205,13793845,15.830065,24271.2,24150.0,24050,ATM-2,PUT,24150,2026-07-17
2026-07-17 12:56:00+05:30,98.85,98.85,96.3,96.65,219765,13772655,15.75079,24274.55,24150.0,24050,ATM-2,PUT,24150,2026-07-17
2026-07-17 12:57:00+05:30,116.65,116.65,112.65,114.85,861575,24322610,15.903251,24280.35,24200.0,24050,ATM-2,PUT,24150,2026-07-17
2026-07-17 12:58:00+05:30,115.0,115.85,113.5,115.35,322595,24209055,15.899262,24278.95,24200.0,24050,ATM-2,PUT,24150,2026-07-17
2026-07-17 12:59:00+05:30,114.9,115.35,113.15,113.2,317850,24298430,15.855483,24283.3,24200.0,24050,ATM-2,PUT,24150,2026-07-17
2026-07-17 13:00:00+05:30,111.6,114.2,111.25,113.65,436605,24369930,15.882443,24282.8,24200.0,24050,ATM-2,PUT,24150,2026-07-17
2026-07-17 13:01:00+05:30,113.2,113.65,111.0,112.4,875485,24435645,15.794529,24283.75,24200.0,24050,ATM-2,PUT,24150,2026-07-17
2026-07-17 13:02:00+05:30,112.25,113.8,112.0,113.8,316420,23988640,15.735442,24278.65,24200.0,24050,ATM-2,PUT,24150,2026-07-17
2026-07-17 13:03:00+05:30,113.9,115.0,112.95,114.05,389675,24046620,15.843247,24280.7,24200.0,24050,ATM-2,PUT,24150,2026-07-17
2026-07-17 13:04:00+05:30,113.7,114.05,112.4,113.75,239200,24096280,15.780348,24279.85,24200.0,24050,ATM-2,PUT,24150,2026-07-17
2026-07-17 13:05:00+05:30,113.6,114.95,113.5,113.7,262730,24110515,15.826016,24281.1,24200.0,24050,ATM-2,PUT,24150,2026-07-17
2026-07-17 13:06:00+05:30,113.5,114.0,112.35,112.85,212680,24135020,15.853788,24283.95,24200.0,24050,ATM-2,PUT,24150,2026-07-17
2026-07-17 13:07:00+05:30,112.75,116.2,112.0,115.75,443170,24167455,15.850339,24276.45,24200.0,24050,ATM-2,PUT,24150,2026-07-17
2026-07-17 13:08:00+05:30,115.9,115.9,114.1,114.7,279240,24053900,15.877019,24279.75,24200.0,24050,ATM-2,PUT,24150,2026-07-17
2026-07-17 13:09:00+05:30,114.9,115.4,114.1,115.1,163930,24105835,15.848923,24278.0,24200.0,24050,ATM-2,PUT,24150,2026-07-17
2026-07-17 13:10:00+05:30,115.05,115.4,113.85,114.4,180115,24108695,15.839073,24279.5,24200.0,24050,ATM-2,PUT,24150,2026-07-17
2026-07-17 13:11:00+05:30,114.25,114.8,113.0,114.15,200525,24096150,15.807002,24279.3,24200.0,24050,ATM-2,PUT,24150,2026-07-17
2026-07-17 13:12:00+05:30,114.45,116.0,113.6,116.0,268710,24096930,15.917329,24277.35,24200.0,24050,ATM-2,PUT,24150,2026-07-17
2026-07-17 13:13:00+05:30,115.8,116.15,113.8,114.5,346320,24141000,15.731098,24276.45,24200.0,24050,ATM-2,PUT,24150,2026-07-17
2026-07-17 13:14:00+05:30,114.05,114.75,112.7,114.0,291525,24227060,15.924256,24282.55,24200.0,24050,ATM-2,PUT,24150,2026-07-17
2026-07-17 13:15:00+05:30,94.9,98.9,94.45,97.25,426660,13978185,15.738066,24271.9,24150.0,24050,ATM-2,PUT,24150,2026-07-17
2026-07-17 13:16:00+05:30,97.15,97.7,96.4,96.75,194480,13923130,15.720063,24272.8,24150.0,24050,ATM-2,PUT,24150,2026-07-17
2026-07-17 13:17:00+05:30,116.6,117.65,116.05,116.65,303615,24147370,15.910676,24275.4,24200.0,24050,ATM-2,PUT,24150,2026-07-17
2026-07-17 13:18:00+05:30,96.4,97.4,95.3,96.75,133380,13921960,15.713161,24272.55,24150.0,24050,ATM-2,PUT,24150,2026-07-17
2026-07-17 13:19:00+05:30,96.85,98.0,96.3,97.3,145990,13929825,15.838408,24274.35,24150.0,24050,ATM-2,PUT,24150,2026-07-17
2026-07-17 13:20:00+05:30,117.5,117.7,115.3,116.5,255970,24105445,15.975138,24277.3,24200.0,24050,ATM-2,PUT,24150,2026-07-17
2026-07-17 13:21:00+05:30,116.7,117.4,116.0,117.3,197795,24107005,16.063095,24277.45,24200.0,24050,ATM-2,PUT,24150,2026-07-17
2026-07-17 13:22:00+05:30,97.0,97.3,96.15,96.55,81705,13920010,15.763196,24274.35,24150.0,24050,ATM-2,PUT,24150,2026-07-17
2026-07-17 13:23:00+05:30,96.35,98.05,95.85,97.9,137020,13916565,15.709807,24269.05,24150.0,24050,ATM-2,PUT,24150,2026-07-17
2026-07-17 13:24:00+05:30,97.7,99.9,96.65,99.75,369070,13872105,15.807295,24266.45,24150.0,24050,ATM-2,PUT,24150,2026-07-17
2026-07-17 13:25:00+05:30,99.55,100.95,96.5,96.5,694070,13748410,15.550785,24268.65,24150.0,24050,ATM-2,PUT,24150,2026-07-17
2026-07-17 13:26:00+05:30,96.2,99.7,96.0,99.0,233805,13786565,15.677229,24265.0,24150.0,24050,ATM-2,PUT,24150,2026-07-17
2026-07-17 13:27:00+05:30,99.35,100.65,99.0,100.65,287365,13810420,15.732014,24261.85,24150.0,24050,ATM-2,PUT,24150,2026-07-17
2026-07-17 13:28:00+05:30,100.45,100.9,99.65,99.65,435175,13831610,15.584056,24260.65,24150.0,24050,ATM-2,PUT,24150,2026-07-17
2026-07-17 13:29:00+05:30,100.0,100.0,97.05,99.1,402025,13823225,15.777046,24267.3,24150.0,24050,ATM-2,PUT,24150,2026-07-17
2026-07-17 13:30:00+05:30,98.45,99.2,97.2,97.95,164515,13801710,15.749179,24269.75,24150.0,24050,ATM-2,PUT,24150,2026-07-17
2026-07-17 13:31:00+05:30,97.6,99.05,96.25,98.75,298870,13772720,15.770781,24268.05,24150.0,24050,ATM-2,PUT,24150,2026-07-17
2026-07-17 13:32:00+05:30,98.55,100.15,97.95,99.0,229450,13746980,15.740245,24266.5,24150.0,24050,ATM-2,PUT,24150,2026-07-17
2026-07-17 13:33:00+05:30,99.0,100.1,98.95,99.25,157235,13778765,15.672097,24263.95,24150.0,24050,ATM-2,PUT,24150,2026-07-17
2026-07-17 13:34:00+05:30,98.95,100.0,98.0,98.1,140335,13767520,15.618711,24265.7,24150.0,24050,ATM-2,PUT,24150,2026-07-17
2026-07-17 13:35:00+05:30,98.25,98.35,97.0,97.8,153205,13775580,15.659348,24267.6,24150.0,24050,ATM-2,PUT,24150,2026-07-17
2026-07-17 13:36:00+05:30,97.45,97.8,94.8,97.2,427960,13728520,15.679468,24269.8,24150.0,24050,ATM-2,PUT,24150,2026-07-17
2026-07-17 13:37:00+05:30,97.5,99.5,96.3,99.3,230555,13662415,15.710054,24264.7,24150.0,24050,ATM-2,PUT,24150,2026-07-17
2026-07-17 13:38:00+05:30,99.0,99.75,98.25,99.05,207610,13672035,15.726295,24265.8,24150.0,24050,ATM-2,PUT,24150,2026-07-17
2026-07-17 13:39:00+05:30,99.0,99.35,97.5,98.2,150345,13675935,15.776573,24269.5,24150.0,24050,ATM-2,PUT,24150,2026-07-17
2026-07-17 13:40:00+05:30,98.4,102.75,98.0,102.15,533975,13666185,15.766931,24258.25,24150.0,24050,ATM-2,PUT,24150,2026-07-17
2026-07-17 13:41:00+05:30,101.65,104.65,100.55,100.6,767780,13611065,15.470703,24254.65,24150.0,24050,ATM-2,PUT,24150,2026-07-17
2026-07-17 13:42:00+05:30,100.35,104.45,100.2,103.0,441870,13665535,15.588591,24251.2,24150.0,24050,ATM-2,PUT,24150,2026-07-17
2026-07-17 13:43:00+05:30,103.25,104.35,101.85,102.5,467415,13646620,15.428803,24248.35,24150.0,24050,ATM-2,PUT,24150,2026-07-17
2026-07-17 13:44:00+05:30,102.2,104.1,100.5,101.4,418600,13566670,15.541828,24254.25,24150.0,24050,ATM-2,PUT,24150,2026-07-17
2026-07-17 13:45:00+05:30,101.55,103.4,101.4,102.1,322595,13548730,15.544894,24252.4,24150.0,24050,ATM-2,PUT,24150,2026-07-17
2026-07-17 13:46:00+05:30,102.55,106.15,101.5,106.15,837460,13564850,15.682738,24245.1,24150.0,24050,ATM-2,PUT,24150,2026-07-17
2026-07-17 13:47:00+05:30,105.75,108.05,105.3,106.25,1255800,13206375,15.44495,24238.7,24150.0,24050,ATM-2,PUT,24150,2026-07-17
2026-07-17 13:48:00+05:30,105.85,106.65,103.55,103.95,676000,13017810,15.534003,24247.05,24150.0,24050,ATM-2,PUT,24150,2026-07-17
2026-07-17 13:49:00+05:30,103.95,106.45,103.6,106.1,393965,12957230,15.480686,24239.95,24150.0,24050,ATM-2,PUT,24150,2026-07-17
2026-07-17 13:50:00+05:30,106.5,109.15,106.05,108.3,1055080,12887680,15.197943,24227.05,24150.0,24050,ATM-2,PUT,24150,2026-07-17
2026-07-17 13:51:00+05:30,89.35,92.85,88.85,91.35,2398955,16824275,14.968306,24215.95,24100.0,24050,ATM-2,PUT,24150,2026-07-17
2026-07-17 13:52:00+05:30,91.25,91.35,88.45,90.2,989300,16675490,15.083742,24222.35,24100.0,24050,ATM-2,PUT,24150,2026-07-17
2026-07-17 13:53:00+05:30,109.65,110.0,107.25,107.95,434655,12344865,15.253117,24229.25,24150.0,24050,ATM-2,PUT,24150,2026-07-17
2026-07-17 13:54:00+05:30,107.35,108.45,104.85,105.65,548015,12276355,15.128269,24232.0,24150.0,24050,ATM-2,PUT,24150,2026-07-17
2026-07-17 13:55:00+05:30,105.85,107.85,102.55,103.8,633620,12190750,15.116714,24236.5,24150.0,24050,ATM-2,PUT,24150,2026-07-17
2026-07-17 13:56:00+05:30,104.2,106.9,103.8,104.85,367770,12139335,15.078223,24232.75,24150.0,24050,ATM-2,PUT,24150,2026-07-17
2026-07-17 13:57:00+05:30,104.65,105.75,103.1,104.2,293540,12138425,15.050152,24233.7,24150.0,24050,ATM-2,PUT,24150,2026-07-17
2026-07-17 13:58:00+05:30,103.85,105.25,102.95,103.55,306345,12176905,15.137385,24237.6,24150.0,24050,ATM-2,PUT,24150,2026-07-17
2026-07-17 13:59:00+05:30,103.6,103.6,95.75,97.2,1096355,12093770,14.965082,24250.1,24150.0,24050,ATM-2,PUT,24150,2026-07-17
2026-07-17 14:00:00+05:30,98.55,100.4,97.2,98.2,473070,12022985,15.02035,24248.8,24150.0,24050,ATM-2,PUT,24150,2026-07-17
2026-07-17 14:01:00+05:30,98.15,100.65,97.8,99.1,327210,12026365,15.038122,24246.8,24150.0,24050,ATM-2,PUT,24150,2026-07-17
2026-07-17 14:02:00+05:30,99.1,101.5,99.05,100.35,319605,11961170,15.045325,24243.6,24150.0,24050,ATM-2,PUT,24150,2026-07-17
2026-07-17 14:03:00+05:30,99.9,100.85,98.8,99.0,205790,12014210,15.008879,24246.25,24150.0,24050,ATM-2,PUT,24150,2026-07-17
2026-07-17 14:04:00+05:30,98.85,99.0,96.75,98.0,331110,12037480,15.063193,24250.35,24150.0,24050,ATM-2,PUT,24150,2026-07-17
2026-07-17 14:05:00+05:30,97.9,98.0,95.0,95.95,520065,12018175,15.016208,24254.7,24150.0,24050,ATM-2,PUT,24150,2026-07-17
2026-07-17 14:06:00+05:30,96.05,98.9,95.8,98.9,337480,11918465,15.132089,24249.65,24150.0,24050,ATM-2,PUT,24150,2026-07-17
2026-07-17 14:07:00+05:30,99.0,99.0,97.1,97.3,216255,11991850,15.020479,24251.05,24150.0,24050,ATM-2,PUT,24150,2026-07-17
2026-07-17 14:08:00+05:30,97.2,99.15,96.8,98.1,268970,12048790,15.106623,24251.1,24150.0,24050,ATM-2,PUT,24150,2026-07-17
2026-07-17 14:09:00+05:30,98.3,98.55,97.15,97.75,108225,12075310,15.141773,24252.95,24150.0,24050,ATM-2,PUT,24150,2026-07-17
2026-07-17 14:10:00+05:30,97.4,97.85,96.1,96.55,160030,12055810,15.057802,24254.0,24150.0,24050,ATM-2,PUT,24150,2026-07-17
2026-07-17 14:11:00+05:30,96.4,96.55,91.6,91.6,841100,11987690,14.961994,24265.25,24150.0,24050,ATM-2,PUT,24150,2026-07-17
2026-07-17 14:12:00+05:30,92.35,92.8,88.3,88.95,763750,11975275,14.916961,24271.6,24150.0,24050,ATM-2,PUT,24150,2026-07-17
2026-07-17 14:13:00+05:30,109.25,109.4,104.2,105.4,1688505,20064590,14.906946,24277.25,24200.0,24050,ATM-2,PUT,24150,2026-07-17
2026-07-17 14:14:00+05:30,104.7,106.6,104.0,104.1,1108445,20100795,14.905876,24280.55,24200.0,24050,ATM-2,PUT,24150,2026-07-17
2026-07-17 14:15:00+05:30,126.35,126.55,94.55,95.3,3349190,10188620,14.549977,24345.4,24250.0,24050,ATM-2,PUT,24150,2026-07-17
2026-07-17 14:16:00+05:30,93.05,100.4,88.55,93.6,3036020,10055565,15.032634,24362.9,24250.0,24050,ATM-2,PUT,24150,2026-07-17
2026-07-17 14:17:00+05:30,93.2,99.05,92.35,97.5,1815645,10196420,14.85773,24347.45,24250.0,24050,ATM-2,PUT,24150,2026-07-17
2026-07-17 14:18:00+05:30,100.05,105.5,97.5,101.95,1427205,10344230,14.74655,24332.7,24250.0,24050,ATM-2,PUT,24150,2026-07-17
2026-07-17 14:19:00+05:30,85.9,91.45,84.6,91.45,2263755,19548880,14.673554,24308.45,24200.0,24050,ATM-2,PUT,24150,2026-07-17
2026-07-17 14:20:00+05:30,90.7,93.9,87.6,93.15,1933295,19452550,15.013217,24312.75,24200.0,24050,ATM-2,PUT,24150,2026-07-17
2026-07-17 14:21:00+05:30,93.0,96.75,91.2,95.5,1932840,19277830,15.13327,24309.35,24200.0,24050,ATM-2,PUT,24150,2026-07-17
2026-07-17 14:22:00+05:30,95.6,99.4,95.5,99.2,1581840,19115525,15.201621,24300.95,24200.0,24050,ATM-2,PUT,24150,2026-07-17
2026-07-17 14:23:00+05:30,101.0,104.2,98.95,104.2,1923870,19091930,15.401623,24292.7,24200.0,24050,ATM-2,PUT,24150,2026-07-17
2026-07-17 14:24:00+05:30,103.5,104.2,98.4,98.4,1588730,18775380,15.019701,24298.3,24200.0,24050,ATM-2,PUT,24150,2026-07-17
2026-07-17 14:25:00+05:30,98.7,99.5,92.5,94.9,1642225,18764785,14.998019,24307.3,24200.0,24050,ATM-2,PUT,24150,2026-07-17
2026-07-17 14:26:00+05:30,95.2,95.25,92.4,93.2,821860,18515380,14.96921,24311.25,24200.0,24050,ATM-2,PUT,24150,2026-07-17
2026-07-17 14:27:00+05:30,93.0,94.05,90.5,90.75,679055,18674370,14.701922,24310.95,24200.0,24050,ATM-2,PUT,24150,2026-07-17
2026-07-17 14:28:00+05:30,90.45,91.9,88.65,91.3,1014000,18683730,14.706775,24309.5,24200.0,24050,ATM-2,PUT,24150,2026-07-17
2026-07-17 14:29:00+05:30,96.05,101.5,91.3,99.6,2127710,18702840,14.728851,24287.4,24200.0,24050,ATM-2,PUT,24150,2026-07-17
2026-07-17 14:30:00+05:30,99.2,99.6,92.65,93.15,1406665,19013280,14.72097,24304.65,24200.0,24050,ATM-2,PUT,24150,2026-07-17
2026-07-17 14:31:00+05:30,92.75,96.3,92.55,95.6,682695,19089590,14.81296,24300.3,24200.0,24050,ATM-2,PUT,24150,2026-07-17
2026-07-17 14:32:00+05:30,95.75,96.4,94.45,95.7,573950,19145880,14.780709,24299.15,24200.0,24050,ATM-2,PUT,24150,2026-07-17
2026-07-17 14:33:00+05:30,95.3,96.65,94.8,95.5,433615,19224595,14.623664,24295.55,24200.0,24050,ATM-2,PUT,24150,2026-07-17
2026-07-17 14:34:00+05:30,95.5,96.0,94.0,94.8,555880,19332560,14.645522,24298.0,24200.0,24050,ATM-2,PUT,24150,2026-07-17
2026-07-17 14:35:00+05:30,94.85,95.9,94.55,95.6,300040,19398535,14.754544,24298.65,24200.0,24050,ATM-2,PUT,24150,2026-07-17
2026-07-17 14:36:00+05:30,95.6,98.1,95.6,97.3,671385,19311630,14.725248,24293.25,24200.0,24050,ATM-2,PUT,24150,2026-07-17
2026-07-17 14:37:00+05:30,97.65,98.1,95.4,97.45,472290,19366360,14.734165,24293.05,24200.0,24050,ATM-2,PUT,24150,2026-07-17
2026-07-17 14:38:00+05:30,97.65,98.85,94.45,95.2,703560,19362980,14.727642,24298.95,24200.0,24050,ATM-2,PUT,24150,2026-07-17
2026-07-17 14:39:00+05:30,95.5,96.35,94.5,94.9,337545,19321835,14.657525,24297.9,24200.0,24050,ATM-2,PUT,24150,2026-07-17
2026-07-17 14:40:00+05:30,94.75,95.25,93.4,94.6,554580,19229210,14.783174,24302.0,24200.0,24050,ATM-2,PUT,24150,2026-07-17
2026-07-17 14:41:00+05:30,94.7,95.55,90.6,90.75,808210,19218810,14.750688,24311.85,24200.0,24050,ATM-2,PUT,24150,2026-07-17
2026-07-17 14:42:00+05:30,91.35,93.15,90.75,91.05,620360,19096545,14.72935,24310.4,24200.0,24050,ATM-2,PUT,24150,2026-07-17
2026-07-17 14:43:00+05:30,91.3,91.45,88.65,90.8,830700,19063980,14.767446,24312.1,24200.0,24050,ATM-2,PUT,24150,2026-07-17
2026-07-17 14:44:00+05:30,91.15,91.15,87.45,88.3,902980,19231810,14.709771,24317.65,24200.0,24050,ATM-2,PUT,24150,2026-07-17
2026-07-17 14:45:00+05:30,88.5,89.5,87.8,88.7,579930,19257550,14.821279,24319.5,24200.0,24050,ATM-2,PUT,24150,2026-07-17
2026-07-17 14:46:00+05:30,107.55,109.3,104.5,104.55,587665,9927645,14.740445,24325.05,24250.0,24050,ATM-2,PUT,24150,2026-07-17
2026-07-17 14:47:00+05:30,86.75,88.25,86.35,87.5,390260,19168955,14.773033,24321.6,24200.0,24050,ATM-2,PUT,24150,2026-07-17
2026-07-17 14:48:00+05:30,87.5,89.65,86.1,86.1,658840,19216665,14.575842,24320.25,24200.0,24050,ATM-2,PUT,24150,2026-07-17
2026-07-17 14:49:00+05:30,86.7,86.7,84.55,86.1,771160,19200740,14.713653,24324.0,24200.0,24050,ATM-2,PUT,24150,2026-07-17
2026-07-17 14:50:00+05:30,85.4,88.35,84.95,87.05,742495,19266195,14.669929,24320.0,24200.0,24050,ATM-2,PUT,24150,2026-07-17
2026-07-17 14:51:00+05:30,87.0,88.5,84.9,87.9,544570,19343545,14.652952,24317.05,24200.0,24050,ATM-2,PUT,24150,2026-07-17
2026-07-17 14:52:00+05:30,87.85,87.9,86.4,87.45,314795,19412965,14.699971,24319.6,24200.0,24050,ATM-2,PUT,24150,2026-07-17
2026-07-17 14:53:00+05:30,87.65,89.05,86.05,86.3,641810,19372990,14.611706,24320.5,24200.0,24050,ATM-2,PUT,24150,2026-07-17
2026-07-17 14:54:00+05:30,86.7,88.75,86.3,87.0,391690,19296160,14.703767,24320.95,24200.0,24050,ATM-2,PUT,24150,2026-07-17
2026-07-17 14:55:00+05:30,106.0,106.9,103.45,104.1,421980,9808175,14.797672,24327.4,24250.0,24050,ATM-2,PUT,24150,2026-07-17
2026-07-17 14:56:00+05:30,85.0,87.35,82.2,86.3,1791855,18871840,14.775455,24324.9,24200.0,24050,ATM-2,PUT,24150,2026-07-17
2026-07-17 14:57:00+05:30,86.0,87.95,85.65,86.9,527800,18832125,14.72019,24321.6,24200.0,24050,ATM-2,PUT,24150,2026-07-17
2026-07-17 14:58:00+05:30,87.3,89.35,86.9,88.1,669630,18813470,14.637565,24315.85,24200.0,24050,ATM-2,PUT,24150,2026-07-17
2026-07-17 14:59:00+05:30,88.4,90.3,87.6,89.4,832845,18821140,14.62431,24311.75,24200.0,24050,ATM-2,PUT,24150,2026-07-17
2026-07-17 15:00:00+05:30,88.9,90.45,82.8,84.25,2084615,18808790,14.517087,24323.7,24200.0,24050,ATM-2,PUT,24150,2026-07-17
2026-07-17 15:01:00+05:30,102.35,104.1,97.1,102.4,1087905,9343555,14.558994,24325.6,24250.0,24050,ATM-2,PUT,24150,2026-07-17
2026-07-17 15:02:00+05:30,85.0,86.6,83.6,85.5,794040,18499910,14.67658,24324.35,24200.0,24050,ATM-2,PUT,24150,2026-07-17
2026-07-17 15:03:00+05:30,85.8,87.6,84.55,87.1,433550,18497895,14.614231,24317.95,24200.0,24050,ATM-2,PUT,24150,2026-07-17
2026-07-17 15:04:00+05:30,88.05,88.25,85.9,86.45,659620,18384860,14.696377,24322.05,24200.0,24050,ATM-2,PUT,24150,2026-07-17
2026-07-17 15:05:00+05:30,104.9,105.25,101.8,102.7,449930,9231105,14.671334,24327.55,24250.0,24050,ATM-2,PUT,24150,2026-07-17
2026-07-17 15:06:00+05:30,102.65,103.35,100.55,101.3,316420,9192170,14.6337,24330.2,24250.0,24050,ATM-2,PUT,24150,2026-07-17
2026-07-17 15:07:00+05:30,101.0,101.8,98.1,99.6,657735,9153365,14.621058,24334.3,24250.0,24050,ATM-2,PUT,24150,2026-07-17
2026-07-17 15:08:00+05:30,100.65,102.1,99.6,100.95,408395,9015760,14.674705,24332.1,24250.0,24050,ATM-2,PUT,24150,2026-07-17
2026-07-17 15:09:00+05:30,100.8,101.75,99.8,100.95,273715,8996325,14.732715,24333.55,24250.0,24050,ATM-2,PUT,24150,2026-07-17
2026-07-17 15:10:00+05:30,101.5,102.2,100.85,100.85,311675,8904675,14.652847,24331.75,24250.0,24050,ATM-2,PUT,24150,2026-07-17
2026-07-17 15:11:00+05:30,101.1,101.35,99.3,100.0,279110,8863855,14.586223,24332.25,24250.0,24050,ATM-2,PUT,24150,2026-07-17
2026-07-17 15:12:00+05:30,100.35,100.4,96.75,98.7,555100,8702005,14.602067,24336.05,24250.0,24050,ATM-2,PUT,24150,2026-07-17
2026-07-17 15:13:00+05:30,98.9,100.6,98.7,99.75,336115,8642920,14.666461,24334.9,24250.0,24050,ATM-2,PUT,24150,2026-07-17
2026-07-17 15:14:00+05:30,100.9,104.85,99.75,104.05,599625,8443565,14.86694,24328.75,24250.0,24050,ATM-2,PUT,24150,2026-07-17
2026-07-17 15:15:00+05:30,85.9,89.35,84.65,87.3,1582360,16723135,14.865046,24323.85,24200.0,24050,ATM-2,PUT,24150,2026-07-17
2026-07-17 15:16:00+05:30,88.75,88.85,87.3,87.9,816920,16607305,14.895417,24322.9,24200.0,24050,ATM-2,PUT,24150,2026-07-17
2026-07-17 15:17:00+05:30,107.6,107.6,104.0,105.45,529100,7938710,14.88613,24325.55,24250.0,24050,ATM-2,PUT,24150,2026-07-17
2026-07-17 15:18:00+05:30,105.55,107.15,104.6,107.15,364325,7776535,15.19065,24328.8,24250.0,24050,ATM-2,PUT,24150,2026-07-17
2026-07-17 15:19:00+05:30,106.7,107.3,105.3,106.45,582465,7620210,15.128125,24329.0,24250.0,24050,ATM-2,PUT,24150,2026-07-17
2026-07-17 15:20:00+05:30,107.45,107.8,105.5,105.85,433810,7445295,15.224478,24332.95,24250.0,24050,ATM-2,PUT,24150,2026-07-17
2026-07-17 15:21:00+05:30,106.2,106.8,99.8,100.2,718900,7344090,14.65294,24333.15,24250.0,24050,ATM-2,PUT,24150,2026-07-17
2026-07-17 15:22:00+05:30,100.5,101.95,98.0,101.35,707070,7111910,14.917443,24336.85,24250.0,24050,ATM-2,PUT,24150,2026-07-17
2026-07-17 15:23:00+05:30,101.2,102.55,100.1,100.55,520715,7064785,14.879018,24337.95,24250.0,24050,ATM-2,PUT,24150,2026-07-17
2026-07-17 15:24:00+05:30,100.55,100.65,98.1,100.2,558610,6856460,15.032542,24342.8,24250.0,24050,ATM-2,PUT,24150,2026-07-17
2026-07-17 15:25:00+05:30,100.95,103.0,100.2,102.0,742170,6473155,15.305212,24345.0,24250.0,24050,ATM-2,PUT,24150,2026-07-17
2026-07-17 15:26:00+05:30,102.2,102.65,99.65,100.9,415740,6341595,15.107227,24342.8,24250.0,24050,ATM-2,PUT,24150,2026-07-17
2026-07-17 15:27:00+05:30,101.3,101.35,98.25,98.6,503815,6196580,14.916562,24344.0,24250.0,24050,ATM-2,PUT,24150,2026-07-17
2026-07-17 15:28:00+05:30,99.35,99.45,93.7,93.95,804180,5994300,14.25772,24339.4,24250.0,24050,ATM-2,PUT,24150,2026-07-17
2026-07-17 15:29:00+05:30,94.95,94.95,90.15,90.25,844155,5804435,14.152761,24346.7,24250.0,24050,ATM-2,PUT,24150,2026-07-17
2026-07-17 09:15:00+05:30,128.45,144.75,115.9,144.75,5251610,7692685,9.633388,24151.25,24100.0,24100,ATM-1,CALL,24150,2026-07-17
2026-07-17 09:16:00+05:30,148.45,157.65,144.75,157.65,5080010,8374145,9.659833,24171.0,24100.0,24100,ATM-1,CALL,24150,2026-07-17
2026-07-17 09:17:00+05:30,129.2,135.0,129.15,131.7,3213860,6309030,9.827012,24176.15,24150.0,24100,ATM-1,CALL,24150,2026-07-17
2026-07-17 09:18:00+05:30,132.8,141.5,131.05,140.45,2784405,6590545,10.032675,24187.4,24150.0,24100,ATM-1,CALL,24150,2026-07-17
2026-07-17 09:19:00+05:30,141.75,145.5,138.0,141.2,2463760,6393205,10.081313,24187.85,24150.0,24100,ATM-1,CALL,24150,2026-07-17
2026-07-17 09:20:00+05:30,139.05,145.3,137.9,140.5,2321345,6592235,10.01894,24187.75,24150.0,24100,ATM-1,CALL,24150,2026-07-17
2026-07-17 09:21:00+05:30,139.05,140.8,135.75,137.2,1245855,6786390,9.811966,24185.75,24150.0,24100,ATM-1,CALL,24150,2026-07-17
2026-07-17 09:22:00+05:30,137.55,140.65,136.3,140.65,1020695,6972875,9.976188,24188.75,24150.0,24100,ATM-1,CALL,24150,2026-07-17
2026-07-17 09:23:00+05:30,140.35,141.2,136.4,136.4,843895,7182955,9.710863,24186.15,24150.0,24100,ATM-1,CALL,24150,2026-07-17
2026-07-17 09:24:00+05:30,136.8,143.0,136.0,142.5,1093430,7315880,9.972548,24191.9,24150.0,24100,ATM-1,CALL,24150,2026-07-17
2026-07-17 09:25:00+05:30,142.4,149.0,142.2,147.35,2369575,7438275,10.032618,24198.85,24150.0,24100,ATM-1,CALL,24150,2026-07-17
2026-07-17 09:26:00+05:30,147.9,149.8,144.95,145.2,1195740,7562750,9.758305,24199.8,24150.0,24100,ATM-1,CALL,24150,2026-07-17
2026-07-17 09:27:00+05:30,145.75,150.4,143.85,147.85,1131975,7424755,9.834708,24202.85,24150.0,24100,ATM-1,CALL,24150,2026-07-17
2026-07-17 09:28:00+05:30,148.35,148.85,146.6,148.85,481000,7209670,9.813181,24204.8,24150.0,24100,ATM-1,CALL,24150,2026-07-17
2026-07-17 09:29:00+05:30,148.0,152.5,147.25,152.5,838955,7112170,9.850903,24210.0,24150.0,24100,ATM-1,CALL,24150,2026-07-17
2026-07-17 09:30:00+05:30,153.0,154.2,145.15,147.35,1559285,6970340,9.733473,24203.7,24150.0,24100,ATM-1,CALL,24150,2026-07-17
2026-07-17 09:31:00+05:30,147.55,148.7,141.5,142.25,746915,6820515,9.65109,24196.85,24150.0,24100,ATM-1,CALL,24150,2026-07-17
2026-07-17 09:32:00+05:30,142.6,147.4,139.05,147.4,764985,6828640,9.644853,24205.2,24150.0,24100,ATM-1,CALL,24150,2026-07-17
2026-07-17 09:33:00+05:30,147.35,151.85,145.45,150.25,861965,6889935,9.579675,24210.7,24150.0,24100,ATM-1,CALL,24150,2026-07-17
2026-07-17 09:34:00+05:30,150.7,154.2,144.7,146.4,972465,6960200,9.45484,24206.6,24150.0,24100,ATM-1,CALL,24150,2026-07-17
2026-07-17 09:35:00+05:30,146.15,147.9,145.35,145.35,385905,6956560,9.319341,24207.05,24150.0,24100,ATM-1,CALL,24150,2026-07-17
2026-07-17 09:36:00+05:30,146.6,147.25,142.6,146.6,452140,6962475,9.294166,24209.4,24150.0,24100,ATM-1,CALL,24150,2026-07-17
2026-07-17 09:37:00+05:30,147.65,151.85,146.15,151.85,499200,6993545,9.379257,24216.25,24150.0,24100,ATM-1,CALL,24150,2026-07-17
2026-07-17 09:38:00+05:30,152.75,154.75,150.1,154.0,925600,7048925,9.241491,24221.55,24150.0,24100,ATM-1,CALL,24150,2026-07-17
2026-07-17 09:39:00+05:30,154.15,155.2,150.6,151.0,761410,7064590,9.094711,24219.15,24150.0,24100,ATM-1,CALL,24150,2026-07-17
2026-07-17 09:40:00+05:30,150.7,154.5,149.7,153.1,488150,7053735,9.184029,24221.05,24150.0,24100,ATM-1,CALL,24150,2026-07-17
2026-07-17 09:41:00+05:30,153.5,154.6,151.45,152.15,355745,7071480,9.004915,24222.2,24150.0,24100,ATM-1,CALL,24150,2026-07-17
2026-07-17 09:42:00+05:30,152.85,155.0,151.9,154.05,439985,7058415,9.030033,24224.7,24150.0,24100,ATM-1,CALL,24150,2026-07-17
2026-07-17 09:43:00+05:30,125.65,128.95,125.5,127.45,2290470,13648245,9.470869,24225.15,24200.0,24100,ATM-1,CALL,24150,2026-07-17
2026-07-17 09:44:00+05:30,128.9,132.85,125.3,130.0,2776995,13571285,9.363882,24231.3,24200.0,24100,ATM-1,CALL,24150,2026-07-17
2026-07-17 09:45:00+05:30,130.35,137.9,130.0,132.55,3856710,13291330,9.427303,24234.5,24200.0,24100,ATM-1,CALL,24150,2026-07-17
2026-07-17 09:46:00+05:30,133.65,137.15,130.7,135.5,1751750,13003380,9.300806,24241.45,24200.0,24100,ATM-1,CALL,24150,2026-07-17
2026-07-17 09:47:00+05:30,135.4,138.15,132.55,133.75,1710865,12987520,9.437638,24236.35,24200.0,24100,ATM-1,CALL,24150,2026-07-17
2026-07-17 09:48:00+05:30,133.75,137.7,132.95,135.85,865020,12999675,9.423715,24240.05,24200.0,24100,ATM-1,CALL,24150,2026-07-17
2026-07-17 09:49:00+05:30,136.0,136.3,132.25,133.2,807950,13020540,9.354826,24236.85,24200.0,24100,ATM-1,CALL,24150,2026-07-17
2026-07-17 09:50:00+05:30,134.45,137.8,133.2,136.85,1003145,13022165,9.332268,24243.2,24200.0,24100,ATM-1,CALL,24150,2026-07-17
2026-07-17 09:51:00+05:30,136.3,136.85,127.4,128.1,1302600,13026130,9.324752,24228.9,24200.0,24100,ATM-1,CALL,24150,2026-07-17
2026-07-17 09:52:00+05:30,129.35,130.5,127.25,127.25,1029665,12977575,9.179758,24229.95,24200.0,24100,ATM-1,CALL,24150,2026-07-17
2026-07-17 09:53:00+05:30,127.95,132.05,127.0,132.05,803725,12921480,9.469567,24233.1,24200.0,24100,ATM-1,CALL,24150,2026-07-17
2026-07-17 09:54:00+05:30,132.05,138.75,131.5,135.8,1404065,12951315,9.428083,24240.0,24200.0,24100,ATM-1,CALL,24150,2026-07-17
2026-07-17 09:55:00+05:30,134.75,135.8,128.2,129.8,1048840,12946245,9.420501,24230.2,24200.0,24100,ATM-1,CALL,24150,2026-07-17
2026-07-17 09:56:00+05:30,156.55,158.25,151.3,152.8,432640,6242470,9.025999,24223.1,24150.0,24100,ATM-1,CALL,24150,2026-07-17
2026-07-17 09:57:00+05:30,153.35,153.35,148.0,149.7,385190,6210230,8.963533,24219.35,24150.0,24100,ATM-1,CALL,24150,2026-07-17
2026-07-17 09:58:00+05:30,122.0,127.45,121.1,127.3,1310985,12923430,9.244019,24229.05,24200.0,24100,ATM-1,CALL,24150,2026-07-17
2026-07-17 09:59:00+05:30,127.3,129.0,125.6,128.6,932620,12928305,9.385403,24228.85,24200.0,24100,ATM-1,CALL,24150,2026-07-17
2026-07-17 10:00:00+05:30,157.5,159.7,149.2,149.95,506155,6216795,8.831399,24221.65,24150.0,24100,ATM-1,CALL,24150,2026-07-17
2026-07-17 10:01:00+05:30,149.4,153.35,142.05,143.6,510900,6256900,8.812341,24212.35,24150.0,24100,ATM-1,CALL,24150,2026-07-17
2026-07-17 10:02:00+05:30,145.25,147.0,143.5,145.55,455195,6251960,8.773002,24215.9,24150.0,24100,ATM-1,CALL,24150,2026-07-17
2026-07-17 10:03:00+05:30,145.0,146.65,143.5,146.0,302770,6240260,8.886746,24214.95,24150.0,24100,ATM-1,CALL,24150,2026-07-17
2026-07-17 10:04:00+05:30,146.25,146.25,142.5,144.25,311350,6230120,8.73574,24214.5,24150.0,24100,ATM-1,CALL,24150,2026-07-17
2026-07-17 10:05:00+05:30,144.4,150.75,143.2,149.7,374010,6259565,8.83497,24221.3,24150.0,24100,ATM-1,CALL,24150,2026-07-17
2026-07-17 10:06:00+05:30,149.05,152.4,148.8,148.8,407680,6233175,8.640606,24222.7,24150.0,24100,ATM-1,CALL,24150,2026-07-17
2026-07-17 10:07:00+05:30,121.55,123.55,120.7,123.45,588445,13718835,9.0721,24225.65,24200.0,24100,ATM-1,CALL,24150,2026-07-17
2026-07-17 10:08:00+05:30,123.1,124.6,121.35,124.6,538655,13744120,9.072421,24227.6,24200.0,24100,ATM-1,CALL,24150,2026-07-17
2026-07-17 10:09:00+05:30,124.85,129.2,124.6,126.0,1393275,13675805,8.953709,24231.95,24200.0,24100,ATM-1,CALL,24150,2026-07-17
2026-07-17 10:10:00+05:30,125.7,127.9,125.05,125.6,655330,13715780,8.992776,24230.65,24200.0,24100,ATM-1,CALL,24150,2026-07-17
2026-07-17 10:11:00+05:30,125.75,126.9,124.7,126.65,489515,13732420,8.942204,24233.25,24200.0,24100,ATM-1,CALL,24150,2026-07-17
2026-07-17 10:12:00+05:30,127.5,134.0,126.65,134.0,1950390,13772720,9.272967,24239.9,24200.0,24100,ATM-1,CALL,24150,2026-07-17
2026-07-17 10:13:00+05:30,134.05,137.9,134.0,134.5,2212860,13564915,8.937421,24246.1,24200.0,24100,ATM-1,CALL,24150,2026-07-17
2026-07-17 10:14:00+05:30,135.1,135.2,130.0,130.35,1227915,13491530,8.911812,24239.85,24200.0,24100,ATM-1,CALL,24150,2026-07-17
2026-07-17 10:15:00+05:30,130.6,135.75,129.5,134.7,963430,13526045,8.985085,24245.7,24200.0,24100,ATM-1,CALL,24150,2026-07-17
2026-07-17 10:16:00+05:30,135.45,137.5,134.7,135.55,969605,13534430,8.980173,24247.15,24200.0,24100,ATM-1,CALL,24150,2026-07-17
2026-07-17 10:17:00+05:30,135.6,145.0,135.25,143.45,2163720,13540800,9.367701,24253.65,24200.0,24100,ATM-1,CALL,24150,2026-07-17
2026-07-17 10:18:00+05:30,142.35,171.95,142.35,169.35,5845190,12818065,10.659294,24274.45,24200.0,24100,ATM-1,CALL,24150,2026-07-17
2026-07-17 10:19:00+05:30,168.7,171.6,158.65,161.7,2894385,11795160,9.901818,24273.95,24200.0,24100,ATM-1,CALL,24150,2026-07-17
2026-07-17 10:20:00+05:30,161.55,166.2,156.35,157.1,1646255,11572210,9.911539,24266.75,24200.0,24100,ATM-1,CALL,24150,2026-07-17
2026-07-17 10:21:00+05:30,156.55,160.0,155.35,156.6,960050,11185005,9.757419,24268.3,24200.0,24100,ATM-1,CALL,24150,2026-07-17
2026-07-17 10:22:00+05:30,155.35,156.9,152.25,153.0,933205,11073075,9.743559,24262.95,24200.0,24100,ATM-1,CALL,24150,2026-07-17
2026-07-17 10:23:00+05:30,152.9,153.0,149.3,150.6,895245,10972520,9.770339,24258.8,24200.0,24100,ATM-1,CALL,24150,2026-07-17
2026-07-17 10:24:00+05:30,150.95,151.25,147.1,150.25,616005,10914475,9.941752,24255.6,24200.0,24100,ATM-1,CALL,24150,2026-07-17
2026-07-17 10:25:00+05:30,150.35,155.05,148.35,154.3,965445,10749635,9.817786,24263.9,24200.0,24100,ATM-1,CALL,24150,2026-07-17
2026-07-17 10:26:00+05:30,154.25,154.95,151.55,154.35,635960,10814440,9.701221,24265.75,24200.0,24100,ATM-1,CALL,24150,2026-07-17
2026-07-17 10:27:00+05:30,154.5,157.8,152.75,154.6,1017120,10786425,9.600656,24267.65,24200.0,24100,ATM-1,CALL,24150,2026-07-17
2026-07-17 10:28:00+05:30,155.4,160.0,154.6,158.55,879970,10813595,9.627792,24273.3,24200.0,24100,ATM-1,CALL,24150,2026-07-17
2026-07-17 10:29:00+05:30,130.95,138.3,130.95,136.65,1386710,5519475,10.03132,24281.55,24250.0,24100,ATM-1,CALL,24150,2026-07-17
2026-07-17 10:30:00+05:30,137.2,137.2,131.8,135.25,954980,5405270,10.019567,24279.4,24250.0,24100,ATM-1,CALL,24150,2026-07-17
2026-07-17 10:31:00+05:30,135.3,139.4,135.25,139.4,1061320,5373550,10.214515,24283.1,24250.0,24100,ATM-1,CALL,24150,2026-07-17
2026-07-17 10:32:00+05:30,138.7,144.7,138.3,138.75,1485315,5366270,10.027549,24285.2,24250.0,24100,ATM-1,CALL,24150,2026-07-17
2026-07-17 10:33:00+05:30,138.4,138.75,133.8,136.55,887770,5203250,10.136549,24279.65,24250.0,24100,ATM-1,CALL,24150,2026-07-17
2026-07-17 10:34:00+05:30,136.25,140.35,135.75,139.7,468650,5241210,10.177024,24284.3,24250.0,24100,ATM-1,CALL,24150,2026-07-17
2026-07-17 10:35:00+05:30,168.6,169.05,156.8,157.2,849745,9541870,9.57012,24272.2,24200.0,24100,ATM-1,CALL,24150,2026-07-17
2026-07-17 10:36:00+05:30,157.3,159.0,155.2,157.5,504985,9499100,9.581948,24272.5,24200.0,24100,ATM-1,CALL,24150,2026-07-17
2026-07-17 10:37:00+05:30,157.4,158.15,152.0,152.0,544635,9499295,9.368578,24267.25,24200.0,24100,ATM-1,CALL,24150,2026-07-17
2026-07-17 10:38:00+05:30,151.9,154.8,150.15,153.9,640900,9420710,9.529933,24267.8,24200.0,24100,ATM-1,CALL,24150,2026-07-17
2026-07-17 10:39:00+05:30,155.0,155.7,152.0,152.25,336505,9444760,9.396771,24267.25,24200.0,24100,ATM-1,CALL,24150,2026-07-17
2026-07-17 10:40:00+05:30,152.75,155.5,151.4,155.5,254475,9481030,9.654344,24268.45,24200.0,24100,ATM-1,CALL,24150,2026-07-17
2026-07-17 10:41:00+05:30,154.7,155.75,153.15,155.2,258440,9496695,9.467361,24270.75,24200.0,24100,ATM-1,CALL,24150,2026-07-17
2026-07-17 10:42:00+05:30,155.7,156.45,153.15,153.8,366665,9498450,9.425118,24269.25,24200.0,24100,ATM-1,CALL,24150,2026-07-17
2026-07-17 10:43:00+05:30,153.7,153.85,140.0,141.35,1203475,9582560,9.532848,24248.15,24200.0,24100,ATM-1,CALL,24150,2026-07-17
2026-07-17 10:44:00+05:30,145.05,148.0,141.35,145.7,728000,9581130,9.270908,24259.1,24200.0,24100,ATM-1,CALL,24150,2026-07-17
2026-07-17 10:45:00+05:30,145.4,147.05,139.2,139.2,710125,9616360,8.985571,24253.3,24200.0,24100,ATM-1,CALL,24150,2026-07-17
2026-07-17 10:46:00+05:30,139.45,142.35,138.6,140.75,657475,9655230,9.197331,24252.5,24200.0,24100,ATM-1,CALL,24150,2026-07-17
2026-07-17 10:47:00+05:30,141.35,144.7,140.1,144.3,480545,9693320,9.438114,24254.4,24200.0,24100,ATM-1,CALL,24150,2026-07-17
2026-07-17 10:48:00+05:30,143.65,144.3,139.55,139.55,392990,9713210,9.004976,24253.6,24200.0,24100,ATM-1,CALL,24150,2026-07-17
2026-07-17 10:49:00+05:30,139.9,141.4,137.2,138.2,435760,9731735,9.10797,24249.9,24200.0,24100,ATM-1,CALL,24150,2026-07-17
2026-07-17 10:50:00+05:30,138.4,141.9,137.2,140.0,439140,9769955,9.218586,24251.05,24200.0,24100,ATM-1,CALL,24150,2026-07-17
2026-07-17 10:51:00+05:30,139.9,140.0,135.6,135.75,446160,9792705,8.924539,24248.9,24200.0,24100,ATM-1,CALL,24150,2026-07-17
2026-07-17 10:52:00+05:30,136.1,138.85,134.35,138.8,579345,9777885,9.052892,24251.75,24200.0,24100,ATM-1,CALL,24150,2026-07-17
2026-07-17 10:53:00+05:30,139.4,143.65,138.7,142.1,939120,9829430,9.101436,24256.2,24200.0,24100,ATM-1,CALL,24150,2026-07-17
2026-07-17 10:54:00+05:30,142.4,142.85,136.65,139.05,800345,9905155,8.831177,24255.55,24200.0,24100,ATM-1,CALL,24150,2026-07-17
2026-07-17 10:55:00+05:30,139.35,139.95,136.2,139.65,479635,9966775,8.814257,24256.75,24200.0,24100,ATM-1,CALL,24150,2026-07-17
2026-07-17 10:56:00+05:30,140.35,143.9,138.55,141.65,810940,9975940,9.081362,24255.85,24200.0,24100,ATM-1,CALL,24150,2026-07-17
2026-07-17 10:57:00+05:30,142.45,142.65,139.0,140.8,316940,9979190,8.951815,24256.5,24200.0,24100,ATM-1,CALL,24150,2026-07-17
2026-07-17 10:58:00+05:30,140.55,143.9,140.4,143.45,279955,9982180,9.143336,24257.75,24200.0,24100,ATM-1,CALL,24150,2026-07-17
2026-07-17 10:59:00+05:30,143.75,143.8,141.15,141.6,273910,9970740,9.003277,24257.0,24200.0,24100,ATM-1,CALL,24150,2026-07-17
2026-07-17 11:00:00+05:30,141.4,146.4,141.3,144.1,683605,9959755,9.069344,24259.9,24200.0,24100,ATM-1,CALL,24150,2026-07-17
2026-07-17 11:01:00+05:30,144.2,145.7,140.4,141.35,504075,9895340,9.006127,24256.6,24200.0,24100,ATM-1,CALL,24150,2026-07-17
2026-07-17 11:02:00+05:30,140.9,141.35,135.8,136.7,696085,9848475,9.055354,24248.55,24200.0,24100,ATM-1,CALL,24150,2026-07-17
2026-07-17 11:03:00+05:30,137.35,139.95,136.7,139.8,377910,9862905,9.269771,24250.15,24200.0,24100,ATM-1,CALL,24150,2026-07-17
2026-07-17 11:04:00+05:30,139.8,143.15,139.35,143.15,375505,9856795,9.09217,24258.15,24200.0,24100,ATM-1,CALL,24150,2026-07-17
2026-07-17 11:05:00+05:30,143.05,146.25,142.75,144.0,685295,9784710,8.908798,24262.2,24200.0,24100,ATM-1,CALL,24150,2026-07-17
2026-07-17 11:06:00+05:30,142.75,145.9,141.15,145.4,400530,9776195,9.075994,24261.9,24200.0,24100,ATM-1,CALL,24150,2026-07-17
2026-07-17 11:07:00+05:30,145.9,145.95,135.05,135.05,741715,9803495,9.045879,24246.15,24200.0,24100,ATM-1,CALL,24150,2026-07-17
2026-07-17 11:08:00+05:30,135.75,135.75,129.7,133.0,1182220,9785295,9.326412,24238.35,24200.0,24100,ATM-1,CALL,24150,2026-07-17
2026-07-17 11:09:00+05:30,133.4,134.9,131.35,133.75,617500,9913020,9.18374,24241.9,24200.0,24100,ATM-1,CALL,24150,2026-07-17
2026-07-17 11:10:00+05:30,133.8,134.5,130.25,131.05,555360,10002785,9.098566,24238.9,24200.0,24100,ATM-1,CALL,24150,2026-07-17
2026-07-17 11:11:00+05:30,130.7,134.45,130.7,133.4,677495,9951305,9.221976,24240.75,24200.0,24100,ATM-1,CALL,24150,2026-07-17
2026-07-17 11:12:00+05:30,133.05,134.25,132.35,133.85,262015,9970870,9.209435,24241.7,24200.0,24100,ATM-1,CALL,24150,2026-07-17
2026-07-17 11:13:00+05:30,133.95,134.0,128.75,129.75,502385,9984650,9.032463,24237.9,24200.0,24100,ATM-1,CALL,24150,2026-07-17
2026-07-17 11:14:00+05:30,130.05,134.2,129.15,133.4,631540,10062325,9.533973,24235.7,24200.0,24100,ATM-1,CALL,24150,2026-07-17
2026-07-17 11:15:00+05:30,132.95,133.95,131.05,132.7,303160,10085270,9.266807,24238.95,24200.0,24100,ATM-1,CALL,24150,2026-07-17
2026-07-17 11:16:00+05:30,133.15,133.15,128.0,129.15,483535,10127195,9.131499,24235.35,24200.0,24100,ATM-1,CALL,24150,2026-07-17
2026-07-17 11:17:00+05:30,128.3,132.3,128.3,130.0,540150,10198435,8.962747,24239.5,24200.0,24100,ATM-1,CALL,24150,2026-07-17
2026-07-17 11:18:00+05:30,129.85,130.0,126.7,127.35,525655,10270650,8.857558,24236.9,24200.0,24100,ATM-1,CALL,24150,2026-07-17
2026-07-17 11:19:00+05:30,127.0,130.95,126.0,130.0,620295,10282025,8.830295,24241.65,24200.0,24100,ATM-1,CALL,24150,2026-07-17
2026-07-17 11:20:00+05:30,129.7,130.75,129.35,129.65,396955,10351185,8.789515,24241.75,24200.0,24100,ATM-1,CALL,24150,2026-07-17
2026-07-17 11:21:00+05:30,130.0,130.7,128.8,130.3,339040,10372050,8.859613,24241.7,24200.0,24100,ATM-1,CALL,24150,2026-07-17
2026-07-17 11:22:00+05:30,130.6,136.35,130.3,134.5,1083355,10346830,8.793026,24249.45,24200.0,24100,ATM-1,CALL,24150,2026-07-17
2026-07-17 11:23:00+05:30,133.15,134.5,127.55,128.65,785525,10389080,8.897835,24238.45,24200.0,24100,ATM-1,CALL,24150,2026-07-17
2026-07-17 11:24:00+05:30,129.2,134.0,126.75,132.95,659620,10390900,8.846414,24246.2,24200.0,24100,ATM-1,CALL,24150,2026-07-17
2026-07-17 11:25:00+05:30,133.3,133.8,130.1,130.45,463385,10373480,8.815832,24242.7,24200.0,24100,ATM-1,CALL,24150,2026-07-17
2026-07-17 11:26:00+05:30,131.25,131.55,128.6,131.55,362765,10383100,9.010235,24241.4,24200.0,24100,ATM-1,CALL,24150,2026-07-17
2026-07-17 11:27:00+05:30,131.6,133.55,131.5,131.95,378820,10398895,8.919666,24243.5,24200.0,24100,ATM-1,CALL,24150,2026-07-17
2026-07-17 11:28:00+05:30,132.55,133.1,131.1,132.4,311805,10413455,8.858426,24245.2,24200.0,24100,ATM-1,CALL,24150,2026-07-17
2026-07-17 11:29:00+05:30,132.8,135.3,131.3,131.65,603785,10379395,8.922867,24243.0,24200.0,24100,ATM-1,CALL,24150,2026-07-17
2026-07-17 11:30:00+05:30,131.8,134.3,131.2,131.85,415480,10262005,8.871362,24244.15,24200.0,24100,ATM-1,CALL,24150,2026-07-17
2026-07-17 11:31:00+05:30,131.8,133.0,130.0,132.65,275535,10287290,8.823,24246.2,24200.0,24100,ATM-1,CALL,24150,2026-07-17
2026-07-17 11:32:00+05:30,133.1,133.95,130.6,132.3,250250,10292230,9.001427,24242.85,24200.0,24100,ATM-1,CALL,24150,2026-07-17
2026-07-17 11:33:00+05:30,132.9,134.2,129.75,133.35,420485,10295090,8.718868,24248.95,24200.0,24100,ATM-1,CALL,24150,2026-07-17
2026-07-17 11:34:00+05:30,134.0,139.0,133.35,135.85,1225120,10168730,8.73771,24252.6,24200.0,24100,ATM-1,CALL,24150,2026-07-17
2026-07-17 11:35:00+05:30,136.2,140.9,135.75,139.6,938340,10171330,8.72941,24258.55,24200.0,24100,ATM-1,CALL,24150,2026-07-17
2026-07-17 11:36:00+05:30,139.5,141.75,135.05,135.85,866840,10145135,8.854824,24250.85,24200.0,24100,ATM-1,CALL,24150,2026-07-17
2026-07-17 11:37:00+05:30,136.15,137.3,131.75,133.2,671775,10137400,8.840385,24246.9,24200.0,24100,ATM-1,CALL,24150,2026-07-17
2026-07-17 11:38:00+05:30,132.85,137.65,132.6,137.65,452270,10090210,9.019014,24251.2,24200.0,24100,ATM-1,CALL,24150,2026-07-17
2026-07-17 11:39:00+05:30,137.35,140.3,136.75,140.3,555880,10075715,8.907415,24257.05,24200.0,24100,ATM-1,CALL,24150,2026-07-17
2026-07-17 11:40:00+05:30,139.7,140.4,137.15,140.1,487305,10051665,8.790106,24258.5,24200.0,24100,ATM-1,CALL,24150,2026-07-17
2026-07-17 11:41:00+05:30,140.45,144.55,140.1,144.2,1054365,9981595,8.892387,24263.3,24200.0,24100,ATM-1,CALL,24150,2026-07-17
2026-07-17 11:42:00+05:30,144.85,145.0,141.0,141.6,653705,9912045,8.751368,24261.4,24200.0,24100,ATM-1,CALL,24150,2026-07-17
2026-07-17 11:43:00+05:30,141.7,144.0,140.5,143.0,501735,9921145,8.85109,24262.1,24200.0,24100,ATM-1,CALL,24150,2026-07-17
2026-07-17 11:44:00+05:30,142.85,147.0,142.3,145.0,1074060,9758320,8.708534,24267.2,24200.0,24100,ATM-1,CALL,24150,2026-07-17
2026-07-17 11:45:00+05:30,144.8,147.65,144.65,146.4,795860,9713535,8.548254,24271.55,24200.0,24100,ATM-1,CALL,24150,2026-07-17
2026-07-17 11:46:00+05:30,146.7,147.45,144.05,146.5,583830,9640865,8.739064,24269.05,24200.0,24100,ATM-1,CALL,24150,2026-07-17
2026-07-17 11:47:00+05:30,146.4,146.9,141.95,143.95,494845,9602190,8.660272,24266.35,24200.0,24100,ATM-1,CALL,24150,2026-07-17
2026-07-17 11:48:00+05:30,143.5,146.6,142.75,144.3,488020,9583080,8.606601,24267.65,24200.0,24100,ATM-1,CALL,24150,2026-07-17
2026-07-17 11:49:00+05:30,145.0,145.9,143.65,144.75,226200,9581650,8.655472,24267.65,24200.0,24100,ATM-1,CALL,24150,2026-07-17
2026-07-17 11:50:00+05:30,144.65,145.75,143.15,145.05,268970,9565725,8.477411,24270.6,24200.0,24100,ATM-1,CALL,24150,2026-07-17
2026-07-17 11:51:00+05:30,145.6,147.95,145.05,146.5,569010,9442810,8.507192,24272.35,24200.0,24100,ATM-1,CALL,24150,2026-07-17
2026-07-17 11:52:00+05:30,146.65,151.45,146.35,151.35,726245,9381710,8.919885,24273.85,24200.0,24100,ATM-1,CALL,24150,2026-07-17
2026-07-17 11:53:00+05:30,123.85,126.75,122.35,124.85,1634295,7010250,9.117654,24278.7,24250.0,24100,ATM-1,CALL,24150,2026-07-17
2026-07-17 11:54:00+05:30,124.8,126.25,124.1,124.6,646945,7001215,9.075891,24279.0,24250.0,24100,ATM-1,CALL,24150,2026-07-17
2026-07-17 11:55:00+05:30,153.25,153.4,148.05,148.05,571155,9163505,8.499144,24274.8,24200.0,24100,ATM-1,CALL,24150,2026-07-17
2026-07-17 11:56:00+05:30,121.05,125.85,118.45,123.85,997685,6871670,8.92219,24280.35,24250.0,24100,ATM-1,CALL,24150,2026-07-17
2026-07-17 11:57:00+05:30,124.5,125.75,123.35,123.35,562055,6877325,8.933213,24279.35,24250.0,24100,ATM-1,CALL,24150,2026-07-17
2026-07-17 11:58:00+05:30,151.2,151.7,146.75,147.6,446030,9056190,8.438773,24275.0,24200.0,24100,ATM-1,CALL,24150,2026-07-17
2026-07-17 11:59:00+05:30,120.45,122.3,119.8,121.4,298805,6942650,8.830094,24277.85,24250.0,24100,ATM-1,CALL,24150,2026-07-17
2026-07-17 12:00:00+05:30,147.8,150.45,142.35,143.7,729105,9068280,8.320744,24270.9,24200.0,24100,ATM-1,CALL,24150,2026-07-17
2026-07-17 12:01:00+05:30,143.5,145.65,141.3,143.75,553475,9010235,8.525956,24268.15,24200.0,24100,ATM-1,CALL,24150,2026-07-17
2026-07-17 12:02:00+05:30,142.35,143.75,141.0,141.7,305630,8983975,8.368852,24267.3,24200.0,24100,ATM-1,CALL,24150,2026-07-17
2026-07-17 12:03:00+05:30,115.5,120.9,115.0,120.9,559585,6867900,8.923813,24275.5,24250.0,24100,ATM-1,CALL,24150,2026-07-17
2026-07-17 12:04:00+05:30,148.5,150.3,147.55,148.25,457275,8942570,8.526553,24274.85,24200.0,24100,ATM-1,CALL,24150,2026-07-17
2026-07-17 12:05:00+05:30,146.6,148.8,145.45,146.15,304850,8935810,8.34429,24274.25,24200.0,24100,ATM-1,CALL,24150,2026-07-17
2026-07-17 12:06:00+05:30,146.15,146.5,141.6,142.6,390715,8937630,8.43335,24267.8,24200.0,24100,ATM-1,CALL,24150,2026-07-17
2026-07-17 12:07:00+05:30,142.7,143.5,138.15,139.0,655850,8921640,8.367406,24263.35,24200.0,24100,ATM-1,CALL,24150,2026-07-17
2026-07-17 12:08:00+05:30,139.35,142.75,137.7,142.75,501735,8867040,8.429928,24268.1,24200.0,24100,ATM-1,CALL,24150,2026-07-17
2026-07-17 12:09:00+05:30,142.3,146.85,142.15,146.1,484250,8837465,8.346727,24274.2,24200.0,24100,ATM-1,CALL,24150,2026-07-17
2026-07-17 12:10:00+05:30,146.0,149.75,146.0,147.2,539175,8834735,8.481813,24274.0,24200.0,24100,ATM-1,CALL,24150,2026-07-17
2026-07-17 12:11:00+05:30,147.1,147.2,143.3,144.1,336700,8851570,8.327674,24271.55,24200.0,24100,ATM-1,CALL,24150,2026-07-17
2026-07-17 12:12:00+05:30,117.0,119.65,116.3,118.55,318565,6704100,8.674751,24275.9,24250.0,24100,ATM-1,CALL,24150,2026-07-17
2026-07-17 12:13:00+05:30,146.2,147.95,141.75,143.05,264615,8847930,8.293283,24270.5,24200.0,24100,ATM-1,CALL,24150,2026-07-17
2026-07-17 12:14:00+05:30,115.9,120.4,115.8,119.25,365820,6757400,8.707968,24276.55,24250.0,24100,ATM-1,CALL,24150,2026-07-17
2026-07-17 12:15:00+05:30,120.15,120.9,118.95,120.9,370695,6831435,8.636618,24280.5,24250.0,24100,ATM-1,CALL,24150,2026-07-17
2026-07-17 12:16:00+05:30,148.2,148.95,141.5,142.6,453700,8835320,7.964011,24274.3,24200.0,24100,ATM-1,CALL,24150,2026-07-17
2026-07-17 12:17:00+05:30,142.85,143.2,138.8,142.8,554125,8874450,8.144822,24272.2,24200.0,24100,ATM-1,CALL,24150,2026-07-17
2026-07-17 12:18:00+05:30,115.9,119.65,115.0,119.6,426140,6753240,8.800503,24275.65,24250.0,24100,ATM-1,CALL,24150,2026-07-17
2026-07-17 12:19:00+05:30,118.6,119.7,116.8,116.8,267410,6778330,8.533633,24275.45,24250.0,24100,ATM-1,CALL,24150,2026-07-17
2026-07-17 12:20:00+05:30,116.85,120.0,116.8,119.8,283140,6793085,8.515814,24280.75,24250.0,24100,ATM-1,CALL,24150,2026-07-17
2026-07-17 12:21:00+05:30,119.0,119.8,116.75,117.6,296270,6771245,8.371664,24279.5,24250.0,24100,ATM-1,CALL,24150,2026-07-17
2026-07-17 12:22:00+05:30,144.6,144.6,141.8,144.35,357825,8788520,8.340397,24271.9,24200.0,24100,ATM-1,CALL,24150,2026-07-17
2026-07-17 12:23:00+05:30,117.95,122.55,117.55,121.4,650520,6607120,8.66149,24281.05,24250.0,24100,ATM-1,CALL,24150,2026-07-17
2026-07-17 12:24:00+05:30,121.8,122.9,120.15,121.8,445510,6607120,8.66009,24281.75,24250.0,24100,ATM-1,CALL,24150,2026-07-17
2026-07-17 12:25:00+05:30,122.0,127.45,121.75,122.85,1576835,6615310,8.950803,24278.7,24250.0,24100,ATM-1,CALL,24150,2026-07-17
2026-07-17 12:26:00+05:30,123.2,124.25,120.3,120.6,878085,6870175,8.810334,24277.3,24250.0,24100,ATM-1,CALL,24150,2026-07-17
2026-07-17 12:27:00+05:30,120.95,124.4,120.6,122.0,320645,6652360,8.876719,24278.55,24250.0,24100,ATM-1,CALL,24150,2026-07-17
2026-07-17 12:28:00+05:30,122.1,125.0,121.2,122.35,670410,6675370,8.951657,24277.9,24250.0,24100,ATM-1,CALL,24150,2026-07-17
2026-07-17 12:29:00+05:30,122.35,122.9,119.5,121.05,288665,6932250,8.837504,24277.65,24250.0,24100,ATM-1,CALL,24150,2026-07-17
2026-07-17 12:30:00+05:30,148.25,148.25,145.35,147.1,260000,8671130,8.451357,24274.55,24200.0,24100,ATM-1,CALL,24150,2026-07-17
2026-07-17 12:31:00+05:30,120.3,121.95,119.0,121.75,315380,6906380,8.942404,24277.1,24250.0,24100,ATM-1,CALL,24150,2026-07-17
2026-07-17 12:32:00+05:30,149.55,150.75,146.6,146.65,215670,8638500,8.463746,24273.75,24200.0,24100,ATM-1,CALL,24150,2026-07-17
2026-07-17 12:33:00+05:30,119.65,122.6,119.3,122.2,236080,6866860,8.788444,24280.45,24250.0,24100,ATM-1,CALL,24150,2026-07-17
2026-07-17 12:34:00+05:30,122.5,124.5,122.2,122.25,435565,6867250,8.752028,24281.15,24250.0,24100,ATM-1,CALL,24150,2026-07-17
2026-07-17 12:35:00+05:30,122.2,123.45,121.5,121.55,192855,6864000,8.673464,24281.3,24250.0,24100,ATM-1,CALL,24150,2026-07-17
2026-07-17 12:36:00+05:30,122.2,123.1,121.25,121.7,175500,6872190,8.668232,24281.65,24250.0,24100,ATM-1,CALL,24150,2026-07-17
2026-07-17 12:37:00+05:30,121.85,122.9,119.35,119.4,210730,6869460,8.604934,24278.9,24250.0,24100,ATM-1,CALL,24150,2026-07-17
2026-07-17 12:38:00+05:30,118.95,120.45,117.05,119.3,496665,6858280,8.62006,24278.5,24250.0,24100,ATM-1,CALL,24150,2026-07-17
2026-07-17 12:39:00+05:30,119.75,120.4,117.9,118.95,205725,6813625,8.631128,24277.75,24250.0,24100,ATM-1,CALL,24150,2026-07-17
2026-07-17 12:40:00+05:30,146.35,147.0,141.6,141.7,358800,8639800,8.461914,24266.55,24200.0,24100,ATM-1,CALL,24150,2026-07-17
2026-07-17 12:41:00+05:30,141.65,144.0,138.3,144.0,635375,8629855,8.529942,24269.05,24200.0,24100,ATM-1,CALL,24150,2026-07-17
2026-07-17 12:42:00+05:30,117.25,120.9,116.9,120.8,802815,6715995,8.674991,24280.15,24250.0,24100,ATM-1,CALL,24150,2026-07-17
2026-07-17 12:43:00+05:30,149.3,149.3,143.75,144.8,357500,8600735,8.180263,24275.0,24200.0,24100,ATM-1,CALL,24150,2026-07-17
2026-07-17 12:44:00+05:30,117.75,120.55,117.55,119.6,234130,6749470,8.743373,24277.05,24250.0,24100,ATM-1,CALL,24150,2026-07-17
2026-07-17 12:45:00+05:30,120.65,126.0,119.6,125.35,1233440,6760650,8.93228,24283.5,24250.0,24100,ATM-1,CALL,24150,2026-07-17
2026-07-17 12:46:00+05:30,124.75,125.35,121.9,123.2,376610,6955520,8.792915,24282.25,24250.0,24100,ATM-1,CALL,24150,2026-07-17
2026-07-17 12:47:00+05:30,122.8,124.9,122.65,124.5,290160,6965595,8.660169,24286.55,24250.0,24100,ATM-1,CALL,24150,2026-07-17
2026-07-17 12:48:00+05:30,124.6,127.0,123.35,126.8,606775,6968520,8.850833,24287.25,24250.0,24100,ATM-1,CALL,24150,2026-07-17
2026-07-17 12:49:00+05:30,128.7,137.2,126.8,133.65,2452320,6890260,9.124675,24294.0,24250.0,24100,ATM-1,CALL,24150,2026-07-17
2026-07-17 12:50:00+05:30,132.3,133.65,122.6,122.6,2080520,6651515,8.653629,24283.6,24250.0,24100,ATM-1,CALL,24150,2026-07-17
2026-07-17 12:51:00+05:30,121.8,123.9,120.4,123.25,804310,6657560,8.857875,24281.35,24250.0,24100,ATM-1,CALL,24150,2026-07-17
2026-07-17 12:52:00+05:30,123.3,123.45,120.3,120.3,412490,6698120,8.659048,24279.75,24250.0,24100,ATM-1,CALL,24150,2026-07-17
2026-07-17 12:53:00+05:30,147.75,148.35,143.1,144.5,603070,8591505,8.344677,24272.5,24200.0,24100,ATM-1,CALL,24150,2026-07-17
2026-07-17 12:54:00+05:30,143.9,144.75,141.45,142.55,378560,8585135,8.027691,24273.9,24200.0,24100,ATM-1,CALL,24150,2026-07-17
2026-07-17 12:55:00+05:30,143.0,146.65,140.85,141.05,520325,8606780,8.067544,24271.2,24200.0,24100,ATM-1,CALL,24150,2026-07-17
2026-07-17 12:56:00+05:30,141.1,145.25,141.05,145.0,245115,8632845,8.249557,24274.55,24200.0,24100,ATM-1,CALL,24150,2026-07-17
2026-07-17 12:57:00+05:30,117.85,122.5,117.65,120.35,707330,6716905,8.632658,24280.35,24250.0,24100,ATM-1,CALL,24150,2026-07-17
2026-07-17 12:58:00+05:30,120.35,122.0,118.25,118.7,375830,6712355,8.552534,24278.95,24250.0,24100,ATM-1,CALL,24150,2026-07-17
2026-07-17 12:59:00+05:30,119.6,122.85,118.7,122.2,349700,6743490,8.640783,24283.3,24250.0,24100,ATM-1,CALL,24150,2026-07-17
2026-07-17 13:00:00+05:30,123.4,124.8,120.9,121.7,460785,6750900,8.622016,24282.8,24250.0,24100,ATM-1,CALL,24150,2026-07-17
2026-07-17 13:01:00+05:30,122.15,125.4,121.6,122.65,566150,6757790,8.660598,24283.75,24250.0,24100,ATM-1,CALL,24150,2026-07-17
2026-07-17 13:02:00+05:30,122.6,122.75,119.0,119.1,367055,6892795,8.615002,24278.65,24250.0,24100,ATM-1,CALL,24150,2026-07-17
2026-07-17 13:03:00+05:30,119.0,120.7,117.4,119.0,449540,6893705,8.481092,24280.7,24250.0,24100,ATM-1,CALL,24150,2026-07-17
2026-07-17 13:04:00+05:30,119.45,121.45,119.0,119.6,219700,6950905,8.594546,24279.85,24250.0,24100,ATM-1,CALL,24150,2026-07-17
2026-07-17 13:05:00+05:30,119.55,119.7,117.65,119.05,226980,6965595,8.463605,24281.1,24250.0,24100,ATM-1,CALL,24150,2026-07-17
2026-07-17 13:06:00+05:30,118.95,120.6,118.3,120.3,195455,6974760,8.415059,24283.95,24250.0,24100,ATM-1,CALL,24150,2026-07-17
2026-07-17 13:07:00+05:30,120.3,122.05,115.85,115.9,472420,7006740,8.430929,24276.45,24250.0,24100,ATM-1,CALL,24150,2026-07-17
2026-07-17 13:08:00+05:30,117.3,118.85,115.9,117.75,235170,7008235,8.417968,24279.75,24250.0,24100,ATM-1,CALL,24150,2026-07-17
2026-07-17 13:09:00+05:30,117.4,118.65,116.65,116.95,155675,7054645,8.444863,24278.0,24250.0,24100,ATM-1,CALL,24150,2026-07-17
2026-07-17 13:10:00+05:30,117.0,118.7,116.95,117.9,179335,7075510,8.45038,24279.5,24250.0,24100,ATM-1,CALL,24150,2026-07-17
2026-07-17 13:11:00+05:30,118.2,119.7,117.2,118.0,348595,7096570,8.47367,24279.3,24250.0,24100,ATM-1,CALL,24150,2026-07-17
2026-07-17 13:12:00+05:30,117.55,118.3,114.8,114.8,377130,7287280,8.270561,24277.35,24250.0,24100,ATM-1,CALL,24150,2026-07-17
2026-07-17 13:13:00+05:30,114.95,117.75,114.9,117.65,251615,7283965,8.612874,24276.45,24250.0,24100,ATM-1,CALL,24150,2026-07-17
2026-07-17 13:14:00+05:30,118.1,120.0,117.1,118.2,310895,7296315,8.296889,24282.55,24250.0,24100,ATM-1,CALL,24150,2026-07-17
2026-07-17 13:15:00+05:30,145.25,146.2,136.75,139.4,746135,8848060,7.854117,24271.9,24200.0,24100,ATM-1,CALL,24150,2026-07-17
2026-07-17 13:16:00+05:30,139.2,141.0,138.55,140.0,314405,8830510,7.852743,24272.8,24200.0,24100,ATM-1,CALL,24150,2026-07-17
2026-07-17 13:17:00+05:30,113.25,114.7,112.05,114.5,331695,7301775,8.363245,24275.4,24250.0,24100,ATM-1,CALL,24150,2026-07-17
2026-07-17 13:18:00+05:30,141.35,143.8,139.35,141.6,510185,8854560,8.050045,24272.55,24200.0,24100,ATM-1,CALL,24150,2026-07-17
2026-07-17 13:19:00+05:30,141.05,141.6,138.2,139.05,208845,8926255,7.630359,24274.35,24200.0,24100,ATM-1,CALL,24150,2026-07-17
2026-07-17 13:20:00+05:30,112.15,115.2,112.15,113.45,276380,7454265,8.145143,24277.3,24250.0,24100,ATM-1,CALL,24150,2026-07-17
2026-07-17 13:21:00+05:30,113.5,114.1,111.55,111.65,271765,7477145,7.954908,24277.45,24250.0,24100,ATM-1,CALL,24150,2026-07-17
2026-07-17 13:22:00+05:30,139.7,140.0,138.15,139.3,144885,8900060,7.661323,24274.35,24200.0,24100,ATM-1,CALL,24150,2026-07-17
2026-07-17 13:23:00+05:30,139.25,140.55,136.5,136.65,249470,8907925,7.775437,24269.05,24200.0,24100,ATM-1,CALL,24150,2026-07-17
2026-07-17 13:24:00+05:30,137.7,139.25,133.45,133.9,653900,8909355,7.670291,24266.45,24200.0,24100,ATM-1,CALL,24150,2026-07-17
2026-07-17 13:25:00+05:30,133.7,138.1,130.7,138.1,657150,8902465,7.966235,24268.65,24200.0,24100,ATM-1,CALL,24150,2026-07-17
2026-07-17 13:26:00+05:30,138.75,138.75,133.4,134.35,387400,8917935,7.829176,24265.0,24200.0,24100,ATM-1,CALL,24150,2026-07-17
2026-07-17 13:27:00+05:30,134.0,134.7,131.15,131.15,286780,8913970,7.714284,24261.85,24200.0,24100,ATM-1,CALL,24150,2026-07-17
2026-07-17 13:28:00+05:30,131.85,133.2,130.5,132.55,395590,8907535,7.953078,24260.65,24200.0,24100,ATM-1,CALL,24150,2026-07-17
2026-07-17 13:29:00+05:30,132.35,137.0,132.25,134.25,443235,8919560,7.649755,24267.3,24200.0,24100,ATM-1,CALL,24150,2026-07-17
2026-07-17 13:30:00+05:30,134.3,136.5,134.05,135.9,296270,8935355,7.646668,24269.75,24200.0,24100,ATM-1,CALL,24150,2026-07-17
2026-07-17 13:31:00+05:30,136.9,139.5,134.55,135.2,521430,8956155,7.699575,24268.05,24200.0,24100,ATM-1,CALL,24150,2026-07-17
2026-07-17 13:32:00+05:30,135.5,136.25,132.05,134.95,258245,8983780,7.789408,24266.5,24200.0,24100,ATM-1,CALL,24150,2026-07-17
2026-07-17 13:33:00+05:30,134.0,134.95,131.55,133.7,203320,8991125,7.842839,24263.95,24200.0,24100,ATM-1,CALL,24150,2026-07-17
2026-07-17 13:34:00+05:30,133.5,135.7,132.05,135.2,222105,8995350,7.878009,24265.7,24200.0,24100,ATM-1,CALL,24150,2026-07-17
2026-07-17 13:35:00+05:30,135.5,138.0,135.2,136.3,320255,9004580,7.857966,24267.6,24200.0,24100,ATM-1,CALL,24150,2026-07-17
2026-07-17 13:36:00+05:30,136.9,140.7,136.3,136.9,532415,9003865,7.75929,24269.8,24200.0,24100,ATM-1,CALL,24150,2026-07-17
2026-07-17 13:37:00+05:30,136.65,138.55,132.1,132.5,437125,9011925,7.660798,24264.7,24200.0,24100,ATM-1,CALL,24150,2026-07-17
2026-07-17 13:38:00+05:30,133.2,134.05,131.6,132.0,326755,9048845,7.524522,24265.8,24200.0,24100,ATM-1,CALL,24150,2026-07-17
2026-07-17 13:39:00+05:30,132.35,135.15,132.0,133.9,251680,9054370,7.452985,24269.5,24200.0,24100,ATM-1,CALL,24150,2026-07-17
2026-07-17 13:40:00+05:30,133.65,133.9,126.25,127.7,915915,9063405,7.616059,24258.25,24200.0,24100,ATM-1,CALL,24150,2026-07-17
2026-07-17 13:41:00+05:30,128.35,129.4,123.45,129.2,996580,9049170,8.032515,24254.65,24200.0,24100,ATM-1,CALL,24150,2026-07-17
2026-07-17 13:42:00+05:30,129.4,129.4,123.4,125.5,502970,9046115,7.88081,24251.2,24200.0,24100,ATM-1,CALL,24150,2026-07-17
2026-07-17 13:43:00+05:30,125.0,125.5,122.6,125.45,491270,9081540,8.070878,24248.35,24200.0,24100,ATM-1,CALL,24150,2026-07-17
2026-07-17 13:44:00+05:30,125.15,127.1,122.15,125.75,600210,9108125,7.696576,24254.25,24200.0,24100,ATM-1,CALL,24150,2026-07-17
2026-07-17 13:45:00+05:30,124.85,126.4,123.0,125.25,457795,9185150,7.774113,24252.4,24200.0,24100,ATM-1,CALL,24150,2026-07-17
2026-07-17 13:46:00+05:30,125.1,126.05,118.15,118.25,1018810,9218950,7.538424,24245.1,24200.0,24100,ATM-1,CALL,24150,2026-07-17
2026-07-17 13:47:00+05:30,118.65,119.2,113.5,116.4,1562080,9242285,7.773078,24238.7,24200.0,24100,ATM-1,CALL,24150,2026-07-17
2026-07-17 13:48:00+05:30,116.05,119.2,115.2,118.5,886795,9320155,7.433008,24247.05,24200.0,24100,ATM-1,CALL,24150,2026-07-17
2026-07-17 13:49:00+05:30,118.8,119.4,115.25,115.45,707200,9358960,7.594137,24239.95,24200.0,24100,ATM-1,CALL,24150,2026-07-17
2026-07-17 13:50:00+05:30,114.95,116.25,111.7,113.2,1268670,9469005,8.18462,24227.05,24200.0,24100,ATM-1,CALL,24150,2026-07-17
2026-07-17 13:51:00+05:30,140.0,140.7,131.2,134.4,613665,4487860,7.809603,24215.95,24150.0,24100,ATM-1,CALL,24150,2026-07-17
2026-07-17 13:52:00+05:30,134.4,138.15,134.4,135.95,353665,4528160,7.492717,24222.35,24150.0,24100,ATM-1,CALL,24150,2026-07-17
2026-07-17 13:53:00+05:30,109.6,111.5,109.15,110.85,757835,10037170,7.812299,24229.25,24200.0,24100,ATM-1,CALL,24150,2026-07-17
2026-07-17 13:54:00+05:30,111.25,113.45,110.0,112.8,884455,10157225,7.83975,24232.0,24200.0,24100,ATM-1,CALL,24150,2026-07-17
2026-07-17 13:55:00+05:30,111.95,115.7,110.4,114.6,1113320,10152935,7.737761,24236.5,24200.0,24100,ATM-1,CALL,24150,2026-07-17
2026-07-17 13:56:00+05:30,114.65,114.65,111.15,113.25,848380,10172500,7.840283,24232.75,24200.0,24100,ATM-1,CALL,24150,2026-07-17
2026-07-17 13:57:00+05:30,113.6,115.5,113.25,114.6,738270,10093135,7.919438,24233.7,24200.0,24100,ATM-1,CALL,24150,2026-07-17
2026-07-17 13:58:00+05:30,115.45,117.6,113.85,116.75,836225,10061740,7.89149,24237.6,24200.0,24100,ATM-1,CALL,24150,2026-07-17
2026-07-17 13:59:00+05:30,116.9,128.0,116.7,126.2,2494960,9920495,8.046924,24250.1,24200.0,24100,ATM-1,CALL,24150,2026-07-17
2026-07-17 14:00:00+05:30,124.75,126.7,122.5,125.05,1270685,9842365,8.015396,24248.8,24200.0,24100,ATM-1,CALL,24150,2026-07-17
2026-07-17 14:01:00+05:30,124.85,125.8,122.05,124.15,792220,9848540,8.057013,24246.8,24200.0,24100,ATM-1,CALL,24150,2026-07-17
2026-07-17 14:02:00+05:30,123.6,124.15,119.7,121.4,710060,9787375,7.984417,24243.6,24200.0,24100,ATM-1,CALL,24150,2026-07-17
2026-07-17 14:03:00+05:30,121.7,124.15,120.85,124.15,455585,9794200,8.095864,24246.25,24200.0,24100,ATM-1,CALL,24150,2026-07-17
2026-07-17 14:04:00+05:30,124.7,127.4,124.15,125.1,965770,9789065,7.918813,24250.35,24200.0,24100,ATM-1,CALL,24150,2026-07-17
2026-07-17 14:05:00+05:30,125.4,129.05,125.1,127.35,1167140,9817730,7.856271,24254.7,24200.0,24100,ATM-1,CALL,24150,2026-07-17
2026-07-17 14:06:00+05:30,127.1,128.05,123.6,123.6,779415,9796085,7.810429,24249.65,24200.0,24100,ATM-1,CALL,24150,2026-07-17
2026-07-17 14:07:00+05:30,123.3,125.55,122.8,125.55,516490,9711325,7.921192,24251.05,24200.0,24100,ATM-1,CALL,24150,2026-07-17
2026-07-17 14:08:00+05:30,125.4,126.65,122.4,123.7,430365,9714445,7.722646,24251.1,24200.0,24100,ATM-1,CALL,24150,2026-07-17
2026-07-17 14:09:00+05:30,123.95,126.0,123.7,125.25,273780,9738560,7.759275,24252.95,24200.0,24100,ATM-1,CALL,24150,2026-07-17
2026-07-17 14:10:00+05:30,125.35,127.1,125.0,126.8,417105,9728940,7.851774,24254.0,24200.0,24100,ATM-1,CALL,24150,2026-07-17
2026-07-17 14:11:00+05:30,127.4,133.85,126.8,133.85,1562795,9674665,7.801434,24265.25,24200.0,24100,ATM-1,CALL,24150,2026-07-17
2026-07-17 14:12:00+05:30,133.5,138.9,133.15,137.0,1683240,9608950,7.668822,24271.6,24200.0,24100,ATM-1,CALL,24150,2026-07-17
2026-07-17 14:13:00+05:30,110.25,119.35,110.25,117.1,2394730,8482305,8.569674,24277.25,24250.0,24100,ATM-1,CALL,24150,2026-07-17
2026-07-17 14:14:00+05:30,117.3,123.15,116.6,122.7,2181920,8155550,8.936939,24280.55,24250.0,24100,ATM-1,CALL,24150,2026-07-17
2026-07-17 14:15:00+05:30,98.15,142.75,98.1,142.35,9202895,11103690,9.9947,24345.4,24300.0,24100,ATM-1,CALL,24150,2026-07-17
2026-07-17 14:16:00+05:30,144.25,161.55,133.55,159.6,8515585,9728875,10.64796,24362.9,24300.0,24100,ATM-1,CALL,24150,2026-07-17
2026-07-17 14:17:00+05:30,159.7,163.6,144.15,145.4,3393780,8582470,10.179586,24347.45,24300.0,24100,ATM-1,CALL,24150,2026-07-17
2026-07-17 14:18:00+05:30,146.45,146.45,132.15,132.85,2444325,8496345,9.813658,24332.7,24300.0,24100,ATM-1,CALL,24150,2026-07-17
2026-07-17 14:19:00+05:30,161.25,163.75,144.55,144.55,1075360,4858165,9.40648,24308.45,24250.0,24100,ATM-1,CALL,24150,2026-07-17
2026-07-17 14:20:00+05:30,145.9,152.85,144.55,145.1,1010750,4869475,9.173912,24312.75,24250.0,24100,ATM-1,CALL,24150,2026-07-17
2026-07-17 14:21:00+05:30,146.0,149.35,141.05,142.4,874380,4897815,9.12284,24309.35,24250.0,24100,ATM-1,CALL,24150,2026-07-17
2026-07-17 14:22:00+05:30,142.3,142.4,134.8,134.8,814060,4956900,8.892271,24300.95,24250.0,24100,ATM-1,CALL,24150,2026-07-17
2026-07-17 14:23:00+05:30,133.1,136.25,130.75,130.75,646490,5017025,9.010407,24292.7,24250.0,24100,ATM-1,CALL,24150,2026-07-17
2026-07-17 14:24:00+05:30,131.6,134.25,130.0,133.4,539500,5063890,8.923324,24298.3,24250.0,24100,ATM-1,CALL,24150,2026-07-17
2026-07-17 14:25:00+05:30,134.15,143.4,132.1,141.0,1181895,5151055,9.118934,24307.3,24250.0,24100,ATM-1,CALL,24150,2026-07-17
2026-07-17 14:26:00+05:30,141.9,147.4,141.0,145.7,1001130,5147480,9.346094,24311.25,24250.0,24100,ATM-1,CALL,24150,2026-07-17
2026-07-17 14:27:00+05:30,144.55,146.95,142.9,145.15,440700,5137990,9.309779,24310.95,24250.0,24100,ATM-1,CALL,24150,2026-07-17
2026-07-17 14:28:00+05:30,147.4,150.7,144.8,146.2,769210,5034250,9.518691,24309.5,24250.0,24100,ATM-1,CALL,24150,2026-07-17
2026-07-17 14:29:00+05:30,145.65,146.2,127.75,130.1,1375920,4927130,9.283582,24287.4,24250.0,24100,ATM-1,CALL,24150,2026-07-17
2026-07-17 14:30:00+05:30,130.2,141.15,130.0,140.35,881465,4878185,9.233681,24304.65,24250.0,24100,ATM-1,CALL,24150,2026-07-17
2026-07-17 14:31:00+05:30,140.35,141.35,134.6,135.8,485160,4882735,9.048709,24300.3,24250.0,24100,ATM-1,CALL,24150,2026-07-17
2026-07-17 14:32:00+05:30,135.25,137.95,132.15,134.65,380510,4903600,9.005858,24299.15,24250.0,24100,ATM-1,CALL,24150,2026-07-17
2026-07-17 14:33:00+05:30,133.8,136.9,133.0,135.85,257205,4906850,9.363597,24295.55,24250.0,24100,ATM-1,CALL,24150,2026-07-17
2026-07-17 14:34:00+05:30,135.2,139.1,134.7,137.2,296270,4899960,9.346545,24298.0,24250.0,24100,ATM-1,CALL,24150,2026-07-17
2026-07-17 14:35:00+05:30,137.65,138.65,136.05,136.4,253890,4905030,9.222947,24298.65,24250.0,24100,ATM-1,CALL,24150,2026-07-17
2026-07-17 14:36:00+05:30,136.5,136.5,131.25,134.1,377975,4910295,9.333418,24293.25,24250.0,24100,ATM-1,CALL,24150,2026-07-17
2026-07-17 14:37:00+05:30,133.4,136.0,132.0,133.95,276250,4922320,9.33179,24293.05,24250.0,24100,ATM-1,CALL,24150,2026-07-17
2026-07-17 14:38:00+05:30,133.3,138.55,130.9,136.5,456170,4925960,9.21708,24298.95,24250.0,24100,ATM-1,CALL,24150,2026-07-17
2026-07-17 14:39:00+05:30,136.2,137.05,134.35,137.0,192855,4967430,9.337851,24297.9,24250.0,24100,ATM-1,CALL,24150,2026-07-17
2026-07-17 14:40:00+05:30,136.95,140.0,136.8,137.6,479180,4973215,9.133638,24302.0,24250.0,24100,ATM-1,CALL,24150,2026-07-17
2026-07-17 14:41:00+05:30,137.3,145.5,135.95,145.5,728650,4953845,9.300936,24311.85,24250.0,24100,ATM-1,CALL,24150,2026-07-17
2026-07-17 14:42:00+05:30,144.95,145.5,140.2,143.85,582335,4889235,9.227061,24310.4,24250.0,24100,ATM-1,CALL,24150,2026-07-17
2026-07-17 14:43:00+05:30,144.0,148.75,142.75,143.95,737360,4839120,9.122445,24312.1,24250.0,24100,ATM-1,CALL,24150,2026-07-17
2026-07-17 14:44:00+05:30,144.25,150.8,143.7,148.45,534950,4808115,9.215796,24317.65,24250.0,24100,ATM-1,CALL,24150,2026-07-17
2026-07-17 14:45:00+05:30,148.85,149.45,146.0,147.5,449670,4755010,8.98453,24319.5,24250.0,24100,ATM-1,CALL,24150,2026-07-17
2026-07-17 14:46:00+05:30,119.55,124.2,117.25,123.3,1620645,9811880,9.33909,24325.05,24300.0,24100,ATM-1,CALL,24150,2026-07-17
2026-07-17 14:47:00+05:30,150.35,151.85,147.7,148.6,300365,4638725,8.954507,24321.6,24250.0,24100,ATM-1,CALL,24150,2026-07-17
2026-07-17 14:48:00+05:30,148.7,149.4,144.65,149.4,394680,4563585,9.138262,24320.25,24250.0,24100,ATM-1,CALL,24150,2026-07-17
2026-07-17 14:49:00+05:30,148.4,150.5,147.25,147.7,305500,4545970,8.684076,24324.0,24250.0,24100,ATM-1,CALL,24150,2026-07-17
2026-07-17 14:50:00+05:30,147.3,149.0,143.3,146.25,474760,4508920,8.819667,24320.0,24250.0,24100,ATM-1,CALL,24150,2026-07-17
2026-07-17 14:51:00+05:30,146.5,149.0,143.0,144.25,281775,4482270,8.8169,24317.05,24250.0,24100,ATM-1,CALL,24150,2026-07-17
2026-07-17 14:52:00+05:30,144.2,147.0,144.2,145.55,197730,4455360,8.775166,24319.6,24250.0,24100,ATM-1,CALL,24150,2026-07-17
2026-07-17 14:53:00+05:30,144.9,145.55,140.25,144.2,584415,4372680,8.564757,24320.5,24250.0,24100,ATM-1,CALL,24150,2026-07-17
2026-07-17 14:54:00+05:30,144.3,144.9,140.7,144.45,173095,4345900,8.560042,24320.95,24250.0,24100,ATM-1,CALL,24150,2026-07-17
2026-07-17 14:55:00+05:30,117.15,121.55,115.95,121.55,1153685,9668815,9.032332,24327.4,24300.0,24100,ATM-1,CALL,24150,2026-07-17
2026-07-17 14:56:00+05:30,151.2,154.4,144.65,147.4,873925,4307615,8.592136,24324.9,24250.0,24100,ATM-1,CALL,24150,2026-07-17
2026-07-17 14:57:00+05:30,147.65,148.6,144.2,145.35,242970,4302025,8.613466,24321.6,24250.0,24100,ATM-1,CALL,24150,2026-07-17
2026-07-17 14:58:00+05:30,146.1,146.1,141.55,144.0,259480,4298385,8.882836,24315.85,24250.0,24100,ATM-1,CALL,24150,2026-07-17
2026-07-17 14:59:00+05:30,144.2,145.3,139.4,140.55,392990,4254315,8.803578,24311.75,24250.0,24100,ATM-1,CALL,24150,2026-07-17
2026-07-17 15:00:00+05:30,140.95,150.85,135.05,147.9,1216150,4227470,8.739972,24323.7,24250.0,24100,ATM-1,CALL,24150,2026-07-17
2026-07-17 15:01:00+05:30,121.3,128.7,118.3,122.4,3420430,9769890,9.232007,24325.6,24300.0,24100,ATM-1,CALL,24150,2026-07-17
2026-07-17 15:02:00+05:30,149.5,150.75,144.6,147.75,290680,4110340,8.677803,24324.35,24250.0,24100,ATM-1,CALL,24150,2026-07-17
2026-07-17 15:03:00+05:30,146.7,148.9,142.25,143.2,233935,4094090,8.65243,24317.95,24250.0,24100,ATM-1,CALL,24150,2026-07-17
2026-07-17 15:04:00+05:30,141.25,145.95,141.0,145.1,260715,4067245,8.560689,24322.05,24250.0,24100,ATM-1,CALL,24150,2026-07-17
2026-07-17 15:05:00+05:30,117.65,122.75,117.35,122.35,1106235,9196395,9.114738,24327.55,24300.0,24100,ATM-1,CALL,24150,2026-07-17
2026-07-17 15:06:00+05:30,122.7,124.95,121.2,122.7,900120,9100260,8.991069,24330.2,24300.0,24100,ATM-1,CALL,24150,2026-07-17
2026-07-17 15:07:00+05:30,122.95,125.95,122.0,124.2,1114360,8920730,8.892887,24334.3,24300.0,24100,ATM-1,CALL,24150,2026-07-17
2026-07-17 15:08:00+05:30,125.1,125.1,120.5,121.2,1091415,8877050,8.724294,24332.1,24300.0,24100,ATM-1,CALL,24150,2026-07-17
2026-07-17 15:09:00+05:30,120.15,122.9,118.6,122.0,727090,8653385,8.71711,24333.55,24300.0,24100,ATM-1,CALL,24150,2026-07-17
2026-07-17 15:10:00+05:30,121.45,122.15,119.0,120.8,547950,8646365,8.707228,24331.75,24300.0,24100,ATM-1,CALL,24150,2026-07-17
2026-07-17 15:11:00+05:30,121.0,122.4,120.5,121.75,453960,8558940,8.774179,24332.25,24300.0,24100,ATM-1,CALL,24150,2026-07-17
2026-07-17 15:12:00+05:30,121.65,125.5,121.55,123.3,874770,8449220,8.696995,24336.05,24300.0,24100,ATM-1,CALL,24150,2026-07-17
2026-07-17 15:13:00+05:30,123.0,123.3,120.3,121.8,711945,8376030,8.616611,24334.9,24300.0,24100,ATM-1,CALL,24150,2026-07-17
2026-07-17 15:14:00+05:30,120.75,122.1,116.85,117.4,855075,8306805,8.549756,24328.75,24300.0,24100,ATM-1,CALL,24150,2026-07-17
2026-07-17 15:15:00+05:30,144.2,144.65,139.0,141.55,547495,3732300,8.046379,24323.85,24250.0,24100,ATM-1,CALL,24150,2026-07-17
2026-07-17 15:16:00+05:30,139.95,142.25,138.7,141.5,289575,3707600,8.114391,24322.9,24250.0,24100,ATM-1,CALL,24150,2026-07-17
2026-07-17 15:17:00+05:30,113.75,117.3,113.75,116.3,683475,7788300,8.635652,24325.55,24300.0,24100,ATM-1,CALL,24150,2026-07-17
2026-07-17 15:18:00+05:30,116.6,117.3,112.75,112.75,556400,7758270,8.07704,24328.8,24300.0,24100,ATM-1,CALL,24150,2026-07-17
2026-07-17 15:19:00+05:30,113.55,115.4,112.95,115.1,498745,7692100,8.305358,24329.0,24300.0,24100,ATM-1,CALL,24150,2026-07-17
2026-07-17 15:20:00+05:30,115.1,117.8,114.75,117.0,566995,7659080,8.254539,24332.95,24300.0,24100,ATM-1,CALL,24150,2026-07-17
2026-07-17 15:21:00+05:30,117.0,123.0,116.05,123.0,981240,7617675,8.856454,24333.15,24300.0,24100,ATM-1,CALL,24150,2026-07-17
2026-07-17 15:22:00+05:30,122.4,124.65,122.4,123.65,1193985,7432360,8.692951,24336.85,24300.0,24100,ATM-1,CALL,24150,2026-07-17
2026-07-17 15:23:00+05:30,124.0,128.65,123.65,127.85,1073995,7276100,9.055344,24337.95,24300.0,24100,ATM-1,CALL,24150,2026-07-17
2026-07-17 15:24:00+05:30,128.8,135.05,127.85,133.25,1552850,7148440,9.30459,24342.8,24300.0,24100,ATM-1,CALL,24150,2026-07-17
2026-07-17 15:25:00+05:30,133.95,139.85,133.25,137.45,1553045,6929000,9.597846,24345.0,24300.0,24100,ATM-1,CALL,24150,2026-07-17
2026-07-17 15:26:00+05:30,136.6,138.45,134.0,135.4,1163825,6839820,9.527591,24342.8,24300.0,24100,ATM-1,CALL,24150,2026-07-17
2026-07-17 15:27:00+05:30,134.85,137.75,134.8,136.85,583180,6751420,9.601781,24344.0,24300.0,24100,ATM-1,CALL,24150,2026-07-17
2026-07-17 15:28:00+05:30,136.65,140.7,136.4,139.05,959790,6517095,10.114348,24339.4,24300.0,24100,ATM-1,CALL,24150,2026-07-17
2026-07-17 15:29:00+05:30,139.65,143.45,138.5,141.1,1174290,6286345,9.869751,24346.7,24300.0,24100,ATM-1,CALL,24150,2026-07-17
2026-07-17 09:15:00+05:30,134.0,141.85,116.8,117.15,3889405,6149650,14.779306,24151.25,24100.0,24100,ATM-1,PUT,24150,2026-07-17
2026-07-17 09:16:00+05:30,113.55,117.15,104.9,104.9,3390660,7302815,14.357711,24171.0,24100.0,24100,ATM-1,PUT,24150,2026-07-17
2026-07-17 09:17:00+05:30,127.0,130.55,125.0,126.7,1927250,4557800,14.637524,24176.15,24150.0,24100,ATM-1,PUT,24150,2026-07-17
2026-07-17 09:18:00+05:30,126.1,126.7,120.0,120.1,1454505,5463120,14.471597,24187.4,24150.0,24100,ATM-1,PUT,24150,2026-07-17
2026-07-17 09:19:00+05:30,120.25,123.0,118.3,120.75,1470885,6213350,14.554781,24187.85,24150.0,24100,ATM-1,PUT,24150,2026-07-17
2026-07-17 09:20:00+05:30,121.05,121.05,116.3,119.3,1441375,6856265,14.410113,24187.75,24150.0,24100,ATM-1,PUT,24150,2026-07-17
2026-07-17 09:21:00+05:30,119.2,122.0,119.0,120.5,1055925,7441720,14.444557,24185.75,24150.0,24100,ATM-1,PUT,24150,2026-07-17
2026-07-17 09:22:00+05:30,120.3,122.0,118.8,119.5,988000,7840885,14.473284,24188.75,24150.0,24100,ATM-1,PUT,24150,2026-07-17
2026-07-17 09:23:00+05:30,119.1,121.45,118.9,121.2,656890,8148010,14.531548,24186.15,24150.0,24100,ATM-1,PUT,24150,2026-07-17
2026-07-17 09:24:00+05:30,120.8,121.4,117.1,117.7,797485,8418735,14.430145,24191.9,24150.0,24100,ATM-1,PUT,24150,2026-07-17
2026-07-17 09:25:00+05:30,117.5,117.9,114.4,115.65,1192295,8671715,14.516094,24198.85,24150.0,24100,ATM-1,PUT,24150,2026-07-17
2026-07-17 09:26:00+05:30,115.3,117.1,114.45,116.5,744250,8962460,14.639315,24199.8,24150.0,24100,ATM-1,PUT,24150,2026-07-17
2026-07-17 09:27:00+05:30,116.0,117.35,112.85,113.95,853970,9213945,14.513889,24202.85,24150.0,24100,ATM-1,PUT,24150,2026-07-17
2026-07-17 09:28:00+05:30,114.15,115.4,113.35,113.35,378560,9518665,14.534769,24204.8,24150.0,24100,ATM-1,PUT,24150,2026-07-17
2026-07-17 09:29:00+05:30,114.05,114.6,111.55,111.85,605800,9706970,14.597006,24210.0,24150.0,24100,ATM-1,PUT,24150,2026-07-17
2026-07-17 09:30:00+05:30,111.75,114.7,109.85,113.55,1220700,9856795,14.511964,24203.7,24150.0,24100,ATM-1,PUT,24150,2026-07-17
2026-07-17 09:31:00+05:30,113.6,116.7,112.9,116.35,929565,10198890,14.508842,24196.85,24150.0,24100,ATM-1,PUT,24150,2026-07-17
2026-07-17 09:32:00+05:30,115.95,117.95,112.85,113.15,889200,10406175,14.53523,24205.2,24150.0,24100,ATM-1,PUT,24150,2026-07-17
2026-07-17 09:33:00+05:30,112.6,113.85,109.75,110.5,649220,10522395,14.495633,24210.7,24150.0,24100,ATM-1,PUT,24150,2026-07-17
2026-07-17 09:34:00+05:30,110.3,114.45,108.35,113.65,914355,10653175,14.64301,24206.6,24150.0,24100,ATM-1,PUT,24150,2026-07-17
2026-07-17 09:35:00+05:30,113.2,113.7,112.2,113.15,505570,10817430,14.612858,24207.05,24150.0,24100,ATM-1,PUT,24150,2026-07-17
2026-07-17 09:36:00+05:30,112.4,114.7,111.6,111.6,476385,10982335,14.555318,24209.4,24150.0,24100,ATM-1,PUT,24150,2026-07-17
2026-07-17 09:37:00+05:30,111.0,112.3,108.7,108.7,484445,11074505,14.542001,24216.25,24150.0,24100,ATM-1,PUT,24150,2026-07-17
2026-07-17 09:38:00+05:30,108.05,109.25,106.8,107.8,790660,11175970,14.662329,24221.55,24150.0,24100,ATM-1,PUT,24150,2026-07-17
2026-07-17 09:39:00+05:30,107.25,109.4,106.55,109.2,525915,11278085,14.708169,24219.15,24150.0,24100,ATM-1,PUT,24150,2026-07-17
2026-07-17 09:40:00+05:30,109.25,109.8,107.3,108.7,353210,11404640,14.73427,24221.05,24150.0,24100,ATM-1,PUT,24150,2026-07-17
2026-07-17 09:41:00+05:30,108.2,109.5,107.7,109.3,270920,11503180,14.840148,24222.2,24150.0,24100,ATM-1,PUT,24150,2026-07-17
2026-07-17 09:42:00+05:30,108.6,109.3,107.0,107.6,405795,11608415,14.769763,24224.7,24150.0,24100,ATM-1,PUT,24150,2026-07-17
2026-07-17 09:43:00+05:30,129.6,130.2,127.35,128.2,1127035,15855450,14.738466,24225.15,24200.0,24100,ATM-1,PUT,24150,2026-07-17
2026-07-17 09:44:00+05:30,127.85,131.3,126.0,127.7,1256840,16081780,14.95317,24231.3,24200.0,24100,ATM-1,PUT,24150,2026-07-17
2026-07-17 09:45:00+05:30,126.95,127.7,122.2,125.6,2514070,16335150,14.885177,24234.5,24200.0,24100,ATM-1,PUT,24150,2026-07-17
2026-07-17 09:46:00+05:30,125.6,127.3,124.2,124.7,1061645,16866070,15.089628,24241.45,24200.0,24100,ATM-1,PUT,24150,2026-07-17
2026-07-17 09:47:00+05:30,124.4,126.9,122.8,126.75,1094015,17167280,15.077119,24236.35,24200.0,24100,ATM-1,PUT,24150,2026-07-17
2026-07-17 09:48:00+05:30,126.8,126.85,124.6,125.65,691925,17500340,15.126023,24240.05,24200.0,24100,ATM-1,PUT,24150,2026-07-17
2026-07-17 09:49:00+05:30,125.3,128.0,125.15,126.85,683995,17714450,15.109965,24236.85,24200.0,24100,ATM-1,PUT,24150,2026-07-17
2026-07-17 09:50:00+05:30,126.75,126.85,123.95,124.65,670605,17864730,15.161728,24243.2,24200.0,24100,ATM-1,PUT,24150,2026-07-17
2026-07-17 09:51:00+05:30,124.4,131.1,124.4,130.45,922350,18063240,15.125568,24228.9,24200.0,24100,ATM-1,PUT,24150,2026-07-17
2026-07-17 09:52:00+05:30,129.7,130.85,129.0,130.4,1431950,18183750,15.166544,24229.95,24200.0,24100,ATM-1,PUT,24150,2026-07-17
2026-07-17 09:53:00+05:30,130.1,130.75,128.05,128.05,840840,18424900,15.072801,24233.1,24200.0,24100,ATM-1,PUT,24150,2026-07-17
2026-07-17 09:54:00+05:30,127.95,128.7,124.45,126.2,908505,18520255,15.183887,24240.0,24200.0,24100,ATM-1,PUT,24150,2026-07-17
2026-07-17 09:55:00+05:30,126.45,131.0,126.2,130.1,1154660,18618405,15.15116,24230.2,24200.0,24100,ATM-1,PUT,24150,2026-07-17
2026-07-17 09:56:00+05:30,108.65,110.95,108.5,109.8,774085,12262770,14.940832,24223.1,24150.0,24100,ATM-1,PUT,24150,2026-07-17
2026-07-17 09:57:00+05:30,109.8,112.25,109.8,111.5,674765,12224680,14.963166,24219.35,24150.0,24100,ATM-1,PUT,24150,2026-07-17
2026-07-17 09:58:00+05:30,133.8,134.95,129.55,129.9,1387555,18600205,15.085789,24229.05,24200.0,24100,ATM-1,PUT,24150,2026-07-17
2026-07-17 09:59:00+05:30,129.55,131.25,128.7,129.1,737100,18418855,15.00049,24228.85,24200.0,24100,ATM-1,PUT,24150,2026-07-17
2026-07-17 10:00:00+05:30,106.4,112.1,105.0,111.35,687635,12237485,15.042273,24221.65,24150.0,24100,ATM-1,PUT,24150,2026-07-17
2026-07-17 10:01:00+05:30,111.65,115.1,109.35,113.75,703690,12247755,14.911718,24212.35,24150.0,24100,ATM-1,PUT,24150,2026-07-17
2026-07-17 10:02:00+05:30,113.15,113.8,112.0,112.1,501475,12089935,14.891014,24215.9,24150.0,24100,ATM-1,PUT,24150,2026-07-17
2026-07-17 10:03:00+05:30,112.55,113.0,111.4,111.4,387400,12108460,14.784736,24214.95,24150.0,24100,ATM-1,PUT,24150,2026-07-17
2026-07-17 10:04:00+05:30,111.3,113.45,111.15,112.8,369525,12121005,14.906714,24214.5,24150.0,24100,ATM-1,PUT,24150,2026-07-17
2026-07-17 10:05:00+05:30,112.0,113.2,108.65,109.6,492440,12112295,14.859444,24221.3,24150.0,24100,ATM-1,PUT,24150,2026-07-17
2026-07-17 10:06:00+05:30,109.9,110.25,107.75,110.25,387595,12112620,14.980396,24222.7,24150.0,24100,ATM-1,PUT,24150,2026-07-17
2026-07-17 10:07:00+05:30,132.85,133.55,131.55,131.9,533455,18686915,15.143877,24225.65,24200.0,24100,ATM-1,PUT,24150,2026-07-17
2026-07-17 10:08:00+05:30,131.55,133.5,130.5,130.5,463970,18730855,15.092523,24227.6,24200.0,24100,ATM-1,PUT,24150,2026-07-17
2026-07-17 10:09:00+05:30,130.05,130.5,127.2,129.95,1313780,18677620,15.225748,24231.95,24200.0,24100,ATM-1,PUT,24150,2026-07-17
2026-07-17 10:10:00+05:30,130.15,132.05,129.7,131.55,584935,18859295,15.327229,24230.65,24200.0,24100,ATM-1,PUT,24150,2026-07-17
2026-07-17 10:11:00+05:30,131.9,132.0,130.4,130.65,379795,18920005,15.351324,24233.25,24200.0,24100,ATM-1,PUT,24150,2026-07-17
2026-07-17 10:12:00+05:30,130.35,130.65,125.8,126.25,1210105,19001190,15.203534,24239.9,24200.0,24100,ATM-1,PUT,24150,2026-07-17
2026-07-17 10:13:00+05:30,126.3,126.5,124.1,126.3,1285895,18883475,15.468048,24246.1,24200.0,24100,ATM-1,PUT,24150,2026-07-17
2026-07-17 10:14:00+05:30,125.8,128.45,125.75,128.4,887510,19247865,15.41367,24239.85,24200.0,24100,ATM-1,PUT,24150,2026-07-17
2026-07-17 10:15:00+05:30,128.0,128.45,125.25,125.75,607750,19498310,15.399718,24245.7,24200.0,24100,ATM-1,PUT,24150,2026-07-17
2026-07-17 10:16:00+05:30,125.4,125.75,123.8,124.8,775775,19725875,15.367809,24247.15,24200.0,24100,ATM-1,PUT,24150,2026-07-17
2026-07-17 10:17:00+05:30,124.5,124.8,120.0,120.75,1840345,19972095,15.238479,24253.65,24200.0,24100,ATM-1,PUT,24150,2026-07-17
2026-07-17 10:18:00+05:30,121.7,121.85,111.05,112.6,3428230,19860815,15.267107,24274.45,24200.0,24100,ATM-1,PUT,24150,2026-07-17
2026-07-17 10:19:00+05:30,112.55,116.4,112.35,115.7,2349425,19666205,15.556821,24273.95,24200.0,24100,ATM-1,PUT,24150,2026-07-17
2026-07-17 10:20:00+05:30,115.8,118.0,113.85,117.95,1272505,19981520,15.494916,24266.75,24200.0,24100,ATM-1,PUT,24150,2026-07-17
2026-07-17 10:21:00+05:30,117.65,118.4,115.35,117.2,885495,20232485,15.48362,24268.3,24200.0,24100,ATM-1,PUT,24150,2026-07-17
2026-07-17 10:22:00+05:30,117.5,117.8,116.0,117.65,703105,20413835,15.315014,24262.95,24200.0,24100,ATM-1,PUT,24150,2026-07-17
2026-07-17 10:23:00+05:30,117.85,119.35,117.6,118.9,892645,20601360,15.272097,24258.8,24200.0,24100,ATM-1,PUT,24150,2026-07-17
2026-07-17 10:24:00+05:30,118.25,119.6,118.2,118.55,591370,20649070,15.10875,24255.6,24200.0,24100,ATM-1,PUT,24150,2026-07-17
2026-07-17 10:25:00+05:30,117.75,119.4,116.75,117.1,756080,20726160,15.301996,24263.9,24200.0,24100,ATM-1,PUT,24150,2026-07-17
2026-07-17 10:26:00+05:30,117.15,118.35,116.9,117.3,413400,20716605,15.397047,24265.75,24200.0,24100,ATM-1,PUT,24150,2026-07-17
2026-07-17 10:27:00+05:30,117.3,117.75,115.4,117.1,499200,20645495,15.454299,24267.65,24200.0,24100,ATM-1,PUT,24150,2026-07-17
2026-07-17 10:28:00+05:30,116.55,117.1,114.2,114.85,638495,20694570,15.456461,24273.3,24200.0,24100,ATM-1,PUT,24150,2026-07-17
2026-07-17 10:29:00+05:30,136.8,136.8,133.0,133.2,702520,8189025,15.517242,24281.55,24250.0,24100,ATM-1,PUT,24150,2026-07-17
2026-07-17 10:30:00+05:30,133.4,135.2,133.1,133.6,620750,8377330,15.465382,24279.4,24250.0,24100,ATM-1,PUT,24150,2026-07-17
2026-07-17 10:31:00+05:30,133.25,133.6,132.1,132.75,447200,8571420,15.54161,24283.1,24250.0,24100,ATM-1,PUT,24150,2026-07-17
2026-07-17 10:32:00+05:30,132.55,133.45,130.3,132.8,568685,8693035,15.63674,24285.2,24250.0,24100,ATM-1,PUT,24150,2026-07-17
2026-07-17 10:33:00+05:30,133.35,136.7,132.8,135.5,727220,8756670,15.664133,24279.65,24250.0,24100,ATM-1,PUT,24150,2026-07-17
2026-07-17 10:34:00+05:30,135.4,135.95,133.8,133.95,288925,8872305,15.712774,24284.3,24250.0,24100,ATM-1,PUT,24150,2026-07-17
2026-07-17 10:35:00+05:30,113.3,117.5,113.0,117.05,904995,21563685,15.639308,24272.2,24200.0,24100,ATM-1,PUT,24150,2026-07-17
2026-07-17 10:36:00+05:30,116.8,117.6,116.3,116.8,741780,21642205,15.627474,24272.5,24200.0,24100,ATM-1,PUT,24150,2026-07-17
2026-07-17 10:37:00+05:30,116.6,118.25,116.4,118.2,602810,21753225,15.558295,24267.25,24200.0,24100,ATM-1,PUT,24150,2026-07-17
2026-07-17 10:38:00+05:30,118.4,119.5,116.3,117.0,919620,21820240,15.462357,24267.8,24200.0,24100,ATM-1,PUT,24150,2026-07-17
2026-07-17 10:39:00+05:30,116.65,118.4,116.25,118.3,450125,21992100,15.570409,24267.25,24200.0,24100,ATM-1,PUT,24150,2026-07-17
2026-07-17 10:40:00+05:30,118.4,118.6,116.2,116.2,355355,22042215,15.411077,24268.45,24200.0,24100,ATM-1,PUT,24150,2026-07-17
2026-07-17 10:41:00+05:30,116.4,117.45,116.0,116.1,363805,22115535,15.493855,24270.75,24200.0,24100,ATM-1,PUT,24150,2026-07-17
2026-07-17 10:42:00+05:30,116.1,117.5,115.7,117.15,358345,22146735,15.539527,24269.25,24200.0,24100,ATM-1,PUT,24150,2026-07-17
2026-07-17 10:43:00+05:30,117.1,124.05,117.05,123.35,1282450,22228440,15.295784,24248.15,24200.0,24100,ATM-1,PUT,24150,2026-07-17
2026-07-17 10:44:00+05:30,121.6,123.35,120.0,121.3,1179425,22154080,15.543971,24259.1,24200.0,24100,ATM-1,PUT,24150,2026-07-17
2026-07-17 10:45:00+05:30,121.1,124.35,120.15,124.1,1167335,22133605,15.584173,24253.3,24200.0,24100,ATM-1,PUT,24150,2026-07-17
2026-07-17 10:46:00+05:30,124.05,124.95,122.0,123.25,1158170,21964930,15.468645,24252.5,24200.0,24100,ATM-1,PUT,24150,2026-07-17
2026-07-17 10:47:00+05:30,122.6,123.35,120.3,120.7,623935,21875555,15.296303,24254.4,24200.0,24100,ATM-1,PUT,24150,2026-07-17
2026-07-17 10:48:00+05:30,121.15,123.0,120.7,123.0,436410,21691800,15.491392,24253.6,24200.0,24100,ATM-1,PUT,24150,2026-07-17
2026-07-17 10:49:00+05:30,122.95,124.0,122.0,123.55,558220,21783645,15.394273,24249.9,24200.0,24100,ATM-1,PUT,24150,2026-07-17
2026-07-17 10:50:00+05:30,123.1,124.0,121.25,122.45,520585,21821930,15.334487,24251.05,24200.0,24100,ATM-1,PUT,24150,2026-07-17
2026-07-17 10:51:00+05:30,122.55,124.0,122.15,124.0,435045,21847020,15.399372,24248.9,24200.0,24100,ATM-1,PUT,24150,2026-07-17
2026-07-17 10:52:00+05:30,123.95,124.8,122.05,122.3,814125,21828560,15.350688,24251.75,24200.0,24100,ATM-1,PUT,24150,2026-07-17
2026-07-17 10:53:00+05:30,121.75,122.3,119.05,120.15,965445,21628945,15.32203,24256.2,24200.0,24100,ATM-1,PUT,24150,2026-07-17
2026-07-17 10:54:00+05:30,120.05,124.1,119.7,122.55,719095,21435440,15.533518,24255.55,24200.0,24100,ATM-1,PUT,24150,2026-07-17
2026-07-17 10:55:00+05:30,122.65,124.25,121.9,121.9,491270,21583445,15.519516,24256.75,24200.0,24100,ATM-1,PUT,24150,2026-07-17
2026-07-17 10:56:00+05:30,121.55,123.2,119.65,121.0,615680,21443890,15.394935,24255.85,24200.0,24100,ATM-1,PUT,24150,2026-07-17
2026-07-17 10:57:00+05:30,120.8,122.55,120.45,121.4,293670,21549840,15.462099,24256.5,24200.0,24100,ATM-1,PUT,24150,2026-07-17
2026-07-17 10:58:00+05:30,121.45,121.85,119.25,119.6,307645,21520330,15.33625,24257.75,24200.0,24100,ATM-1,PUT,24150,2026-07-17
2026-07-17 10:59:00+05:30,119.7,121.0,119.4,120.3,273975,21608665,15.375982,24257.0,24200.0,24100,ATM-1,PUT,24150,2026-07-17
2026-07-17 11:00:00+05:30,119.9,120.5,117.4,118.8,651690,21711885,15.346627,24259.9,24200.0,24100,ATM-1,PUT,24150,2026-07-17
2026-07-17 11:01:00+05:30,118.85,121.55,118.0,120.95,403910,21567715,15.426079,24256.6,24200.0,24100,ATM-1,PUT,24150,2026-07-17
2026-07-17 11:02:00+05:30,121.05,124.3,120.95,123.65,790270,21649615,15.362317,24248.55,24200.0,24100,ATM-1,PUT,24150,2026-07-17
2026-07-17 11:03:00+05:30,123.2,123.65,121.65,121.65,477100,21761350,15.232499,24250.15,24200.0,24100,ATM-1,PUT,24150,2026-07-17
2026-07-17 11:04:00+05:30,121.4,121.95,119.45,119.45,461045,21827130,15.344191,24258.15,24200.0,24100,ATM-1,PUT,24150,2026-07-17
2026-07-17 11:05:00+05:30,119.55,119.7,117.6,119.4,587535,21793330,15.504724,24262.2,24200.0,24100,ATM-1,PUT,24150,2026-07-17
2026-07-17 11:06:00+05:30,120.2,121.45,118.35,118.75,375765,21839740,15.429233,24261.9,24200.0,24100,ATM-1,PUT,24150,2026-07-17
2026-07-17 11:07:00+05:30,118.3,124.7,118.1,124.7,862745,21768240,15.371382,24246.15,24200.0,24100,ATM-1,PUT,24150,2026-07-17
2026-07-17 11:08:00+05:30,124.55,128.75,124.55,126.7,2006225,21676265,15.241872,24238.35,24200.0,24100,ATM-1,PUT,24150,2026-07-17
2026-07-17 11:09:00+05:30,126.35,127.75,124.45,125.0,937430,21670350,15.225406,24241.9,24200.0,24100,ATM-1,PUT,24150,2026-07-17
2026-07-17 11:10:00+05:30,125.0,128.45,125.0,127.9,876980,21711625,15.385004,24238.9,24200.0,24100,ATM-1,PUT,24150,2026-07-17
2026-07-17 11:11:00+05:30,127.85,128.15,125.2,126.75,765830,21844095,15.351173,24240.75,24200.0,24100,ATM-1,PUT,24150,2026-07-17
2026-07-17 11:12:00+05:30,126.65,127.35,125.7,125.9,439205,21883160,15.308677,24241.7,24200.0,24100,ATM-1,PUT,24150,2026-07-17
2026-07-17 11:13:00+05:30,126.35,129.95,125.9,128.95,1149850,21775780,15.448989,24237.9,24200.0,24100,ATM-1,PUT,24150,2026-07-17
2026-07-17 11:14:00+05:30,128.8,129.6,125.35,126.4,1055730,21682960,15.106661,24235.7,24200.0,24100,ATM-1,PUT,24150,2026-07-17
2026-07-17 11:15:00+05:30,126.65,127.95,126.0,127.25,522210,21829080,15.328709,24238.95,24200.0,24100,ATM-1,PUT,24150,2026-07-17
2026-07-17 11:16:00+05:30,126.6,129.65,126.55,129.0,937300,21755045,15.348919,24235.35,24200.0,24100,ATM-1,PUT,24150,2026-07-17
2026-07-17 11:17:00+05:30,129.1,129.45,126.05,127.4,996125,21631675,15.368816,24239.5,24200.0,24100,ATM-1,PUT,24150,2026-07-17
2026-07-17 11:18:00+05:30,127.65,130.0,127.4,130.0,765570,21588450,15.515038,24236.9,24200.0,24100,ATM-1,PUT,24150,2026-07-17
2026-07-17 11:19:00+05:30,129.55,130.0,126.7,127.85,915135,21301735,15.505826,24241.65,24200.0,24100,ATM-1,PUT,24150,2026-07-17
2026-07-17 11:20:00+05:30,127.55,128.5,126.7,127.9,493805,21292960,15.516043,24241.75,24200.0,24100,ATM-1,PUT,24150,2026-07-17
2026-07-17 11:21:00+05:30,127.35,128.45,126.75,126.75,366080,21264620,15.401964,24241.7,24200.0,24100,ATM-1,PUT,24150,2026-07-17
2026-07-17 11:22:00+05:30,126.7,127.0,122.6,124.5,1454310,20958080,15.505197,24249.45,24200.0,24100,ATM-1,PUT,24150,2026-07-17
2026-07-17 11:23:00+05:30,125.8,129.5,124.5,128.6,1055600,20958340,15.448795,24238.45,24200.0,24100,ATM-1,PUT,24150,2026-07-17
2026-07-17 11:24:00+05:30,128.2,129.7,124.75,125.75,725205,21067475,15.495362,24246.2,24200.0,24100,ATM-1,PUT,24150,2026-07-17
2026-07-17 11:25:00+05:30,125.6,127.6,124.85,127.25,515580,21079110,15.497547,24242.7,24200.0,24100,ATM-1,PUT,24150,2026-07-17
2026-07-17 11:26:00+05:30,127.0,128.9,126.5,126.7,541580,21200920,15.389853,24241.4,24200.0,24100,ATM-1,PUT,24150,2026-07-17
2026-07-17 11:27:00+05:30,126.5,126.7,124.75,126.0,451295,21233745,15.410286,24243.5,24200.0,24100,ATM-1,PUT,24150,2026-07-17
2026-07-17 11:28:00+05:30,125.85,126.95,125.15,126.25,300040,21218925,15.507214,24245.2,24200.0,24100,ATM-1,PUT,24150,2026-07-17
2026-07-17 11:29:00+05:30,125.85,126.75,123.7,126.5,555750,21295430,15.440704,24243.0,24200.0,24100,ATM-1,PUT,24150,2026-07-17
2026-07-17 11:30:00+05:30,126.5,126.6,124.6,125.75,346710,21390070,15.41618,24244.15,24200.0,24100,ATM-1,PUT,24150,2026-07-17
2026-07-17 11:31:00+05:30,125.8,126.5,124.6,125.4,248365,21407880,15.468536,24246.2,24200.0,24100,ATM-1,PUT,24150,2026-07-17
2026-07-17 11:32:00+05:30,125.05,126.55,124.5,125.25,321035,21468720,15.314582,24242.85,24200.0,24100,ATM-1,PUT,24150,2026-07-17
2026-07-17 11:33:00+05:30,125.2,126.65,123.35,124.05,422695,21547760,15.452081,24248.95,24200.0,24100,ATM-1,PUT,24150,2026-07-17
2026-07-17 11:34:00+05:30,123.9,124.05,120.25,122.95,1218230,21265010,15.495652,24252.6,24200.0,24100,ATM-1,PUT,24150,2026-07-17
2026-07-17 11:35:00+05:30,122.55,122.95,120.0,120.6,585520,21321430,15.508332,24258.55,24200.0,24100,ATM-1,PUT,24150,2026-07-17
2026-07-17 11:36:00+05:30,120.75,124.4,119.6,123.95,786435,21254805,15.524331,24250.85,24200.0,24100,ATM-1,PUT,24150,2026-07-17
2026-07-17 11:37:00+05:30,123.7,126.05,122.65,125.4,693745,21197475,15.504336,24246.9,24200.0,24100,ATM-1,PUT,24150,2026-07-17
2026-07-17 11:38:00+05:30,125.3,125.55,122.0,122.0,544245,21330400,15.348221,24251.2,24200.0,24100,ATM-1,PUT,24150,2026-07-17
2026-07-17 11:39:00+05:30,122.05,122.35,120.3,120.45,422630,21501545,15.436512,24257.05,24200.0,24100,ATM-1,PUT,24150,2026-07-17
2026-07-17 11:40:00+05:30,120.45,122.45,120.0,120.2,469755,21686145,15.472106,24258.5,24200.0,24100,ATM-1,PUT,24150,2026-07-17
2026-07-17 11:41:00+05:30,120.3,120.9,118.5,119.0,722410,21689070,15.549272,24263.3,24200.0,24100,ATM-1,PUT,24150,2026-07-17
2026-07-17 11:42:00+05:30,118.5,120.3,118.05,120.1,486525,21757125,15.582609,24261.4,24200.0,24100,ATM-1,PUT,24150,2026-07-17
2026-07-17 11:43:00+05:30,120.15,120.55,118.2,118.75,329160,21740420,15.477949,24262.1,24200.0,24100,ATM-1,PUT,24150,2026-07-17
2026-07-17 11:44:00+05:30,118.95,119.1,116.0,117.45,814060,21724495,15.555736,24267.2,24200.0,24100,ATM-1,PUT,24150,2026-07-17
2026-07-17 11:45:00+05:30,117.3,117.45,115.45,115.8,517660,21776235,15.566518,24271.55,24200.0,24100,ATM-1,PUT,24150,2026-07-17
2026-07-17 11:46:00+05:30,115.8,118.15,115.6,116.7,549965,21872045,15.557467,24269.05,24200.0,24100,ATM-1,PUT,24150,2026-07-17
2026-07-17 11:47:00+05:30,116.75,119.2,116.7,117.95,463125,21992295,15.574678,24266.35,24200.0,24100,ATM-1,PUT,24150,2026-07-17
2026-07-17 11:48:00+05:30,118.25,118.45,116.0,117.45,316030,22083035,15.578296,24267.65,24200.0,24100,ATM-1,PUT,24150,2026-07-17
2026-07-17 11:49:00+05:30,117.1,117.45,116.15,116.9,227890,22140040,15.524527,24267.65,24200.0,24100,ATM-1,PUT,24150,2026-07-17
2026-07-17 11:50:00+05:30,116.55,117.5,116.1,116.4,266695,22277190,15.594083,24270.6,24200.0,24100,ATM-1,PUT,24150,2026-07-17
2026-07-17 11:51:00+05:30,116.25,116.4,114.7,115.75,585975,22298445,15.600158,24272.35,24200.0,24100,ATM-1,PUT,24150,2026-07-17
2026-07-17 11:52:00+05:30,115.9,115.9,113.25,113.3,524225,22334520,15.41564,24273.85,24200.0,24100,ATM-1,PUT,24150,2026-07-17
2026-07-17 11:53:00+05:30,135.35,137.6,134.25,135.65,582270,10227620,15.726134,24278.7,24250.0,24100,ATM-1,PUT,24150,2026-07-17
2026-07-17 11:54:00+05:30,136.0,136.7,135.05,136.6,299975,10283260,15.833206,24279.0,24250.0,24100,ATM-1,PUT,24150,2026-07-17
2026-07-17 11:55:00+05:30,113.65,116.1,113.65,116.0,452205,22348690,15.727354,24274.8,24200.0,24100,ATM-1,PUT,24150,2026-07-17
2026-07-17 11:56:00+05:30,138.3,139.8,135.7,136.75,595075,10356190,15.908458,24280.35,24250.0,24100,ATM-1,PUT,24150,2026-07-17
2026-07-17 11:57:00+05:30,136.15,137.3,135.5,137.15,210795,10404030,15.905554,24279.35,24250.0,24100,ATM-1,PUT,24150,2026-07-17
2026-07-17 11:58:00+05:30,115.1,116.7,114.7,116.05,422955,22597315,15.743722,24275.0,24200.0,24100,ATM-1,PUT,24150,2026-07-17
2026-07-17 11:59:00+05:30,138.8,138.9,136.7,137.6,223470,10544950,15.886915,24277.85,24250.0,24100,ATM-1,PUT,24150,2026-07-17
2026-07-17 12:00:00+05:30,115.8,118.7,114.5,118.1,552890,22692800,15.787314,24270.9,24200.0,24100,ATM-1,PUT,24150,2026-07-17
2026-07-17 12:01:00+05:30,118.0,118.6,117.3,117.6,733135,22807785,15.627928,24268.15,24200.0,24100,ATM-1,PUT,24150,2026-07-17
2026-07-17 12:02:00+05:30,118.5,118.6,117.6,118.25,393770,22909315,15.659708,24267.3,24200.0,24100,ATM-1,PUT,24150,2026-07-17
2026-07-17 12:03:00+05:30,140.8,141.0,137.65,138.0,396760,10787790,15.828441,24275.5,24250.0,24100,ATM-1,PUT,24150,2026-07-17
2026-07-17 12:04:00+05:30,115.25,116.45,114.65,116.45,491205,23109450,15.784646,24274.85,24200.0,24100,ATM-1,PUT,24150,2026-07-17
2026-07-17 12:05:00+05:30,117.55,117.95,116.25,117.2,302185,23143445,15.837019,24274.25,24200.0,24100,ATM-1,PUT,24150,2026-07-17
2026-07-17 12:06:00+05:30,117.35,119.2,116.85,118.8,537030,23125765,15.739315,24267.8,24200.0,24100,ATM-1,PUT,24150,2026-07-17
2026-07-17 12:07:00+05:30,118.8,120.5,118.1,119.85,720525,23119525,15.664968,24263.35,24200.0,24100,ATM-1,PUT,24150,2026-07-17
2026-07-17 12:08:00+05:30,119.75,120.35,117.45,117.45,693355,23148645,15.618776,24268.1,24200.0,24100,ATM-1,PUT,24150,2026-07-17
2026-07-17 12:09:00+05:30,117.85,117.85,116.0,116.4,624845,23133500,15.759389,24274.2,24200.0,24100,ATM-1,PUT,24150,2026-07-17
2026-07-17 12:10:00+05:30,116.5,116.5,114.65,116.05,520455,23134995,15.717447,24274.0,24200.0,24100,ATM-1,PUT,24150,2026-07-17
2026-07-17 12:11:00+05:30,116.3,117.95,116.05,117.5,450905,23179585,15.765849,24271.55,24200.0,24100,ATM-1,PUT,24150,2026-07-17
2026-07-17 12:12:00+05:30,140.2,141.0,138.5,139.15,202540,11003135,15.968599,24275.9,24250.0,24100,ATM-1,PUT,24150,2026-07-17
2026-07-17 12:13:00+05:30,115.9,118.0,115.1,117.55,235430,23180300,15.730971,24270.5,24200.0,24100,ATM-1,PUT,24150,2026-07-17
2026-07-17 12:14:00+05:30,140.65,140.75,137.85,138.45,215735,11067095,15.930626,24276.55,24250.0,24100,ATM-1,PUT,24150,2026-07-17
2026-07-17 12:15:00+05:30,137.5,138.9,137.45,137.5,179465,11081330,16.010018,24280.5,24250.0,24100,ATM-1,PUT,24150,2026-07-17
2026-07-17 12:16:00+05:30,115.25,118.5,114.2,117.7,494390,23139090,15.90173,24274.3,24200.0,24100,ATM-1,PUT,24150,2026-07-17
2026-07-17 12:17:00+05:30,117.85,119.9,117.45,118.2,671060,23315110,15.868871,24272.2,24200.0,24100,ATM-1,PUT,24150,2026-07-17
2026-07-17 12:18:00+05:30,141.4,141.9,138.6,138.95,302965,11005670,15.944924,24275.65,24250.0,24100,ATM-1,PUT,24150,2026-07-17
2026-07-17 12:19:00+05:30,139.45,140.9,138.8,140.55,127335,10993060,16.094067,24275.45,24250.0,24100,ATM-1,PUT,24150,2026-07-17
2026-07-17 12:20:00+05:30,140.55,140.9,138.95,139.3,158665,10994815,16.203147,24280.75,24250.0,24100,ATM-1,PUT,24150,2026-07-17
2026-07-17 12:21:00+05:30,139.35,140.65,139.2,139.9,149500,10986560,16.208985,24279.5,24250.0,24100,ATM-1,PUT,24150,2026-07-17
2026-07-17 12:22:00+05:30,117.1,118.9,117.1,117.4,353405,23404550,15.782384,24271.9,24200.0,24100,ATM-1,PUT,24150,2026-07-17
2026-07-17 12:23:00+05:30,140.0,140.1,137.25,137.95,391235,10961730,16.087123,24281.05,24250.0,24100,ATM-1,PUT,24150,2026-07-17
2026-07-17 12:24:00+05:30,137.7,138.85,137.25,138.0,184275,10961730,16.12344,24281.75,24250.0,24100,ATM-1,PUT,24150,2026-07-17
2026-07-17 12:25:00+05:30,137.85,139.45,135.7,138.75,524745,10973170,16.066074,24278.7,24250.0,24100,ATM-1,PUT,24150,2026-07-17
2026-07-17 12:26:00+05:30,138.35,139.5,138.15,139.2,199810,10936640,16.050473,24277.3,24250.0,24100,ATM-1,PUT,24150,2026-07-17
2026-07-17 12:27:00+05:30,139.75,139.75,137.3,138.4,182455,10959065,16.027517,24278.55,24250.0,24100,ATM-1,PUT,24150,2026-07-17
2026-07-17 12:28:00+05:30,138.25,139.15,137.7,138.7,156000,11022440,16.029836,24277.9,24250.0,24100,ATM-1,PUT,24150,2026-07-17
2026-07-17 12:29:00+05:30,138.8,140.7,138.5,140.0,293540,11043175,16.147628,24277.65,24250.0,24100,ATM-1,PUT,24150,2026-07-17
2026-07-17 12:30:00+05:30,117.4,118.6,117.2,117.8,385450,23431980,15.937889,24274.55,24200.0,24100,ATM-1,PUT,24150,2026-07-17
2026-07-17 12:31:00+05:30,140.05,141.15,139.0,139.0,323245,11099595,16.027875,24277.1,24250.0,24100,ATM-1,PUT,24150,2026-07-17
2026-07-17 12:32:00+05:30,116.25,118.0,116.0,117.75,197145,23502310,15.903134,24273.75,24200.0,24100,ATM-1,PUT,24150,2026-07-17
2026-07-17 12:33:00+05:30,140.4,140.7,138.15,138.4,265850,11085230,16.116854,24280.45,24250.0,24100,ATM-1,PUT,24150,2026-07-17
2026-07-17 12:34:00+05:30,138.55,138.9,137.3,138.9,260000,11157445,16.19745,24281.15,24250.0,24100,ATM-1,PUT,24150,2026-07-17
2026-07-17 12:35:00+05:30,139.0,139.0,138.0,138.6,211185,11185850,16.175634,24281.3,24250.0,24100,ATM-1,PUT,24150,2026-07-17
2026-07-17 12:36:00+05:30,138.4,138.8,137.65,138.6,244205,11257610,16.191943,24281.65,24250.0,24100,ATM-1,PUT,24150,2026-07-17
2026-07-17 12:37:00+05:30,138.4,139.5,137.65,139.1,149630,11336000,16.122938,24278.9,24250.0,24100,ATM-1,PUT,24150,2026-07-17
2026-07-17 12:38:00+05:30,139.7,140.75,138.5,139.4,231400,11324040,16.136152,24278.5,24250.0,24100,ATM-1,PUT,24150,2026-07-17
2026-07-17 12:39:00+05:30,138.9,140.1,138.0,139.35,145275,11364730,16.099742,24277.75,24250.0,24100,ATM-1,PUT,24150,2026-07-17
2026-07-17 12:40:00+05:30,116.75,119.35,116.5,118.85,486200,23678005,15.732314,24266.55,24200.0,24100,ATM-1,PUT,24150,2026-07-17
2026-07-17 12:41:00+05:30,119.05,120.3,117.6,117.7,1133730,23632245,15.719388,24269.05,24200.0,24100,ATM-1,PUT,24150,2026-07-17
2026-07-17 12:42:00+05:30,140.0,140.4,137.85,137.85,537030,11455925,16.060193,24280.15,24250.0,24100,ATM-1,PUT,24150,2026-07-17
2026-07-17 12:43:00+05:30,115.05,118.0,115.05,117.3,389220,23659610,15.920688,24275.0,24200.0,24100,ATM-1,PUT,24150,2026-07-17
2026-07-17 12:44:00+05:30,140.0,140.45,138.2,138.7,158210,11424270,16.011152,24277.05,24250.0,24100,ATM-1,PUT,24150,2026-07-17
2026-07-17 12:45:00+05:30,137.8,138.7,135.0,135.75,705965,11509615,16.001969,24283.5,24250.0,24100,ATM-1,PUT,24150,2026-07-17
2026-07-17 12:46:00+05:30,135.95,138.0,135.75,137.1,270790,11481925,16.081999,24282.25,24250.0,24100,ATM-1,PUT,24150,2026-07-17
2026-07-17 12:47:00+05:30,137.1,137.85,136.35,136.35,177775,11503245,16.194567,24286.55,24250.0,24100,ATM-1,PUT,24150,2026-07-17
2026-07-17 12:48:00+05:30,136.9,137.15,135.0,135.3,265070,11522940,16.122291,24287.25,24250.0,24100,ATM-1,PUT,24150,2026-07-17
2026-07-17 12:49:00+05:30,133.65,135.3,124.8,128.4,2159170,11453975,15.729395,24294.0,24250.0,24100,ATM-1,PUT,24150,2026-07-17
2026-07-17 12:50:00+05:30,129.95,136.45,128.4,136.2,950950,11268335,16.056338,24283.6,24250.0,24100,ATM-1,PUT,24150,2026-07-17
2026-07-17 12:51:00+05:30,136.9,138.6,135.0,136.0,950625,11336065,15.940585,24281.35,24250.0,24100,ATM-1,PUT,24150,2026-07-17
2026-07-17 12:52:00+05:30,135.5,138.1,135.35,137.65,422825,11337885,16.034685,24279.75,24250.0,24100,ATM-1,PUT,24150,2026-07-17
2026-07-17 12:53:00+05:30,115.0,117.55,114.55,116.6,812825,23916425,15.76156,24272.5,24200.0,24100,ATM-1,PUT,24150,2026-07-17
2026-07-17 12:54:00+05:30,117.0,118.7,116.1,117.95,926055,24079965,15.954688,24273.9,24200.0,24100,ATM-1,PUT,24150,2026-07-17
2026-07-17 12:55:00+05:30,117.55,119.2,115.15,119.2,725010,24155040,15.972756,24271.2,24200.0,24100,ATM-1,PUT,24150,2026-07-17
2026-07-17 12:56:00+05:30,119.2,119.25,116.2,116.45,579670,24164400,15.832154,24274.55,24200.0,24100,ATM-1,PUT,24150,2026-07-17
2026-07-17 12:57:00+05:30,139.0,139.45,135.0,137.55,592995,11479650,16.056667,24280.35,24250.0,24100,ATM-1,PUT,24150,2026-07-17
2026-07-17 12:58:00+05:30,137.55,138.6,135.65,138.05,270400,11413350,16.04616,24278.95,24250.0,24100,ATM-1,PUT,24150,2026-07-17
2026-07-17 12:59:00+05:30,137.4,138.05,135.3,135.35,216125,11448905,15.970037,24283.3,24250.0,24100,ATM-1,PUT,24150,2026-07-17
2026-07-17 13:00:00+05:30,134.25,136.35,133.45,135.95,457470,11461450,16.008712,24282.8,24250.0,24100,ATM-1,PUT,24150,2026-07-17
2026-07-17 13:01:00+05:30,135.5,135.95,132.6,134.3,495885,11531910,15.888258,24283.75,24250.0,24100,ATM-1,PUT,24150,2026-07-17
2026-07-17 13:02:00+05:30,134.5,136.35,134.2,136.35,291460,11575005,15.870404,24278.65,24250.0,24100,ATM-1,PUT,24150,2026-07-17
2026-07-17 13:03:00+05:30,136.4,137.6,135.05,136.35,310050,11659375,15.960632,24280.7,24250.0,24100,ATM-1,PUT,24150,2026-07-17
2026-07-17 13:04:00+05:30,136.45,136.55,134.55,136.25,165620,11698310,15.915025,24279.85,24250.0,24100,ATM-1,PUT,24150,2026-07-17
2026-07-17 13:05:00+05:30,135.8,137.65,135.8,136.0,169585,11712935,15.945798,24281.1,24250.0,24100,ATM-1,PUT,24150,2026-07-17
2026-07-17 13:06:00+05:30,136.25,136.6,134.55,135.3,178295,11714365,16.001223,24283.95,24250.0,24100,ATM-1,PUT,24150,2026-07-17
2026-07-17 13:07:00+05:30,135.1,139.0,134.15,138.95,349570,11747970,16.035968,24276.45,24250.0,24100,ATM-1,PUT,24150,2026-07-17
2026-07-17 13:08:00+05:30,137.85,138.95,136.7,137.45,219310,11767015,16.033453,24279.75,24250.0,24100,ATM-1,PUT,24150,2026-07-17
2026-07-17 13:09:00+05:30,137.4,138.25,136.6,138.25,149240,11777155,16.03713,24278.0,24250.0,24100,ATM-1,PUT,24150,2026-07-17
2026-07-17 13:10:00+05:30,138.2,138.25,136.4,137.3,124800,11775595,16.01011,24279.5,24250.0,24100,ATM-1,PUT,24150,2026-07-17
2026-07-17 13:11:00+05:30,136.5,137.55,135.5,137.05,322465,11773840,15.97793,24279.3,24250.0,24100,ATM-1,PUT,24150,2026-07-17
2026-07-17 13:12:00+05:30,137.05,138.9,136.0,138.9,248755,11802635,16.076197,24277.35,24250.0,24100,ATM-1,PUT,24150,2026-07-17
2026-07-17 13:13:00+05:30,139.4,139.4,136.4,136.6,236665,11872705,15.811555,24276.45,24250.0,24100,ATM-1,PUT,24150,2026-07-17
2026-07-17 13:14:00+05:30,136.6,137.3,135.0,136.2,250510,11904295,16.038709,24282.55,24250.0,24100,ATM-1,PUT,24150,2026-07-17
2026-07-17 13:15:00+05:30,114.3,119.5,114.0,117.25,1067885,24186890,15.828096,24271.9,24200.0,24100,ATM-1,PUT,24150,2026-07-17
2026-07-17 13:16:00+05:30,117.1,117.75,116.2,116.8,591565,24060400,15.820186,24272.8,24200.0,24100,ATM-1,PUT,24150,2026-07-17
2026-07-17 13:17:00+05:30,139.65,140.9,138.85,139.25,244465,11940825,16.03102,24275.4,24250.0,24100,ATM-1,PUT,24150,2026-07-17
2026-07-17 13:18:00+05:30,116.5,117.8,115.0,116.7,321165,24123840,15.802354,24272.55,24200.0,24100,ATM-1,PUT,24150,2026-07-17
2026-07-17 13:19:00+05:30,116.5,118.25,116.15,117.6,291785,24091080,15.96664,24274.35,24200.0,24100,ATM-1,PUT,24150,2026-07-17
2026-07-17 13:20:00+05:30,140.55,140.95,138.05,139.45,247975,11977095,16.137464,24277.3,24250.0,24100,ATM-1,PUT,24150,2026-07-17
2026-07-17 13:21:00+05:30,139.8,140.75,138.85,140.45,191880,11994450,16.243707,24277.45,24250.0,24100,ATM-1,PUT,24150,2026-07-17
2026-07-17 13:22:00+05:30,116.5,117.5,116.2,116.6,246610,24080030,15.869297,24274.35,24200.0,24100,ATM-1,PUT,24150,2026-07-17
2026-07-17 13:23:00+05:30,116.6,118.5,115.7,118.5,311675,24094850,15.84789,24269.05,24200.0,24100,ATM-1,PUT,24150,2026-07-17
2026-07-17 13:24:00+05:30,118.05,120.45,116.8,120.2,986830,24082305,15.914171,24266.45,24200.0,24100,ATM-1,PUT,24150,2026-07-17
2026-07-17 13:25:00+05:30,120.7,122.0,116.85,117.15,1548235,23881585,15.698166,24268.65,24200.0,24100,ATM-1,PUT,24150,2026-07-17
2026-07-17 13:26:00+05:30,116.3,120.35,116.15,119.5,636935,23991890,15.78703,24265.0,24200.0,24100,ATM-1,PUT,24150,2026-07-17
2026-07-17 13:27:00+05:30,119.8,121.45,119.5,121.4,553800,24020425,15.849727,24261.85,24200.0,24100,ATM-1,PUT,24150,2026-07-17
2026-07-17 13:28:00+05:30,121.15,121.65,120.2,120.65,689455,24048960,15.726373,24260.65,24200.0,24100,ATM-1,PUT,24150,2026-07-17
2026-07-17 13:29:00+05:30,120.65,120.95,117.35,119.7,766090,24009635,15.904382,24267.3,24200.0,24100,ATM-1,PUT,24150,2026-07-17
2026-07-17 13:30:00+05:30,119.3,119.7,117.65,118.15,318305,23971220,15.849153,24269.75,24200.0,24100,ATM-1,PUT,24150,2026-07-17
2026-07-17 13:31:00+05:30,117.75,119.65,116.15,119.35,588055,23859160,15.902042,24268.05,24200.0,24100,ATM-1,PUT,24150,2026-07-17
2026-07-17 13:32:00+05:30,119.35,121.25,118.5,119.25,614640,23880740,15.830035,24266.5,24200.0,24100,ATM-1,PUT,24150,2026-07-17
2026-07-17 13:33:00+05:30,119.7,121.05,119.25,119.7,401635,23987860,15.772241,24263.95,24200.0,24100,ATM-1,PUT,24150,2026-07-17
2026-07-17 13:34:00+05:30,120.0,121.0,118.55,118.7,363415,23979930,15.744433,24265.7,24200.0,24100,ATM-1,PUT,24150,2026-07-17
2026-07-17 13:35:00+05:30,118.5,118.95,117.25,118.3,433095,24036285,15.782744,24267.6,24200.0,24100,ATM-1,PUT,24150,2026-07-17
2026-07-17 13:36:00+05:30,117.85,118.3,114.75,117.6,914940,23874630,15.80273,24269.8,24200.0,24100,ATM-1,PUT,24150,2026-07-17
2026-07-17 13:37:00+05:30,117.75,120.5,116.75,120.15,632125,23794420,15.85275,24264.7,24200.0,24100,ATM-1,PUT,24150,2026-07-17
2026-07-17 13:38:00+05:30,119.95,120.7,118.85,120.1,442520,23762050,15.893863,24265.8,24200.0,24100,ATM-1,PUT,24150,2026-07-17
2026-07-17 13:39:00+05:30,120.1,120.35,118.05,118.65,329095,23793380,15.899817,24269.5,24200.0,24100,ATM-1,PUT,24150,2026-07-17
2026-07-17 13:40:00+05:30,119.0,124.0,118.65,123.3,1321385,23726690,15.906567,24258.25,24200.0,24100,ATM-1,PUT,24150,2026-07-17
2026-07-17 13:41:00+05:30,123.0,126.4,121.35,121.6,1620515,23460060,15.588121,24254.65,24200.0,24100,ATM-1,PUT,24150,2026-07-17
2026-07-17 13:42:00+05:30,121.2,126.0,121.2,124.3,1038765,23450245,15.715112,24251.2,24200.0,24100,ATM-1,PUT,24150,2026-07-17
2026-07-17 13:43:00+05:30,124.75,126.0,123.45,123.45,1004315,23275200,15.511743,24248.35,24200.0,24100,ATM-1,PUT,24150,2026-07-17
2026-07-17 13:44:00+05:30,123.55,126.0,121.95,122.8,792350,23219365,15.694934,24254.25,24200.0,24100,ATM-1,PUT,24150,2026-07-17
2026-07-17 13:45:00+05:30,122.95,125.15,122.8,124.0,768755,23323235,15.738821,24252.4,24200.0,24100,ATM-1,PUT,24150,2026-07-17
2026-07-17 13:46:00+05:30,123.95,128.5,123.0,127.95,1653145,23302045,15.826483,24245.1,24200.0,24100,ATM-1,PUT,24150,2026-07-17
2026-07-17 13:47:00+05:30,127.75,131.25,127.55,128.4,2631785,22873825,15.599412,24238.7,24200.0,24100,ATM-1,PUT,24150,2026-07-17
2026-07-17 13:48:00+05:30,128.7,129.5,125.65,126.3,1272245,22388405,15.746917,24247.05,24200.0,24100,ATM-1,PUT,24150,2026-07-17
2026-07-17 13:49:00+05:30,126.0,129.0,125.65,128.95,830310,22241115,15.709925,24239.95,24200.0,24100,ATM-1,PUT,24150,2026-07-17
2026-07-17 13:50:00+05:30,129.1,132.45,128.05,131.0,2657395,22118460,15.356002,24227.05,24200.0,24100,ATM-1,PUT,24150,2026-07-17
2026-07-17 13:51:00+05:30,108.75,113.15,108.3,111.1,1791140,12682800,15.036826,24215.95,24150.0,24100,ATM-1,PUT,24150,2026-07-17
2026-07-17 13:52:00+05:30,111.3,111.3,108.05,110.0,860470,12402260,15.184945,24222.35,24150.0,24100,ATM-1,PUT,24150,2026-07-17
2026-07-17 13:53:00+05:30,133.05,133.6,130.15,130.7,1393405,20640620,15.425752,24229.25,24200.0,24100,ATM-1,PUT,24150,2026-07-17
2026-07-17 13:54:00+05:30,130.65,131.4,127.65,128.3,1210625,20381335,15.308413,24232.0,24200.0,24100,ATM-1,PUT,24150,2026-07-17
2026-07-17 13:55:00+05:30,129.35,131.0,124.9,126.6,1510665,20253155,15.334966,24236.5,24200.0,24100,ATM-1,PUT,24150,2026-07-17
2026-07-17 13:56:00+05:30,126.5,129.9,126.5,127.55,978575,20106580,15.268661,24232.75,24200.0,24100,ATM-1,PUT,24150,2026-07-17
2026-07-17 13:57:00+05:30,127.4,128.55,125.85,126.8,694915,20224750,15.236357,24233.7,24200.0,24100,ATM-1,PUT,24150,2026-07-17
2026-07-17 13:58:00+05:30,126.4,128.0,125.25,126.2,563615,20312175,15.345771,24237.6,24200.0,24100,ATM-1,PUT,24150,2026-07-17
2026-07-17 13:59:00+05:30,125.85,126.2,116.55,118.8,2257775,20147140,15.138207,24250.1,24200.0,24100,ATM-1,PUT,24150,2026-07-17
2026-07-17 14:00:00+05:30,119.95,121.85,118.55,119.6,970515,20117890,15.164901,24248.8,24200.0,24100,ATM-1,PUT,24150,2026-07-17
2026-07-17 14:01:00+05:30,119.7,122.45,118.85,120.25,802360,20198230,15.146931,24246.8,24200.0,24100,ATM-1,PUT,24150,2026-07-17
2026-07-17 14:02:00+05:30,120.9,123.65,120.25,122.2,687830,20169890,15.207583,24243.6,24200.0,24100,ATM-1,PUT,24150,2026-07-17
2026-07-17 14:03:00+05:30,121.9,122.8,120.8,120.8,374465,20337460,15.180923,24246.25,24200.0,24100,ATM-1,PUT,24150,2026-07-17
2026-07-17 14:04:00+05:30,120.5,120.8,118.3,119.35,689780,20378995,15.209246,24250.35,24200.0,24100,ATM-1,PUT,24150,2026-07-17
2026-07-17 14:05:00+05:30,119.65,119.65,116.0,117.45,895895,20384650,15.201213,24254.7,24200.0,24100,ATM-1,PUT,24150,2026-07-17
2026-07-17 14:06:00+05:30,117.3,120.6,117.0,120.6,545610,20237100,15.307278,24249.65,24200.0,24100,ATM-1,PUT,24150,2026-07-17
2026-07-17 14:07:00+05:30,120.8,120.8,118.8,118.9,486785,20291245,15.196772,24251.05,24200.0,24100,ATM-1,PUT,24150,2026-07-17
2026-07-17 14:08:00+05:30,119.05,121.45,118.1,119.85,465400,20292740,15.295159,24251.1,24200.0,24100,ATM-1,PUT,24150,2026-07-17
2026-07-17 14:09:00+05:30,119.75,120.2,118.6,119.0,229190,20350720,15.288353,24252.95,24200.0,24100,ATM-1,PUT,24150,2026-07-17
2026-07-17 14:10:00+05:30,119.05,119.4,117.5,118.2,339625,20376135,15.252943,24254.0,24200.0,24100,ATM-1,PUT,24150,2026-07-17
2026-07-17 14:11:00+05:30,117.6,118.2,112.5,112.6,1713530,20237295,15.153138,24265.25,24200.0,24100,ATM-1,PUT,24150,2026-07-17
2026-07-17 14:12:00+05:30,112.3,112.9,108.3,109.0,1837160,20140640,15.046453,24271.6,24200.0,24100,ATM-1,PUT,24150,2026-07-17
2026-07-17 14:13:00+05:30,132.05,132.3,126.15,127.9,1060735,10051015,15.053954,24277.25,24250.0,24100,ATM-1,PUT,24150,2026-07-17
2026-07-17 14:14:00+05:30,127.6,129.0,125.85,126.35,812240,10149945,15.045054,24280.55,24250.0,24100,ATM-1,PUT,24150,2026-07-17
2026-07-17 14:15:00+05:30,151.65,151.75,113.45,113.45,3741855,8033935,14.367887,24345.4,24300.0,24100,ATM-1,PUT,24150,2026-07-17
2026-07-17 14:16:00+05:30,112.15,121.25,107.15,111.75,3540420,8321040,14.919989,24362.9,24300.0,24100,ATM-1,PUT,24150,2026-07-17
2026-07-17 14:17:00+05:30,111.85,119.3,110.35,118.0,2290080,8944260,14.909765,24347.45,24300.0,24100,ATM-1,PUT,24150,2026-07-17
2026-07-17 14:18:00+05:30,118.15,126.05,118.0,123.25,2198755,9236760,14.806571,24332.7,24300.0,24100,ATM-1,PUT,24150,2026-07-17
2026-07-17 14:19:00+05:30,103.5,110.45,101.95,110.45,1543425,10385180,14.638983,24308.45,24250.0,24100,ATM-1,PUT,24150,2026-07-17
2026-07-17 14:20:00+05:30,109.55,112.8,105.8,112.7,1284465,10134020,15.042456,24312.75,24250.0,24100,ATM-1,PUT,24150,2026-07-17
2026-07-17 14:21:00+05:30,111.8,116.45,110.1,115.45,1326910,10057060,15.181148,24309.35,24250.0,24100,ATM-1,PUT,24150,2026-07-17
2026-07-17 14:22:00+05:30,115.35,119.85,115.2,119.85,1090830,9998235,15.27531,24300.95,24250.0,24100,ATM-1,PUT,24150,2026-07-17
2026-07-17 14:23:00+05:30,121.45,124.7,118.65,124.7,1505920,9910030,15.412913,24292.7,24250.0,24100,ATM-1,PUT,24150,2026-07-17
2026-07-17 14:24:00+05:30,124.35,124.8,119.0,119.25,1039610,9760140,15.106455,24298.3,24250.0,24100,ATM-1,PUT,24150,2026-07-17
2026-07-17 14:25:00+05:30,119.0,119.85,111.2,114.65,1329640,9802585,15.020718,24307.3,24250.0,24100,ATM-1,PUT,24150,2026-07-17
2026-07-17 14:26:00+05:30,115.0,115.4,111.45,112.25,547820,9734140,14.942415,24311.25,24250.0,24100,ATM-1,PUT,24150,2026-07-17
2026-07-17 14:27:00+05:30,113.2,113.75,110.15,110.95,486590,9793940,14.800189,24310.95,24250.0,24100,ATM-1,PUT,24150,2026-07-17
2026-07-17 14:28:00+05:30,109.4,110.95,107.1,110.75,583245,9841260,14.721809,24309.5,24250.0,24100,ATM-1,PUT,24150,2026-07-17
2026-07-17 14:29:00+05:30,114.05,122.5,110.75,120.4,1603355,9833720,14.764824,24287.4,24250.0,24100,ATM-1,PUT,24150,2026-07-17
2026-07-17 14:30:00+05:30,119.85,120.4,112.35,112.7,999310,9975875,14.720729,24304.65,24250.0,24100,ATM-1,PUT,24150,2026-07-17
2026-07-17 14:31:00+05:30,112.8,116.4,112.05,115.75,518765,10043800,14.84731,24300.3,24250.0,24100,ATM-1,PUT,24150,2026-07-17
2026-07-17 14:32:00+05:30,115.95,116.55,114.2,115.45,397475,10040680,14.770277,24299.15,24250.0,24100,ATM-1,PUT,24150,2026-07-17
2026-07-17 14:33:00+05:30,115.7,116.95,114.85,115.35,297505,10090080,14.610399,24295.55,24250.0,24100,ATM-1,PUT,24150,2026-07-17
2026-07-17 14:34:00+05:30,115.75,116.5,113.7,114.65,303355,10118030,14.644127,24298.0,24250.0,24100,ATM-1,PUT,24150,2026-07-17
2026-07-17 14:35:00+05:30,114.9,116.0,114.3,116.0,182520,10107695,14.807706,24298.65,24250.0,24100,ATM-1,PUT,24150,2026-07-17
2026-07-17 14:36:00+05:30,115.65,119.0,115.65,117.55,481715,10055890,14.73668,24293.25,24250.0,24100,ATM-1,PUT,24150,2026-07-17
2026-07-17 14:37:00+05:30,118.0,118.8,115.15,117.3,384865,10073895,14.704292,24293.05,24250.0,24100,ATM-1,PUT,24150,2026-07-17
2026-07-17 14:38:00+05:30,118.1,119.5,114.35,115.4,521885,10105550,14.763347,24298.95,24250.0,24100,ATM-1,PUT,24150,2026-07-17
2026-07-17 14:39:00+05:30,115.5,116.35,114.4,114.6,260845,10037625,14.640248,24297.9,24250.0,24100,ATM-1,PUT,24150,2026-07-17
2026-07-17 14:40:00+05:30,114.7,115.3,113.0,114.65,421395,9998625,14.817513,24302.0,24250.0,24100,ATM-1,PUT,24150,2026-07-17
2026-07-17 14:41:00+05:30,114.6,115.8,109.9,109.9,536640,10009415,14.746066,24311.85,24250.0,24100,ATM-1,PUT,24150,2026-07-17
2026-07-17 14:42:00+05:30,110.35,113.0,109.9,110.55,303680,9952800,14.753535,24310.4,24250.0,24100,ATM-1,PUT,24150,2026-07-17
2026-07-17 14:43:00+05:30,110.65,110.9,108.0,110.15,518895,9944935,14.783687,24312.1,24250.0,24100,ATM-1,PUT,24150,2026-07-17
2026-07-17 14:44:00+05:30,110.35,110.4,106.05,106.7,485225,9982050,14.660561,24317.65,24250.0,24100,ATM-1,PUT,24150,2026-07-17
2026-07-17 14:45:00+05:30,107.0,108.45,106.25,107.6,353535,9962355,14.827511,24319.5,24250.0,24100,ATM-1,PUT,24150,2026-07-17
2026-07-17 14:46:00+05:30,130.15,132.05,126.1,126.6,1037205,9597900,14.836144,24325.05,24300.0,24100,ATM-1,PUT,24150,2026-07-17
2026-07-17 14:47:00+05:30,104.8,107.0,104.55,106.05,286780,9894885,14.756521,24321.6,24250.0,24100,ATM-1,PUT,24150,2026-07-17
2026-07-17 14:48:00+05:30,106.05,108.5,104.8,105.0,415740,9941425,14.596698,24320.25,24250.0,24100,ATM-1,PUT,24150,2026-07-17
2026-07-17 14:49:00+05:30,105.35,105.35,103.0,104.5,381160,9954620,14.696778,24324.0,24250.0,24100,ATM-1,PUT,24150,2026-07-17
2026-07-17 14:50:00+05:30,104.3,107.8,103.45,106.15,541515,9915165,14.705746,24320.0,24250.0,24100,ATM-1,PUT,24150,2026-07-17
2026-07-17 14:51:00+05:30,106.0,107.9,103.6,107.2,283400,9924590,14.694613,24317.05,24250.0,24100,ATM-1,PUT,24150,2026-07-17
2026-07-17 14:52:00+05:30,106.9,107.2,105.2,106.5,263185,9960405,14.727401,24319.6,24250.0,24100,ATM-1,PUT,24150,2026-07-17
2026-07-17 14:53:00+05:30,106.6,108.65,105.0,105.5,453180,9887540,14.662953,24320.5,24250.0,24100,ATM-1,PUT,24150,2026-07-17
2026-07-17 14:54:00+05:30,106.25,108.3,105.5,106.15,384410,9830275,14.748221,24320.95,24250.0,24100,ATM-1,PUT,24150,2026-07-17
2026-07-17 14:55:00+05:30,128.4,129.75,126.2,126.2,720070,10380565,14.909039,24327.4,24300.0,24100,ATM-1,PUT,24150,2026-07-17
2026-07-17 14:56:00+05:30,101.75,106.45,100.0,105.0,918775,9599070,14.791231,24324.9,24250.0,24100,ATM-1,PUT,24150,2026-07-17
2026-07-17 14:57:00+05:30,104.8,107.0,104.55,106.3,308035,9608365,14.792825,24321.6,24250.0,24100,ATM-1,PUT,24150,2026-07-17
2026-07-17 14:58:00+05:30,106.3,109.0,106.2,107.4,481000,9567610,14.673904,24315.85,24250.0,24100,ATM-1,PUT,24150,2026-07-17
2026-07-17 14:59:00+05:30,107.45,109.7,106.45,109.7,506675,9508200,14.741205,24311.75,24250.0,24100,ATM-1,PUT,24150,2026-07-17
2026-07-17 15:00:00+05:30,108.9,110.55,100.55,102.15,1271140,9439300,14.456862,24323.7,24250.0,24100,ATM-1,PUT,24150,2026-07-17
2026-07-17 15:01:00+05:30,124.45,126.0,118.65,123.55,1972035,10250175,14.573657,24325.6,24300.0,24100,ATM-1,PUT,24150,2026-07-17
2026-07-17 15:02:00+05:30,102.5,105.55,101.6,103.65,382395,9386520,14.63805,24324.35,24250.0,24100,ATM-1,PUT,24150,2026-07-17
2026-07-17 15:03:00+05:30,103.9,106.6,102.85,105.95,297960,9373780,14.616896,24317.95,24250.0,24100,ATM-1,PUT,24150,2026-07-17
2026-07-17 15:04:00+05:30,106.95,107.4,104.6,105.25,353600,9282195,14.71153,24322.05,24250.0,24100,ATM-1,PUT,24150,2026-07-17
2026-07-17 15:05:00+05:30,127.2,127.45,123.5,124.3,826215,10253815,14.737665,24327.55,24300.0,24100,ATM-1,PUT,24150,2026-07-17
2026-07-17 15:06:00+05:30,124.4,124.55,121.65,122.85,643305,10314460,14.709993,24330.2,24300.0,24100,ATM-1,PUT,24150,2026-07-17
2026-07-17 15:07:00+05:30,122.8,123.5,119.2,121.15,1185860,10160280,14.71917,24334.3,24300.0,24100,ATM-1,PUT,24150,2026-07-17
2026-07-17 15:08:00+05:30,121.3,124.25,121.15,122.9,807300,10154560,14.799513,24332.1,24300.0,24100,ATM-1,PUT,24150,2026-07-17
2026-07-17 15:09:00+05:30,123.05,123.95,121.5,122.45,611065,10166195,14.818488,24333.55,24300.0,24100,ATM-1,PUT,24150,2026-07-17
2026-07-17 15:10:00+05:30,122.95,124.15,122.4,122.5,573170,10027160,14.746681,24331.75,24300.0,24100,ATM-1,PUT,24150,2026-07-17
2026-07-17 15:11:00+05:30,122.75,123.2,120.6,121.65,527995,9974250,14.684753,24332.25,24300.0,24100,ATM-1,PUT,24150,2026-07-17
2026-07-17 15:12:00+05:30,122.0,122.1,118.2,120.0,992615,9896185,14.685129,24336.05,24300.0,24100,ATM-1,PUT,24150,2026-07-17
2026-07-17 15:13:00+05:30,120.4,122.5,120.0,121.4,649350,9893130,14.776382,24334.9,24300.0,24100,ATM-1,PUT,24150,2026-07-17
2026-07-17 15:14:00+05:30,122.5,127.35,121.4,126.25,1209130,9542780,14.993654,24328.75,24300.0,24100,ATM-1,PUT,24150,2026-07-17
2026-07-17 15:15:00+05:30,106.1,109.4,104.05,106.75,969215,8121295,14.948663,24323.85,24250.0,24100,ATM-1,PUT,24150,2026-07-17
2026-07-17 15:16:00+05:30,107.5,108.25,106.4,107.0,443365,8002735,14.937164,24322.9,24250.0,24100,ATM-1,PUT,24150,2026-07-17
2026-07-17 15:17:00+05:30,129.95,130.25,125.75,128.2,709865,8827975,15.050517,24325.55,24300.0,24100,ATM-1,PUT,24150,2026-07-17
2026-07-17 15:18:00+05:30,127.75,129.65,126.6,129.65,505960,8691995,15.338388,24328.8,24300.0,24100,ATM-1,PUT,24150,2026-07-17
2026-07-17 15:19:00+05:30,129.45,129.9,127.65,128.95,580385,8590790,15.278649,24329.0,24300.0,24100,ATM-1,PUT,24150,2026-07-17
2026-07-17 15:20:00+05:30,129.75,129.95,126.85,128.0,655915,8375900,15.357455,24332.95,24300.0,24100,ATM-1,PUT,24150,2026-07-17
2026-07-17 15:21:00+05:30,127.75,128.4,120.75,120.75,927095,8196890,14.644642,24333.15,24300.0,24100,ATM-1,PUT,24150,2026-07-17
2026-07-17 15:22:00+05:30,122.2,123.0,119.15,122.35,1073865,8060845,14.964874,24336.85,24300.0,24100,ATM-1,PUT,24150,2026-07-17
2026-07-17 15:23:00+05:30,122.4,123.45,120.65,121.4,695045,7942545,14.918337,24337.95,24300.0,24100,ATM-1,PUT,24150,2026-07-17
2026-07-17 15:24:00+05:30,120.95,121.4,118.0,121.1,930345,7925905,15.096665,24342.8,24300.0,24100,ATM-1,PUT,24150,2026-07-17
2026-07-17 15:25:00+05:30,121.5,123.8,121.1,122.2,1098110,7573540,15.301425,24345.0,24300.0,24100,ATM-1,PUT,24150,2026-07-17
2026-07-17 15:26:00+05:30,122.5,123.0,119.7,121.2,821600,7488325,15.108896,24342.8,24300.0,24100,ATM-1,PUT,24150,2026-07-17
2026-07-17 15:27:00+05:30,122.0,122.0,118.55,119.05,735280,7259330,14.94567,24344.0,24300.0,24100,ATM-1,PUT,24150,2026-07-17
2026-07-17 15:28:00+05:30,119.35,119.65,113.4,114.0,1433835,7114640,14.245438,24339.4,24300.0,24100,ATM-1,PUT,24150,2026-07-17
2026-07-17 15:29:00+05:30,114.3,114.6,109.5,110.1,1492400,6886490,14.163275,24346.7,24300.0,24100,ATM-1,PUT,24150,2026-07-17
2026-07-17 09:15:00+05:30,158.7,174.65,141.15,174.65,1434550,2246075,9.299614,24151.25,24050.0,24050,ATM-2,CALL,24150,2026-07-17
2026-07-17 09:16:00+05:30,178.7,187.5,174.25,187.5,1238055,2495545,9.143065,24171.0,24050.0,24050,ATM-2,CALL,24150,2026-07-17
2026-07-17 09:17:00+05:30,158.7,163.55,157.25,158.95,2893280,8075600,9.441149,24176.15,24100.0,24050,ATM-2,CALL,24150,2026-07-17
2026-07-17 09:18:00+05:30,160.05,170.7,158.95,169.35,2036710,7933185,9.743497,24187.4,24100.0,24050,ATM-2,CALL,24150,2026-07-17
2026-07-17 09:19:00+05:30,170.95,174.95,166.75,170.55,2342145,7700550,9.840083,24187.85,24100.0,24050,ATM-2,CALL,24150,2026-07-17
2026-07-17 09:20:00+05:30,169.15,174.55,166.15,169.1,1753310,7594730,9.693715,24187.75,24100.0,24050,ATM-2,CALL,24150,2026-07-17
2026-07-17 09:21:00+05:30,169.6,170.3,164.25,166.65,787215,7549880,9.578012,24185.75,24100.0,24050,ATM-2,CALL,24150,2026-07-17
2026-07-17 09:22:00+05:30,166.0,170.0,165.15,170.0,665275,7625150,9.719583,24188.75,24100.0,24050,ATM-2,CALL,24150,2026-07-17
2026-07-17 09:23:00+05:30,169.1,170.35,165.6,165.6,575640,7620925,9.43884,24186.15,24100.0,24050,ATM-2,CALL,24150,2026-07-17
2026-07-17 09:24:00+05:30,166.3,173.0,164.9,172.65,865215,7644780,9.775874,24191.9,24100.0,24050,ATM-2,CALL,24150,2026-07-17
2026-07-17 09:25:00+05:30,172.2,179.0,172.1,177.05,1885520,7687420,9.735488,24198.85,24100.0,24050,ATM-2,CALL,24150,2026-07-17
2026-07-17 09:26:00+05:30,178.2,180.2,175.05,175.75,1139970,7626710,9.521933,24199.8,24100.0,24050,ATM-2,CALL,24150,2026-07-17
2026-07-17 09:27:00+05:30,175.7,180.8,173.4,179.0,871390,7527455,9.645895,24202.85,24100.0,24050,ATM-2,CALL,24150,2026-07-17
2026-07-17 09:28:00+05:30,178.8,179.2,176.8,179.0,348790,7478510,9.495224,24204.8,24100.0,24050,ATM-2,CALL,24150,2026-07-17
2026-07-17 09:29:00+05:30,178.05,183.05,177.65,183.05,603655,7447635,9.536727,24210.0,24100.0,24050,ATM-2,CALL,24150,2026-07-17
2026-07-17 09:30:00+05:30,183.2,185.15,175.1,177.25,1255410,7305285,9.389275,24203.7,24100.0,24050,ATM-2,CALL,24150,2026-07-17
2026-07-17 09:31:00+05:30,177.75,179.75,171.1,171.45,677950,7164560,9.281409,24196.85,24100.0,24050,ATM-2,CALL,24150,2026-07-17
2026-07-17 09:32:00+05:30,172.25,177.75,168.6,177.75,675610,7180225,9.328757,24205.2,24100.0,24050,ATM-2,CALL,24150,2026-07-17
2026-07-17 09:33:00+05:30,178.5,182.65,176.35,180.7,856960,7118085,9.219055,24210.7,24100.0,24050,ATM-2,CALL,24150,2026-07-17
2026-07-17 09:34:00+05:30,181.0,185.2,175.1,176.7,881920,7053605,9.100525,24206.6,24100.0,24050,ATM-2,CALL,24150,2026-07-17
2026-07-17 09:35:00+05:30,177.15,178.4,175.25,175.75,333580,7016230,8.957116,24207.05,24100.0,24050,ATM-2,CALL,24150,2026-07-17
2026-07-17 09:36:00+05:30,175.8,177.7,172.1,177.7,352820,7016100,8.987202,24209.4,24100.0,24050,ATM-2,CALL,24150,2026-07-17
2026-07-17 09:37:00+05:30,177.25,182.85,175.55,182.35,407160,7015775,8.949098,24216.25,24100.0,24050,ATM-2,CALL,24150,2026-07-17
2026-07-17 09:38:00+05:30,182.6,185.9,180.8,184.7,794560,7015970,8.765117,24221.55,24100.0,24050,ATM-2,CALL,24150,2026-07-17
2026-07-17 09:39:00+05:30,184.6,186.7,180.9,182.0,611195,6960265,8.657481,24219.15,24100.0,24050,ATM-2,CALL,24150,2026-07-17
2026-07-17 09:40:00+05:30,181.35,186.0,180.4,183.65,364065,6892340,8.686462,24221.05,24100.0,24050,ATM-2,CALL,24150,2026-07-17
2026-07-17 09:41:00+05:30,184.1,185.85,182.05,183.1,305955,6892080,8.517616,24222.2,24100.0,24050,ATM-2,CALL,24150,2026-07-17
2026-07-17 09:42:00+05:30,184.5,186.4,183.1,185.1,349765,6852495,8.53272,24224.7,24100.0,24050,ATM-2,CALL,24150,2026-07-17
2026-07-17 09:43:00+05:30,154.05,157.85,153.7,155.95,742300,6957925,9.200062,24225.15,24150.0,24050,ATM-2,CALL,24150,2026-07-17
2026-07-17 09:44:00+05:30,157.75,162.1,153.6,158.75,1149785,6785805,9.057982,24231.3,24150.0,24050,ATM-2,CALL,24150,2026-07-17
2026-07-17 09:45:00+05:30,160.05,168.0,158.75,161.65,1567995,6656065,9.136137,24234.5,24150.0,24050,ATM-2,CALL,24150,2026-07-17
2026-07-17 09:46:00+05:30,162.0,166.2,159.7,164.0,680550,6575985,8.870387,24241.45,24150.0,24050,ATM-2,CALL,24150,2026-07-17
2026-07-17 09:47:00+05:30,164.8,167.65,161.1,162.45,652080,6575790,9.087838,24236.35,24150.0,24050,ATM-2,CALL,24150,2026-07-17
2026-07-17 09:48:00+05:30,163.45,166.6,161.4,165.0,337415,6538545,9.088615,24240.05,24150.0,24050,ATM-2,CALL,24150,2026-07-17
2026-07-17 09:49:00+05:30,165.5,165.65,161.0,162.75,289835,6496945,9.085265,24236.85,24150.0,24050,ATM-2,CALL,24150,2026-07-17
2026-07-17 09:50:00+05:30,162.35,167.25,162.35,165.35,338130,6464250,8.888437,24243.2,24150.0,24050,ATM-2,CALL,24150,2026-07-17
2026-07-17 09:51:00+05:30,165.35,165.85,156.9,156.9,541255,6438640,9.041803,24228.9,24150.0,24050,ATM-2,CALL,24150,2026-07-17
2026-07-17 09:52:00+05:30,158.4,159.1,155.5,156.0,366535,6338930,8.870195,24229.95,24150.0,24050,ATM-2,CALL,24150,2026-07-17
2026-07-17 09:53:00+05:30,156.1,160.75,154.6,160.75,342095,6332170,9.150759,24233.1,24150.0,24050,ATM-2,CALL,24150,2026-07-17
2026-07-17 09:54:00+05:30,160.4,168.3,160.05,165.2,547300,6323720,9.120718,24240.0,24150.0,24050,ATM-2,CALL,24150,2026-07-17
2026-07-17 09:55:00+05:30,163.7,165.2,156.85,158.25,351585,6263530,9.096233,24230.2,24150.0,24050,ATM-2,CALL,24150,2026-07-17
2026-07-17 09:56:00+05:30,188.85,189.2,181.6,183.8,397865,6066580,8.53707,24223.1,24100.0,24050,ATM-2,CALL,24150,2026-07-17
2026-07-17 09:57:00+05:30,183.8,184.0,178.35,180.55,406575,6066320,8.485834,24219.35,24100.0,24050,ATM-2,CALL,24150,2026-07-17
2026-07-17 09:58:00+05:30,150.15,155.8,148.95,155.75,394030,6217900,8.915444,24229.05,24150.0,24050,ATM-2,CALL,24150,2026-07-17
2026-07-17 09:59:00+05:30,155.75,157.5,153.5,157.0,337805,6220045,9.064665,24228.85,24150.0,24050,ATM-2,CALL,24150,2026-07-17
2026-07-17 10:00:00+05:30,188.5,191.9,179.3,180.1,460525,6043960,8.223001,24221.65,24100.0,24050,ATM-2,CALL,24150,2026-07-17
2026-07-17 10:01:00+05:30,180.6,184.45,171.75,173.7,441870,6030765,8.295563,24212.35,24100.0,24050,ATM-2,CALL,24150,2026-07-17
2026-07-17 10:02:00+05:30,175.5,177.35,173.55,174.5,340145,5990855,8.072345,24215.9,24100.0,24050,ATM-2,CALL,24150,2026-07-17
2026-07-17 10:03:00+05:30,175.55,176.95,173.35,176.5,213330,6011525,8.400942,24214.95,24100.0,24050,ATM-2,CALL,24150,2026-07-17
2026-07-17 10:04:00+05:30,177.0,177.05,172.1,174.3,255385,6023615,8.178124,24214.5,24100.0,24050,ATM-2,CALL,24150,2026-07-17
2026-07-17 10:05:00+05:30,174.55,181.5,173.15,180.3,403325,6021210,8.285734,24221.3,24100.0,24050,ATM-2,CALL,24150,2026-07-17
2026-07-17 10:06:00+05:30,180.0,183.2,179.45,179.6,338715,6050590,8.068313,24222.7,24100.0,24050,ATM-2,CALL,24150,2026-07-17
2026-07-17 10:07:00+05:30,149.0,151.8,148.8,151.65,172575,6280495,8.733004,24225.65,24150.0,24050,ATM-2,CALL,24150,2026-07-17
2026-07-17 10:08:00+05:30,151.5,153.05,148.75,153.05,207870,6291545,8.742196,24227.6,24150.0,24050,ATM-2,CALL,24150,2026-07-17
2026-07-17 10:09:00+05:30,153.85,158.35,153.05,154.3,475410,6250725,8.555928,24231.95,24150.0,24050,ATM-2,CALL,24150,2026-07-17
2026-07-17 10:10:00+05:30,154.45,156.15,153.25,153.6,203905,6256250,8.578344,24230.65,24150.0,24050,ATM-2,CALL,24150,2026-07-17
2026-07-17 10:11:00+05:30,153.7,155.2,153.0,155.2,124020,6270485,8.558079,24233.25,24150.0,24050,ATM-2,CALL,24150,2026-07-17
2026-07-17 10:12:00+05:30,155.75,163.2,155.2,162.9,589225,6298045,8.896418,24239.9,24150.0,24050,ATM-2,CALL,24150,2026-07-17
2026-07-17 10:13:00+05:30,163.6,167.75,162.9,163.6,760240,6271395,8.488868,24246.1,24150.0,24050,ATM-2,CALL,24150,2026-07-17
2026-07-17 10:14:00+05:30,163.65,164.0,158.65,159.1,305760,6217900,8.482693,24239.85,24150.0,24050,ATM-2,CALL,24150,2026-07-17
2026-07-17 10:15:00+05:30,159.25,164.95,158.25,164.2,311805,6236425,8.5907,24245.7,24150.0,24050,ATM-2,CALL,24150,2026-07-17
2026-07-17 10:16:00+05:30,164.2,167.0,163.8,164.4,282230,6220890,8.497621,24247.15,24150.0,24050,ATM-2,CALL,24150,2026-07-17
2026-07-17 10:17:00+05:30,164.6,175.1,164.05,173.6,787670,6195345,9.013163,24253.65,24150.0,24050,ATM-2,CALL,24150,2026-07-17
2026-07-17 10:18:00+05:30,173.5,205.4,172.45,204.15,2000050,5896410,10.782973,24274.45,24150.0,24050,ATM-2,CALL,24150,2026-07-17
2026-07-17 10:19:00+05:30,198.85,204.15,190.1,192.85,1000610,5516550,9.539057,24273.95,24150.0,24050,ATM-2,CALL,24150,2026-07-17
2026-07-17 10:20:00+05:30,192.95,197.2,187.55,187.9,429845,5504070,9.572407,24266.75,24150.0,24050,ATM-2,CALL,24150,2026-07-17
2026-07-17 10:21:00+05:30,188.45,190.9,186.0,188.2,277745,5538260,9.47954,24268.3,24150.0,24050,ATM-2,CALL,24150,2026-07-17
2026-07-17 10:22:00+05:30,186.85,188.2,183.25,183.3,239135,5533190,9.362378,24262.95,24150.0,24050,ATM-2,CALL,24150,2026-07-17
2026-07-17 10:23:00+05:30,183.4,183.4,179.2,181.0,232310,5530590,9.439904,24258.8,24150.0,24050,ATM-2,CALL,24150,2026-07-17
2026-07-17 10:24:00+05:30,181.3,181.55,177.4,181.0,173160,5536895,9.694469,24255.6,24150.0,24050,ATM-2,CALL,24150,2026-07-17
2026-07-17 10:25:00+05:30,181.7,186.0,178.8,184.8,264225,5535270,9.458829,24263.9,24150.0,24050,ATM-2,CALL,24150,2026-07-17
2026-07-17 10:26:00+05:30,184.4,185.55,182.4,185.0,168610,5523895,9.329974,24265.75,24150.0,24050,ATM-2,CALL,24150,2026-07-17
2026-07-17 10:27:00+05:30,185.0,188.9,182.95,186.0,267735,5505955,9.287238,24267.65,24150.0,24050,ATM-2,CALL,24150,2026-07-17
2026-07-17 10:28:00+05:30,185.7,191.25,185.2,189.95,253890,5470660,9.266441,24273.3,24150.0,24050,ATM-2,CALL,24150,2026-07-17
2026-07-17 10:29:00+05:30,159.35,166.6,158.55,166.0,1476735,10724870,9.836823,24281.55,24200.0,24050,ATM-2,CALL,24150,2026-07-17
2026-07-17 10:30:00+05:30,165.65,166.0,159.65,163.1,1179425,10390900,9.683246,24279.4,24200.0,24050,ATM-2,CALL,24150,2026-07-17
2026-07-17 10:31:00+05:30,163.7,168.2,163.7,168.2,1224210,10119460,9.962158,24283.1,24200.0,24050,ATM-2,CALL,24150,2026-07-17
2026-07-17 10:32:00+05:30,167.35,174.1,166.75,167.05,1766635,9870445,9.691718,24285.2,24200.0,24050,ATM-2,CALL,24150,2026-07-17
2026-07-17 10:33:00+05:30,166.05,167.05,161.8,164.6,826865,9572550,9.827202,24279.65,24200.0,24050,ATM-2,CALL,24150,2026-07-17
2026-07-17 10:34:00+05:30,164.65,169.0,163.8,168.8,527345,9569430,9.944181,24284.3,24200.0,24050,ATM-2,CALL,24150,2026-07-17
2026-07-17 10:35:00+05:30,200.4,200.75,187.55,188.05,230880,5329155,9.146397,24272.2,24150.0,24050,ATM-2,CALL,24150,2026-07-17
2026-07-17 10:36:00+05:30,188.05,189.8,185.65,188.55,175370,5282420,9.180384,24272.5,24150.0,24050,ATM-2,CALL,24150,2026-07-17
2026-07-17 10:37:00+05:30,188.95,189.35,182.55,182.55,144105,5273255,8.930727,24267.25,24150.0,24050,ATM-2,CALL,24150,2026-07-17
2026-07-17 10:38:00+05:30,183.05,186.0,180.5,185.05,159640,5259735,9.176942,24267.8,24150.0,24050,ATM-2,CALL,24150,2026-07-17
2026-07-17 10:39:00+05:30,184.65,186.65,182.5,182.85,87555,5261165,8.968195,24267.25,24150.0,24050,ATM-2,CALL,24150,2026-07-17
2026-07-17 10:40:00+05:30,183.15,186.15,181.65,186.15,70525,5270655,9.251942,24268.45,24150.0,24050,ATM-2,CALL,24150,2026-07-17
2026-07-17 10:41:00+05:30,185.05,186.5,183.45,186.1,86320,5278065,9.049545,24270.75,24150.0,24050,ATM-2,CALL,24150,2026-07-17
2026-07-17 10:42:00+05:30,186.45,187.6,183.4,184.55,109395,5283200,8.998394,24269.25,24150.0,24050,ATM-2,CALL,24150,2026-07-17
2026-07-17 10:43:00+05:30,184.75,184.75,170.75,171.85,312065,5289180,9.281753,24248.15,24150.0,24050,ATM-2,CALL,24150,2026-07-17
2026-07-17 10:44:00+05:30,172.2,177.9,171.85,176.2,194220,5275140,8.892454,24259.1,24150.0,24050,ATM-2,CALL,24150,2026-07-17
2026-07-17 10:45:00+05:30,175.65,177.1,168.9,168.9,203190,5274750,8.536962,24253.3,24150.0,24050,ATM-2,CALL,24150,2026-07-17
2026-07-17 10:46:00+05:30,169.0,172.0,167.75,170.6,190450,5266040,8.798598,24252.5,24150.0,24050,ATM-2,CALL,24150,2026-07-17
2026-07-17 10:47:00+05:30,170.8,174.7,169.85,174.45,124085,5280015,9.082145,24254.4,24150.0,24050,ATM-2,CALL,24150,2026-07-17
2026-07-17 10:48:00+05:30,173.5,174.45,169.3,169.3,111930,5298800,8.561261,24253.6,24150.0,24050,ATM-2,CALL,24150,2026-07-17
2026-07-17 10:49:00+05:30,169.6,171.0,167.05,168.25,109070,5307705,8.746502,24249.9,24150.0,24050,ATM-2,CALL,24150,2026-07-17
2026-07-17 10:50:00+05:30,168.15,171.55,166.6,169.1,134680,5325125,8.750665,24251.05,24150.0,24050,ATM-2,CALL,24150,2026-07-17
2026-07-17 10:51:00+05:30,168.5,169.1,164.9,165.3,132730,5336110,8.494827,24248.9,24150.0,24050,ATM-2,CALL,24150,2026-07-17
2026-07-17 10:52:00+05:30,164.9,168.75,163.65,168.55,122070,5343000,8.632882,24251.75,24150.0,24050,ATM-2,CALL,24150,2026-07-17
2026-07-17 10:53:00+05:30,168.9,173.6,168.2,172.4,343590,5397275,8.706817,24256.2,24150.0,24050,ATM-2,CALL,24150,2026-07-17
2026-07-17 10:54:00+05:30,171.95,172.6,165.85,168.45,311350,5371470,8.303992,24255.55,24150.0,24050,ATM-2,CALL,24150,2026-07-17
2026-07-17 10:55:00+05:30,168.1,169.7,165.0,169.65,153790,5370950,8.342498,24256.75,24150.0,24050,ATM-2,CALL,24150,2026-07-17
2026-07-17 10:56:00+05:30,169.95,174.0,168.35,171.5,334100,5300100,8.635537,24255.85,24150.0,24050,ATM-2,CALL,24150,2026-07-17
2026-07-17 10:57:00+05:30,171.9,172.3,168.5,170.45,87230,5291260,8.459714,24256.5,24150.0,24050,ATM-2,CALL,24150,2026-07-17
2026-07-17 10:58:00+05:30,170.65,173.85,169.95,173.7,101725,5293535,8.73253,24257.75,24150.0,24050,ATM-2,CALL,24150,2026-07-17
2026-07-17 10:59:00+05:30,173.6,173.7,171.0,171.95,96720,5255055,8.59403,24257.0,24150.0,24050,ATM-2,CALL,24150,2026-07-17
2026-07-17 11:00:00+05:30,171.55,176.55,171.05,174.4,224965,5268835,8.633739,24259.9,24150.0,24050,ATM-2,CALL,24150,2026-07-17
2026-07-17 11:01:00+05:30,174.1,175.75,169.8,171.3,195390,5250895,8.55458,24256.6,24150.0,24050,ATM-2,CALL,24150,2026-07-17
2026-07-17 11:02:00+05:30,170.9,171.3,165.2,165.9,189865,5245760,8.603631,24248.55,24150.0,24050,ATM-2,CALL,24150,2026-07-17
2026-07-17 11:03:00+05:30,165.7,169.75,165.7,169.25,92885,5267080,8.854852,24250.15,24150.0,24050,ATM-2,CALL,24150,2026-07-17
2026-07-17 11:04:00+05:30,169.55,173.0,169.15,173.0,119080,5280405,8.624099,24258.15,24150.0,24050,ATM-2,CALL,24150,2026-07-17
2026-07-17 11:05:00+05:30,172.45,176.5,172.45,173.7,171145,5271435,8.356441,24262.2,24150.0,24050,ATM-2,CALL,24150,2026-07-17
2026-07-17 11:06:00+05:30,172.6,176.0,171.0,175.9,94705,5268380,8.644233,24261.9,24150.0,24050,ATM-2,CALL,24150,2026-07-17
2026-07-17 11:07:00+05:30,175.65,176.15,164.55,164.95,206635,5268510,8.695246,24246.15,24150.0,24050,ATM-2,CALL,24150,2026-07-17
2026-07-17 11:08:00+05:30,164.6,164.95,158.2,161.55,322985,5271695,8.927265,24238.35,24150.0,24050,ATM-2,CALL,24150,2026-07-17
2026-07-17 11:09:00+05:30,162.0,164.25,160.05,163.1,195130,5274880,8.826029,24241.9,24150.0,24050,ATM-2,CALL,24150,2026-07-17
2026-07-17 11:10:00+05:30,163.1,163.55,158.6,159.55,134615,5282810,8.666405,24238.9,24150.0,24050,ATM-2,CALL,24150,2026-07-17
2026-07-17 11:11:00+05:30,159.55,163.45,158.9,162.7,141570,5280925,8.873095,24240.75,24150.0,24050,ATM-2,CALL,24150,2026-07-17
2026-07-17 11:12:00+05:30,162.25,163.5,160.75,163.0,84890,5274945,8.83376,24241.7,24150.0,24050,ATM-2,CALL,24150,2026-07-17
2026-07-17 11:13:00+05:30,162.8,163.0,157.5,158.35,134680,5263115,8.614166,24237.9,24150.0,24050,ATM-2,CALL,24150,2026-07-17
2026-07-17 11:14:00+05:30,158.75,163.0,157.45,161.75,140140,5233020,9.155373,24235.7,24150.0,24050,ATM-2,CALL,24150,2026-07-17
2026-07-17 11:15:00+05:30,160.45,162.95,159.75,161.7,88400,5241990,8.905554,24238.95,24150.0,24050,ATM-2,CALL,24150,2026-07-17
2026-07-17 11:16:00+05:30,161.25,162.0,156.1,157.2,121550,5259020,8.686587,24235.35,24150.0,24050,ATM-2,CALL,24150,2026-07-17
2026-07-17 11:17:00+05:30,157.1,161.05,157.1,158.35,124605,5276180,8.493442,24239.5,24150.0,24050,ATM-2,CALL,24150,2026-07-17
2026-07-17 11:18:00+05:30,158.25,158.9,155.0,155.35,140140,5279170,8.363931,24236.9,24150.0,24050,ATM-2,CALL,24150,2026-07-17
2026-07-17 11:19:00+05:30,155.7,159.5,154.1,158.35,147940,5282030,8.324498,24241.65,24150.0,24050,ATM-2,CALL,24150,2026-07-17
2026-07-17 11:20:00+05:30,158.3,159.3,157.65,157.95,81250,5304195,8.272237,24241.75,24150.0,24050,ATM-2,CALL,24150,2026-07-17
2026-07-17 11:21:00+05:30,158.85,159.1,157.0,159.05,55705,5307965,8.401623,24241.7,24150.0,24050,ATM-2,CALL,24150,2026-07-17
2026-07-17 11:22:00+05:30,159.1,165.4,159.05,163.4,341640,5302895,8.264266,24249.45,24150.0,24050,ATM-2,CALL,24150,2026-07-17
2026-07-17 11:23:00+05:30,161.4,163.4,155.65,156.9,205660,5315570,8.420456,24238.45,24150.0,24050,ATM-2,CALL,24150,2026-07-17
2026-07-17 11:24:00+05:30,157.35,163.0,155.0,162.05,189735,5313620,8.380731,24246.2,24150.0,24050,ATM-2,CALL,24150,2026-07-17
2026-07-17 11:25:00+05:30,161.95,162.75,158.5,159.1,95420,5292235,8.331082,24242.7,24150.0,24050,ATM-2,CALL,24150,2026-07-17
2026-07-17 11:26:00+05:30,159.4,160.6,156.95,160.45,73255,5297305,8.588128,24241.4,24150.0,24050,ATM-2,CALL,24150,2026-07-17
2026-07-17 11:27:00+05:30,160.6,162.4,160.0,160.65,102310,5310760,8.444182,24243.5,24150.0,24050,ATM-2,CALL,24150,2026-07-17
2026-07-17 11:28:00+05:30,160.85,162.0,159.3,161.0,59280,5327140,8.347047,24245.2,24150.0,24050,ATM-2,CALL,24150,2026-07-17
2026-07-17 11:29:00+05:30,161.55,164.6,160.0,160.25,159770,5329675,8.441328,24243.0,24150.0,24050,ATM-2,CALL,24150,2026-07-17
2026-07-17 11:30:00+05:30,160.5,163.4,159.9,161.0,136630,5333965,8.434574,24244.15,24150.0,24050,ATM-2,CALL,24150,2026-07-17
2026-07-17 11:31:00+05:30,160.65,162.0,158.7,161.9,101660,5358860,8.371111,24246.2,24150.0,24050,ATM-2,CALL,24150,2026-07-17
2026-07-17 11:32:00+05:30,161.9,163.0,159.1,161.0,60450,5351450,8.541184,24242.85,24150.0,24050,ATM-2,CALL,24150,2026-07-17
2026-07-17 11:33:00+05:30,161.55,163.05,158.25,161.8,150345,5345405,8.132567,24248.95,24150.0,24050,ATM-2,CALL,24150,2026-07-17
2026-07-17 11:34:00+05:30,163.0,168.15,161.8,164.65,303095,5307965,8.155113,24252.6,24150.0,24050,ATM-2,CALL,24150,2026-07-17
2026-07-17 11:35:00+05:30,164.7,170.55,164.65,169.45,283790,5349110,8.205262,24258.55,24150.0,24050,ATM-2,CALL,24150,2026-07-17
2026-07-17 11:36:00+05:30,168.95,171.55,164.1,165.15,406640,5436860,8.364353,24250.85,24150.0,24050,ATM-2,CALL,24150,2026-07-17
2026-07-17 11:37:00+05:30,164.8,166.7,161.0,162.05,213655,5434910,8.337102,24246.9,24150.0,24050,ATM-2,CALL,24150,2026-07-17
2026-07-17 11:38:00+05:30,162.0,166.6,161.5,166.6,162370,5496270,8.504767,24251.2,24150.0,24050,ATM-2,CALL,24150,2026-07-17
2026-07-17 11:39:00+05:30,166.85,169.8,166.1,169.6,191035,5497960,8.358633,24257.05,24150.0,24050,ATM-2,CALL,24150,2026-07-17
2026-07-17 11:40:00+05:30,169.35,170.1,166.75,169.8,170235,5486195,8.256804,24258.5,24150.0,24050,ATM-2,CALL,24150,2026-07-17
2026-07-17 11:41:00+05:30,170.4,174.5,169.8,174.15,369655,5532670,8.352102,24263.3,24150.0,24050,ATM-2,CALL,24150,2026-07-17
2026-07-17 11:42:00+05:30,174.5,175.3,170.75,170.8,255385,5537545,8.120305,24261.4,24150.0,24050,ATM-2,CALL,24150,2026-07-17
2026-07-17 11:43:00+05:30,171.3,174.3,170.5,172.75,144625,5525195,8.293447,24262.1,24150.0,24050,ATM-2,CALL,24150,2026-07-17
2026-07-17 11:44:00+05:30,172.65,177.6,172.4,174.65,358540,5491785,8.059432,24267.2,24150.0,24050,ATM-2,CALL,24150,2026-07-17
2026-07-17 11:45:00+05:30,175.45,178.15,174.65,177.1,265135,5477160,7.952135,24271.55,24150.0,24050,ATM-2,CALL,24150,2026-07-17
2026-07-17 11:46:00+05:30,177.35,177.6,173.95,176.65,175760,5446805,8.135539,24269.05,24150.0,24050,ATM-2,CALL,24150,2026-07-17
2026-07-17 11:47:00+05:30,176.25,177.0,171.7,173.1,193570,5415020,7.9506,24266.35,24150.0,24050,ATM-2,CALL,24150,2026-07-17
2026-07-17 11:48:00+05:30,173.05,177.0,172.9,174.4,131950,5405010,7.990461,24267.65,24150.0,24050,ATM-2,CALL,24150,2026-07-17
2026-07-17 11:49:00+05:30,174.9,176.2,173.85,174.55,127595,5443750,8.010214,24267.65,24150.0,24050,ATM-2,CALL,24150,2026-07-17
2026-07-17 11:50:00+05:30,175.5,176.0,173.2,175.7,64545,5436145,7.872824,24270.6,24150.0,24050,ATM-2,CALL,24150,2026-07-17
2026-07-17 11:51:00+05:30,175.95,178.5,175.5,176.8,223925,5408390,7.842461,24272.35,24150.0,24050,ATM-2,CALL,24150,2026-07-17
2026-07-17 11:52:00+05:30,177.1,181.5,176.6,181.5,222495,5382975,8.291561,24273.85,24150.0,24050,ATM-2,CALL,24150,2026-07-17
2026-07-17 11:53:00+05:30,152.0,154.2,149.95,152.25,1174680,9217455,8.663748,24278.7,24200.0,24050,ATM-2,CALL,24150,2026-07-17
2026-07-17 11:54:00+05:30,152.8,153.95,151.85,152.6,607230,9183135,8.68054,24279.0,24200.0,24050,ATM-2,CALL,24150,2026-07-17
2026-07-17 11:55:00+05:30,182.9,184.1,178.8,178.8,192010,5263375,7.860436,24274.8,24150.0,24050,ATM-2,CALL,24150,2026-07-17
2026-07-17 11:56:00+05:30,148.2,153.6,145.65,151.8,825175,9090705,8.494226,24280.35,24200.0,24050,ATM-2,CALL,24150,2026-07-17
2026-07-17 11:57:00+05:30,152.15,153.55,150.9,150.9,423930,9058335,8.472242,24279.35,24200.0,24050,ATM-2,CALL,24150,2026-07-17
2026-07-17 11:58:00+05:30,181.8,183.6,177.6,177.85,162955,5235165,7.720607,24275.0,24150.0,24050,ATM-2,CALL,24150,2026-07-17
2026-07-17 11:59:00+05:30,147.4,149.95,147.0,148.8,218595,9078095,8.357685,24277.85,24200.0,24050,ATM-2,CALL,24150,2026-07-17
2026-07-17 12:00:00+05:30,178.1,181.2,172.4,172.9,223145,5202600,7.49411,24270.9,24150.0,24050,ATM-2,CALL,24150,2026-07-17
2026-07-17 12:01:00+05:30,173.5,175.8,170.8,173.1,166725,5156060,7.793876,24268.15,24150.0,24050,ATM-2,CALL,24150,2026-07-17
2026-07-17 12:02:00+05:30,173.2,173.2,170.45,171.45,88140,5168020,7.668582,24267.3,24150.0,24050,ATM-2,CALL,24150,2026-07-17
2026-07-17 12:03:00+05:30,142.3,148.35,141.7,148.2,489840,8960185,8.47207,24275.5,24200.0,24050,ATM-2,CALL,24150,2026-07-17
2026-07-17 12:04:00+05:30,179.1,180.9,178.1,178.85,145470,5188170,7.871925,24274.85,24150.0,24050,ATM-2,CALL,24150,2026-07-17
2026-07-17 12:05:00+05:30,177.5,179.05,176.0,176.55,88335,5201625,7.635017,24274.25,24150.0,24050,ATM-2,CALL,24150,2026-07-17
2026-07-17 12:06:00+05:30,176.4,177.0,171.4,172.0,117130,5191420,7.693975,24267.8,24150.0,24050,ATM-2,CALL,24150,2026-07-17
2026-07-17 12:07:00+05:30,172.6,173.5,167.9,168.0,183885,5162235,7.620763,24263.35,24150.0,24050,ATM-2,CALL,24150,2026-07-17
2026-07-17 12:08:00+05:30,169.1,173.0,167.1,173.0,105430,5155995,7.793759,24268.1,24150.0,24050,ATM-2,CALL,24150,2026-07-17
2026-07-17 12:09:00+05:30,172.75,177.1,172.7,176.0,172120,5173025,7.572416,24274.2,24150.0,24050,ATM-2,CALL,24150,2026-07-17
2026-07-17 12:10:00+05:30,175.9,180.2,175.9,177.15,194285,5156385,7.744103,24274.0,24150.0,24050,ATM-2,CALL,24150,2026-07-17
2026-07-17 12:11:00+05:30,176.6,177.15,173.25,174.0,112580,5135650,7.583524,24271.55,24150.0,24050,ATM-2,CALL,24150,2026-07-17
2026-07-17 12:12:00+05:30,143.85,147.2,142.95,145.6,228345,8847475,8.16796,24275.9,24200.0,24050,ATM-2,CALL,24150,2026-07-17
2026-07-17 12:13:00+05:30,176.15,178.1,171.65,172.85,63700,5129670,7.542406,24270.5,24150.0,24050,ATM-2,CALL,24150,2026-07-17
2026-07-17 12:14:00+05:30,143.0,147.65,142.5,146.6,257855,8842470,8.230512,24276.55,24200.0,24050,ATM-2,CALL,24150,2026-07-17
2026-07-17 12:15:00+05:30,147.7,148.4,146.2,148.15,262145,8836035,8.100069,24280.5,24200.0,24050,ATM-2,CALL,24150,2026-07-17
2026-07-17 12:16:00+05:30,178.65,179.7,171.5,172.8,149565,5067140,7.140653,24274.3,24150.0,24050,ATM-2,CALL,24150,2026-07-17
2026-07-17 12:17:00+05:30,173.05,173.5,168.5,172.7,164645,5070390,7.352287,24272.2,24150.0,24050,ATM-2,CALL,24150,2026-07-17
2026-07-17 12:18:00+05:30,142.65,146.8,141.3,146.8,494065,8845005,8.324234,24275.65,24200.0,24050,ATM-2,CALL,24150,2026-07-17
2026-07-17 12:19:00+05:30,146.9,147.0,143.7,143.7,224770,8815300,8.000553,24275.45,24200.0,24050,ATM-2,CALL,24150,2026-07-17
2026-07-17 12:20:00+05:30,143.65,147.2,143.55,146.5,231790,8827325,7.901652,24280.75,24200.0,24050,ATM-2,CALL,24150,2026-07-17
2026-07-17 12:21:00+05:30,146.45,146.75,143.8,144.2,358150,8786700,7.743536,24279.5,24200.0,24050,ATM-2,CALL,24150,2026-07-17
2026-07-17 12:22:00+05:30,174.8,175.0,171.95,174.7,94900,5013580,7.651237,24271.9,24150.0,24050,ATM-2,CALL,24150,2026-07-17
2026-07-17 12:23:00+05:30,145.5,150.6,144.35,149.15,631215,8782735,8.176786,24281.05,24200.0,24050,ATM-2,CALL,24150,2026-07-17
2026-07-17 12:24:00+05:30,148.95,150.4,147.25,149.0,485355,8746465,8.106657,24281.75,24200.0,24050,ATM-2,CALL,24150,2026-07-17
2026-07-17 12:25:00+05:30,149.2,155.1,149.0,151.0,910585,8696155,8.561663,24278.7,24200.0,24050,ATM-2,CALL,24150,2026-07-17
2026-07-17 12:26:00+05:30,151.0,152.0,147.55,148.35,362440,8696155,8.378141,24277.3,24200.0,24050,ATM-2,CALL,24150,2026-07-17
2026-07-17 12:27:00+05:30,147.6,152.0,147.2,149.45,288665,8697455,8.405427,24278.55,24200.0,24050,ATM-2,CALL,24150,2026-07-17
2026-07-17 12:28:00+05:30,149.45,151.5,148.35,149.7,178620,8691280,8.482807,24277.9,24200.0,24050,ATM-2,CALL,24150,2026-07-17
2026-07-17 12:29:00+05:30,149.9,150.1,146.7,148.25,234000,8678605,8.343934,24277.65,24200.0,24050,ATM-2,CALL,24150,2026-07-17
2026-07-17 12:30:00+05:30,178.8,178.8,175.45,177.8,82355,4934800,7.795281,24274.55,24150.0,24050,ATM-2,CALL,24150,2026-07-17
2026-07-17 12:31:00+05:30,147.15,149.7,146.25,149.3,187590,8650980,8.502206,24277.1,24200.0,24050,ATM-2,CALL,24150,2026-07-17
2026-07-17 12:32:00+05:30,180.2,180.85,176.65,177.0,60840,4933175,7.774318,24273.75,24150.0,24050,ATM-2,CALL,24150,2026-07-17
2026-07-17 12:33:00+05:30,146.85,150.2,146.25,149.85,157690,8636745,8.311076,24280.45,24200.0,24050,ATM-2,CALL,24150,2026-07-17
2026-07-17 12:34:00+05:30,150.35,152.3,149.85,150.15,385385,8626410,8.291487,24281.15,24200.0,24050,ATM-2,CALL,24150,2026-07-17
2026-07-17 12:35:00+05:30,149.65,151.0,148.45,149.4,200785,8629140,8.197704,24281.3,24200.0,24050,ATM-2,CALL,24150,2026-07-17
2026-07-17 12:36:00+05:30,149.7,150.9,148.6,149.35,132990,8621925,8.165971,24281.65,24200.0,24050,ATM-2,CALL,24150,2026-07-17
2026-07-17 12:37:00+05:30,149.25,150.5,146.4,146.4,218270,8620365,8.052506,24278.9,24200.0,24050,ATM-2,CALL,24150,2026-07-17
2026-07-17 12:38:00+05:30,146.15,148.15,144.0,146.7,338390,8634275,8.117694,24278.5,24200.0,24050,ATM-2,CALL,24150,2026-07-17
2026-07-17 12:39:00+05:30,147.0,147.8,145.25,145.75,201565,8631285,8.071268,24277.75,24200.0,24050,ATM-2,CALL,24150,2026-07-17
2026-07-17 12:40:00+05:30,176.0,177.35,171.6,171.6,124345,4912245,7.801991,24266.55,24150.0,24050,ATM-2,CALL,24150,2026-07-17
2026-07-17 12:41:00+05:30,171.85,174.2,168.0,174.2,176670,4894305,7.889863,24269.05,24150.0,24050,ATM-2,CALL,24150,2026-07-17
2026-07-17 12:42:00+05:30,144.25,148.4,143.95,148.0,506545,8588190,8.138598,24280.15,24200.0,24050,ATM-2,CALL,24150,2026-07-17
2026-07-17 12:43:00+05:30,179.8,179.8,174.0,175.6,152035,4891640,7.473894,24275.0,24150.0,24050,ATM-2,CALL,24150,2026-07-17
2026-07-17 12:44:00+05:30,145.35,147.9,144.45,147.65,162045,8614645,8.339175,24277.05,24200.0,24050,ATM-2,CALL,24150,2026-07-17
2026-07-17 12:45:00+05:30,148.4,153.8,147.65,152.8,708370,8630375,8.415529,24283.5,24200.0,24050,ATM-2,CALL,24150,2026-07-17
2026-07-17 12:46:00+05:30,152.35,152.8,149.65,150.95,306150,8611915,8.307872,24282.25,24200.0,24050,ATM-2,CALL,24150,2026-07-17
2026-07-17 12:47:00+05:30,151.05,152.8,150.35,152.7,237510,8626345,8.166648,24286.55,24200.0,24050,ATM-2,CALL,24150,2026-07-17
2026-07-17 12:48:00+05:30,152.8,154.95,151.2,154.8,434395,8648055,8.348541,24287.25,24200.0,24050,ATM-2,CALL,24150,2026-07-17
2026-07-17 12:49:00+05:30,157.25,166.4,154.8,161.9,2000440,8639085,8.612107,24294.0,24200.0,24050,ATM-2,CALL,24150,2026-07-17
2026-07-17 12:50:00+05:30,161.75,161.9,150.3,150.3,1029730,8539310,8.133924,24283.6,24200.0,24050,ATM-2,CALL,24150,2026-07-17
2026-07-17 12:51:00+05:30,149.15,151.9,147.45,151.0,725660,8572915,8.388169,24281.35,24200.0,24050,ATM-2,CALL,24150,2026-07-17
2026-07-17 12:52:00+05:30,150.5,151.35,147.5,147.8,296530,8579220,8.157783,24279.75,24200.0,24050,ATM-2,CALL,24150,2026-07-17
2026-07-17 12:53:00+05:30,178.1,179.05,172.6,175.05,196625,4749160,7.670461,24272.5,24150.0,24050,ATM-2,CALL,24150,2026-07-17
2026-07-17 12:54:00+05:30,174.65,175.05,171.45,173.3,126295,4710290,7.293682,24273.9,24150.0,24050,ATM-2,CALL,24150,2026-07-17
2026-07-17 12:55:00+05:30,173.5,177.2,170.9,171.6,141765,4717570,7.352215,24271.2,24150.0,24050,ATM-2,CALL,24150,2026-07-17
2026-07-17 12:56:00+05:30,171.6,175.9,171.05,174.7,72345,4713930,7.41532,24274.55,24150.0,24050,ATM-2,CALL,24150,2026-07-17
2026-07-17 12:57:00+05:30,145.0,150.15,144.7,147.5,586170,8645260,8.082987,24280.35,24200.0,24050,ATM-2,CALL,24150,2026-07-17
2026-07-17 12:58:00+05:30,147.85,149.7,145.75,145.75,311675,8669115,7.997993,24278.95,24200.0,24050,ATM-2,CALL,24150,2026-07-17
2026-07-17 12:59:00+05:30,146.1,150.45,145.75,149.9,328640,8698430,8.122152,24283.3,24200.0,24050,ATM-2,CALL,24150,2026-07-17
2026-07-17 13:00:00+05:30,151.4,152.85,148.2,149.25,373360,8712340,8.089707,24282.8,24200.0,24050,ATM-2,CALL,24150,2026-07-17
2026-07-17 13:01:00+05:30,149.5,153.4,149.25,150.5,345410,8739770,8.156083,24283.75,24200.0,24050,ATM-2,CALL,24150,2026-07-17
2026-07-17 13:02:00+05:30,150.6,150.65,146.5,146.5,276705,8742890,8.108872,24278.65,24200.0,24050,ATM-2,CALL,24150,2026-07-17
2026-07-17 13:03:00+05:30,146.7,148.5,144.45,146.75,337025,8753290,7.977916,24280.7,24200.0,24050,ATM-2,CALL,24150,2026-07-17
2026-07-17 13:04:00+05:30,146.85,149.1,146.65,147.05,178035,8796450,8.079058,24279.85,24200.0,24050,ATM-2,CALL,24150,2026-07-17
2026-07-17 13:05:00+05:30,147.35,147.35,145.1,146.55,125905,8811140,7.925942,24281.1,24200.0,24050,ATM-2,CALL,24150,2026-07-17
2026-07-17 13:06:00+05:30,146.85,148.3,145.6,148.05,145405,8813870,7.868734,24283.95,24200.0,24050,ATM-2,CALL,24150,2026-07-17
2026-07-17 13:07:00+05:30,148.0,149.9,143.15,143.4,362830,8816145,7.939732,24276.45,24200.0,24050,ATM-2,CALL,24150,2026-07-17
2026-07-17 13:08:00+05:30,143.65,146.3,143.4,145.1,153595,8805875,7.87282,24279.75,24200.0,24050,ATM-2,CALL,24150,2026-07-17
2026-07-17 13:09:00+05:30,145.15,146.3,143.8,144.2,169455,8811010,7.910466,24278.0,24200.0,24050,ATM-2,CALL,24150,2026-07-17
2026-07-17 13:10:00+05:30,144.6,146.25,144.2,145.05,108940,8810295,7.888985,24279.5,24200.0,24050,ATM-2,CALL,24150,2026-07-17
2026-07-17 13:11:00+05:30,145.85,147.3,145.0,145.4,159445,8810490,7.944961,24279.3,24200.0,24050,ATM-2,CALL,24150,2026-07-17
2026-07-17 13:12:00+05:30,145.0,145.85,142.0,142.0,310115,8821735,7.718202,24277.35,24200.0,24050,ATM-2,CALL,24150,2026-07-17
2026-07-17 13:13:00+05:30,142.35,145.55,142.0,145.0,244400,8830055,8.123248,24276.45,24200.0,24050,ATM-2,CALL,24150,2026-07-17
2026-07-17 13:14:00+05:30,145.4,147.9,144.55,146.2,266890,8838635,7.779785,24282.55,24200.0,24050,ATM-2,CALL,24150,2026-07-17
2026-07-17 13:15:00+05:30,175.65,176.9,166.5,169.65,252200,4599920,7.035572,24271.9,24150.0,24050,ATM-2,CALL,24150,2026-07-17
2026-07-17 13:16:00+05:30,169.4,171.0,168.65,170.8,76765,4553705,7.096246,24272.8,24150.0,24050,ATM-2,CALL,24150,2026-07-17
2026-07-17 13:17:00+05:30,140.65,141.9,139.0,141.65,284310,8846630,7.836636,24275.4,24200.0,24050,ATM-2,CALL,24150,2026-07-17
2026-07-17 13:18:00+05:30,171.6,174.2,169.5,172.0,145145,4586855,7.288774,24272.55,24150.0,24050,ATM-2,CALL,24150,2026-07-17
2026-07-17 13:19:00+05:30,171.25,172.0,167.95,169.35,58760,4638595,6.720601,24274.35,24150.0,24050,ATM-2,CALL,24150,2026-07-17
2026-07-17 13:20:00+05:30,139.4,142.45,138.95,140.85,230100,8926580,7.600829,24277.3,24200.0,24050,ATM-2,CALL,24150,2026-07-17
2026-07-17 13:21:00+05:30,140.9,141.3,138.4,138.5,338715,8924435,7.323091,24277.45,24200.0,24050,ATM-2,CALL,24150,2026-07-17
2026-07-17 13:22:00+05:30,169.4,170.25,168.0,169.65,41210,4585945,6.767027,24274.35,24150.0,24050,ATM-2,CALL,24150,2026-07-17
2026-07-17 13:23:00+05:30,169.9,171.0,166.45,166.85,57070,4583800,6.97125,24269.05,24150.0,24050,ATM-2,CALL,24150,2026-07-17
2026-07-17 13:24:00+05:30,167.8,169.4,162.95,163.35,153335,4561960,6.775787,24266.45,24150.0,24050,ATM-2,CALL,24150,2026-07-17
2026-07-17 13:25:00+05:30,163.05,167.5,160.2,167.5,223600,4547595,7.104792,24268.65,24150.0,24050,ATM-2,CALL,24150,2026-07-17
2026-07-17 13:26:00+05:30,168.9,169.4,162.75,163.95,94900,4514770,7.01533,24265.0,24150.0,24050,ATM-2,CALL,24150,2026-07-17
2026-07-17 13:27:00+05:30,164.0,164.0,160.1,160.1,75140,4512235,6.832614,24261.85,24150.0,24050,ATM-2,CALL,24150,2026-07-17
2026-07-17 13:28:00+05:30,160.35,162.45,159.8,161.95,77090,4508790,7.200871,24260.65,24150.0,24050,ATM-2,CALL,24150,2026-07-17
2026-07-17 13:29:00+05:30,162.3,166.95,161.95,163.3,120120,4504110,6.679912,24267.3,24150.0,24050,ATM-2,CALL,24150,2026-07-17
2026-07-17 13:30:00+05:30,164.75,166.4,163.3,165.7,68120,4516590,6.741821,24269.75,24150.0,24050,ATM-2,CALL,24150,2026-07-17
2026-07-17 13:31:00+05:30,166.35,169.4,163.7,164.55,117520,4500535,6.772656,24268.05,24150.0,24050,ATM-2,CALL,24150,2026-07-17
2026-07-17 13:32:00+05:30,164.9,165.95,161.4,164.45,89635,4498715,6.929558,24266.5,24150.0,24050,ATM-2,CALL,24150,2026-07-17
2026-07-17 13:33:00+05:30,163.4,164.45,161.0,163.0,42250,4502745,7.006187,24263.95,24150.0,24050,ATM-2,CALL,24150,2026-07-17
2026-07-17 13:34:00+05:30,163.15,165.3,161.35,164.7,46930,4510740,7.050678,24265.7,24150.0,24050,ATM-2,CALL,24150,2026-07-17
2026-07-17 13:35:00+05:30,165.1,168.0,164.55,166.4,76310,4500145,7.07909,24267.6,24150.0,24050,ATM-2,CALL,24150,2026-07-17
2026-07-17 13:36:00+05:30,166.2,170.95,166.15,166.5,128700,4491565,6.854668,24269.8,24150.0,24050,ATM-2,CALL,24150,2026-07-17
2026-07-17 13:37:00+05:30,166.1,168.55,161.45,162.05,121680,4475835,6.802335,24264.7,24150.0,24050,ATM-2,CALL,24150,2026-07-17
2026-07-17 13:38:00+05:30,162.45,163.6,160.9,161.95,98735,4475965,6.66885,24265.8,24150.0,24050,ATM-2,CALL,24150,2026-07-17
2026-07-17 13:39:00+05:30,161.8,164.8,161.55,163.55,65845,4516655,6.473557,24269.5,24150.0,24050,ATM-2,CALL,24150,2026-07-17
2026-07-17 13:40:00+05:30,163.0,163.55,154.8,155.95,220220,4530045,6.669714,24258.25,24150.0,24050,ATM-2,CALL,24150,2026-07-17
2026-07-17 13:41:00+05:30,156.85,158.6,151.4,158.4,265005,4446260,7.348365,24254.65,24150.0,24050,ATM-2,CALL,24150,2026-07-17
2026-07-17 13:42:00+05:30,158.75,158.75,152.0,154.5,111085,4441645,7.188917,24251.2,24150.0,24050,ATM-2,CALL,24150,2026-07-17
2026-07-17 13:43:00+05:30,153.9,154.5,151.0,153.9,161395,4446390,7.381256,24248.35,24150.0,24050,ATM-2,CALL,24150,2026-07-17
2026-07-17 13:44:00+05:30,154.1,156.0,150.3,154.55,177645,4435730,6.900453,24254.25,24150.0,24050,ATM-2,CALL,24150,2026-07-17
2026-07-17 13:45:00+05:30,154.65,155.2,151.3,154.0,116935,4418765,7.013551,24252.4,24150.0,24050,ATM-2,CALL,24150,2026-07-17
2026-07-17 13:46:00+05:30,153.3,154.85,145.75,145.75,274755,4410510,6.675906,24245.1,24150.0,24050,ATM-2,CALL,24150,2026-07-17
2026-07-17 13:47:00+05:30,146.65,147.1,141.2,143.35,441155,4423575,6.976833,24238.7,24150.0,24050,ATM-2,CALL,24150,2026-07-17
2026-07-17 13:48:00+05:30,143.8,147.25,142.7,146.95,237250,4440150,6.640415,24247.05,24150.0,24050,ATM-2,CALL,24150,2026-07-17
2026-07-17 13:49:00+05:30,146.6,147.35,142.75,143.35,171210,4446195,6.865227,24239.95,24150.0,24050,ATM-2,CALL,24150,2026-07-17
2026-07-17 13:50:00+05:30,142.6,143.7,138.85,140.7,294060,4439695,7.654385,24227.05,24150.0,24050,ATM-2,CALL,24150,2026-07-17
2026-07-17 13:51:00+05:30,170.15,171.15,161.0,164.3,537875,4502030,7.009162,24215.95,24100.0,24050,ATM-2,CALL,24150,2026-07-17
2026-07-17 13:52:00+05:30,164.35,168.7,164.3,166.0,278070,4515485,6.526725,24222.35,24100.0,24050,ATM-2,CALL,24150,2026-07-17
2026-07-17 13:53:00+05:30,136.25,138.1,135.75,137.4,157885,4492995,7.098509,24229.25,24150.0,24050,ATM-2,CALL,24150,2026-07-17
2026-07-17 13:54:00+05:30,138.1,140.5,136.55,140.0,212420,4485325,7.170773,24232.0,24150.0,24050,ATM-2,CALL,24150,2026-07-17
2026-07-17 13:55:00+05:30,139.35,143.65,137.55,142.5,267670,4472715,7.078429,24236.5,24150.0,24050,ATM-2,CALL,24150,2026-07-17
2026-07-17 13:56:00+05:30,142.2,142.5,138.05,140.5,164190,4498260,7.167544,24232.75,24150.0,24050,ATM-2,CALL,24150,2026-07-17
2026-07-17 13:57:00+05:30,141.3,143.2,140.3,142.45,182325,4478565,7.316471,24233.7,24150.0,24050,ATM-2,CALL,24150,2026-07-17
2026-07-17 13:58:00+05:30,142.95,145.05,141.15,144.45,221000,4474600,7.217748,24237.6,24150.0,24050,ATM-2,CALL,24150,2026-07-17
2026-07-17 13:59:00+05:30,144.35,157.25,144.35,155.4,690300,4416750,7.421303,24250.1,24150.0,24050,ATM-2,CALL,24150,2026-07-17
2026-07-17 14:00:00+05:30,153.0,156.05,150.6,154.1,363610,4410510,7.382337,24248.8,24150.0,24050,ATM-2,CALL,24150,2026-07-17
2026-07-17 14:01:00+05:30,154.1,154.85,150.2,152.3,259415,4394715,7.346097,24246.8,24150.0,24050,ATM-2,CALL,24150,2026-07-17
2026-07-17 14:02:00+05:30,152.9,152.9,147.95,149.85,164515,4362410,7.338706,24243.6,24150.0,24050,ATM-2,CALL,24150,2026-07-17
2026-07-17 14:03:00+05:30,150.3,152.65,149.2,152.1,150085,4379180,7.373815,24246.25,24150.0,24050,ATM-2,CALL,24150,2026-07-17
2026-07-17 14:04:00+05:30,153.0,156.3,152.1,153.85,297115,4362605,7.211205,24250.35,24150.0,24050,ATM-2,CALL,24150,2026-07-17
2026-07-17 14:05:00+05:30,154.1,158.4,153.85,156.8,315185,4369625,7.166877,24254.7,24150.0,24050,ATM-2,CALL,24150,2026-07-17
2026-07-17 14:06:00+05:30,156.15,157.1,152.0,152.0,209105,4369755,7.047935,24249.65,24150.0,24050,ATM-2,CALL,24150,2026-07-17
2026-07-17 14:07:00+05:30,151.8,154.3,151.4,153.85,136890,4345640,7.147871,24251.05,24150.0,24050,ATM-2,CALL,24150,2026-07-17
2026-07-17 14:08:00+05:30,153.85,155.3,150.95,152.35,102570,4362150,6.954165,24251.1,24150.0,24050,ATM-2,CALL,24150,2026-07-17
2026-07-17 14:09:00+05:30,152.6,154.75,152.25,154.3,72085,4369885,7.023181,24252.95,24150.0,24050,ATM-2,CALL,24150,2026-07-17
2026-07-17 14:10:00+05:30,154.9,156.7,153.6,156.0,149500,4368910,7.138508,24254.0,24150.0,24050,ATM-2,CALL,24150,2026-07-17
2026-07-17 14:11:00+05:30,156.7,164.45,156.0,163.75,551070,4302545,7.010731,24265.25,24150.0,24050,ATM-2,CALL,24150,2026-07-17
2026-07-17 14:12:00+05:30,162.65,169.35,162.15,167.5,590655,4276090,6.832089,24271.6,24150.0,24050,ATM-2,CALL,24150,2026-07-17
2026-07-17 14:13:00+05:30,136.7,146.65,136.7,144.6,2177565,9445410,8.079835,24277.25,24200.0,24050,ATM-2,CALL,24150,2026-07-17
2026-07-17 14:14:00+05:30,145.95,151.7,144.3,151.65,2017990,9126130,8.610436,24280.55,24200.0,24050,ATM-2,CALL,24150,2026-07-17
2026-07-17 14:15:00+05:30,122.65,172.8,122.65,170.5,7024290,7553065,9.540223,24345.4,24250.0,24050,ATM-2,CALL,24150,2026-07-17
2026-07-17 14:16:00+05:30,173.4,192.25,162.05,190.15,4526145,5653635,10.372208,24362.9,24250.0,24050,ATM-2,CALL,24150,2026-07-17
2026-07-17 14:17:00+05:30,190.35,195.75,173.9,177.0,2053935,4933240,10.104679,24347.45,24250.0,24050,ATM-2,CALL,24150,2026-07-17
2026-07-17 14:18:00+05:30,173.4,177.0,160.7,163.75,1001845,4825730,9.753795,24332.7,24250.0,24050,ATM-2,CALL,24150,2026-07-17
2026-07-17 14:19:00+05:30,192.75,194.8,175.45,175.45,1223300,6943820,9.081905,24308.45,24200.0,24050,ATM-2,CALL,24150,2026-07-17
2026-07-17 14:20:00+05:30,176.85,184.6,174.05,176.55,1102010,6968195,8.844544,24312.75,24200.0,24050,ATM-2,CALL,24150,2026-07-17
2026-07-17 14:21:00+05:30,176.45,180.3,171.1,172.5,800215,6963450,8.660623,24309.35,24200.0,24050,ATM-2,CALL,24150,2026-07-17
2026-07-17 14:22:00+05:30,172.4,172.5,164.15,164.25,706095,6987435,8.410986,24300.95,24200.0,24050,ATM-2,CALL,24150,2026-07-17
2026-07-17 14:23:00+05:30,161.55,166.15,159.55,159.55,673075,7028515,8.55322,24292.7,24200.0,24050,ATM-2,CALL,24150,2026-07-17
2026-07-17 14:24:00+05:30,160.3,163.3,159.1,163.3,562250,7034560,8.525597,24298.3,24200.0,24050,ATM-2,CALL,24150,2026-07-17
2026-07-17 14:25:00+05:30,162.5,173.5,161.65,171.35,1077635,7040540,8.706293,24307.3,24200.0,24050,ATM-2,CALL,24150,2026-07-17
2026-07-17 14:26:00+05:30,172.0,177.8,171.3,176.0,916825,7009665,8.916316,24311.25,24200.0,24050,ATM-2,CALL,24150,2026-07-17
2026-07-17 14:27:00+05:30,175.9,178.3,172.6,177.3,576420,7008690,9.096061,24310.95,24200.0,24050,ATM-2,CALL,24150,2026-07-17
2026-07-17 14:28:00+05:30,177.5,181.75,175.8,176.75,838370,6964490,9.155539,24309.5,24200.0,24050,ATM-2,CALL,24150,2026-07-17
2026-07-17 14:29:00+05:30,167.5,176.75,156.2,158.7,1284985,6901245,8.883819,24287.4,24200.0,24050,ATM-2,CALL,24150,2026-07-17
2026-07-17 14:30:00+05:30,159.5,171.25,158.7,170.5,860080,6902740,8.837544,24304.65,24200.0,24050,ATM-2,CALL,24150,2026-07-17
2026-07-17 14:31:00+05:30,170.4,171.4,164.0,165.0,475670,6910540,8.563606,24300.3,24200.0,24050,ATM-2,CALL,24150,2026-07-17
2026-07-17 14:32:00+05:30,164.9,167.75,162.4,163.1,400920,6922760,8.440008,24299.15,24200.0,24050,ATM-2,CALL,24150,2026-07-17
2026-07-17 14:33:00+05:30,164.45,166.75,162.4,166.0,364455,6929065,9.068524,24295.55,24200.0,24050,ATM-2,CALL,24150,2026-07-17
2026-07-17 14:34:00+05:30,164.95,168.8,163.65,167.6,257075,6896825,9.055162,24298.0,24200.0,24050,ATM-2,CALL,24150,2026-07-17
2026-07-17 14:35:00+05:30,167.25,168.55,165.4,165.6,191035,6895785,8.774603,24298.65,24200.0,24050,ATM-2,CALL,24150,2026-07-17
2026-07-17 14:36:00+05:30,166.4,166.4,161.05,163.25,340015,6903780,8.943802,24293.25,24200.0,24050,ATM-2,CALL,24150,2026-07-17
2026-07-17 14:37:00+05:30,162.65,165.25,161.2,162.95,232960,6902870,8.926909,24293.05,24200.0,24050,ATM-2,CALL,24150,2026-07-17
2026-07-17 14:38:00+05:30,162.6,168.3,159.9,166.05,441610,6899685,8.805138,24298.95,24200.0,24050,ATM-2,CALL,24150,2026-07-17
2026-07-17 14:39:00+05:30,166.0,166.9,163.55,166.75,159965,6907615,8.972086,24297.9,24200.0,24050,ATM-2,CALL,24150,2026-07-17
2026-07-17 14:40:00+05:30,166.75,170.0,166.4,167.8,423410,6912815,8.756994,24302.0,24200.0,24050,ATM-2,CALL,24150,2026-07-17
2026-07-17 14:41:00+05:30,167.25,176.2,166.0,176.1,560040,6888375,8.893717,24311.85,24200.0,24050,ATM-2,CALL,24150,2026-07-17
2026-07-17 14:42:00+05:30,175.1,176.1,171.1,175.75,480480,6879795,8.978435,24310.4,24200.0,24050,ATM-2,CALL,24150,2026-07-17
2026-07-17 14:43:00+05:30,175.0,180.9,173.05,174.75,626340,6860620,8.713424,24312.1,24200.0,24050,ATM-2,CALL,24150,2026-07-17
2026-07-17 14:44:00+05:30,174.35,181.9,174.25,179.3,492115,6849570,8.768586,24317.65,24200.0,24050,ATM-2,CALL,24150,2026-07-17
2026-07-17 14:45:00+05:30,179.05,180.0,176.85,177.8,408200,6836440,8.416118,24319.5,24200.0,24050,ATM-2,CALL,24150,2026-07-17
2026-07-17 14:46:00+05:30,147.1,152.45,144.65,150.8,674765,4686045,8.940885,24325.05,24250.0,24050,ATM-2,CALL,24150,2026-07-17
2026-07-17 14:47:00+05:30,181.4,182.8,178.5,179.55,369330,6802510,8.438913,24321.6,24200.0,24050,ATM-2,CALL,24150,2026-07-17
2026-07-17 14:48:00+05:30,179.75,180.5,174.8,180.5,366730,6745245,8.683284,24320.25,24200.0,24050,ATM-2,CALL,24150,2026-07-17
2026-07-17 14:49:00+05:30,179.3,181.6,177.55,177.55,434525,6706635,7.953533,24324.0,24200.0,24050,ATM-2,CALL,24150,2026-07-17
2026-07-17 14:50:00+05:30,178.35,180.0,173.85,176.7,448175,6677775,8.23726,24320.0,24200.0,24050,ATM-2,CALL,24150,2026-07-17
2026-07-17 14:51:00+05:30,177.15,180.0,174.0,175.5,333125,6640205,8.366522,24317.05,24200.0,24050,ATM-2,CALL,24150,2026-07-17
2026-07-17 14:52:00+05:30,175.15,177.55,174.75,175.95,202865,6606405,8.183416,24319.6,24200.0,24050,ATM-2,CALL,24150,2026-07-17
2026-07-17 14:53:00+05:30,175.15,175.95,171.5,175.3,453050,6567015,8.015074,24320.5,24200.0,24050,ATM-2,CALL,24150,2026-07-17
2026-07-17 14:54:00+05:30,175.35,175.6,171.0,174.95,202215,6510010,7.927099,24320.95,24200.0,24050,ATM-2,CALL,24150,2026-07-17
2026-07-17 14:55:00+05:30,144.45,149.05,143.15,149.0,337220,4327115,8.579389,24327.4,24250.0,24050,ATM-2,CALL,24150,2026-07-17
2026-07-17 14:56:00+05:30,180.85,187.1,175.55,178.3,1078610,6541470,7.968591,24324.9,24200.0,24050,ATM-2,CALL,24150,2026-07-17
2026-07-17 14:57:00+05:30,179.25,180.0,175.0,177.25,363350,6475105,8.160867,24321.6,24200.0,24050,ATM-2,CALL,24150,2026-07-17
2026-07-17 14:58:00+05:30,176.75,177.25,172.1,175.0,267930,6479850,8.423823,24315.85,24200.0,24050,ATM-2,CALL,24150,2026-07-17
2026-07-17 14:59:00+05:30,175.7,176.0,169.6,170.95,394160,6461130,8.303921,24311.75,24200.0,24050,ATM-2,CALL,24150,2026-07-17
2026-07-17 15:00:00+05:30,172.1,181.75,166.9,178.9,1132950,6424015,8.169852,24323.7,24200.0,24050,ATM-2,CALL,24150,2026-07-17
2026-07-17 15:01:00+05:30,148.3,157.8,145.5,149.55,1070420,4122755,8.780787,24325.6,24250.0,24050,ATM-2,CALL,24150,2026-07-17
2026-07-17 15:02:00+05:30,179.05,181.7,176.25,178.95,298610,6246110,8.11454,24324.35,24200.0,24050,ATM-2,CALL,24150,2026-07-17
2026-07-17 15:03:00+05:30,178.2,180.35,173.5,174.2,282945,6241235,8.133447,24317.95,24200.0,24050,ATM-2,CALL,24150,2026-07-17
2026-07-17 15:04:00+05:30,172.75,177.25,171.85,176.0,354120,6293560,7.96474,24322.05,24200.0,24050,ATM-2,CALL,24150,2026-07-17
2026-07-17 15:05:00+05:30,145.6,150.7,145.1,150.3,381485,4010760,8.722058,24327.55,24250.0,24050,ATM-2,CALL,24150,2026-07-17
2026-07-17 15:06:00+05:30,150.2,152.9,148.3,151.0,321165,3971565,8.599913,24330.2,24250.0,24050,ATM-2,CALL,24150,2026-07-17
2026-07-17 15:07:00+05:30,150.6,154.25,149.6,153.5,362895,3944915,8.563203,24334.3,24250.0,24050,ATM-2,CALL,24150,2026-07-17
2026-07-17 15:08:00+05:30,151.0,153.5,148.0,148.9,312195,3911570,8.219978,24332.1,24250.0,24050,ATM-2,CALL,24150,2026-07-17
2026-07-17 15:09:00+05:30,148.25,151.1,146.25,149.6,267410,3887650,8.185235,24333.55,24250.0,24050,ATM-2,CALL,24150,2026-07-17
2026-07-17 15:10:00+05:30,149.4,150.25,146.8,148.9,232115,3883100,8.24968,24331.75,24250.0,24050,ATM-2,CALL,24150,2026-07-17
2026-07-17 15:11:00+05:30,149.0,150.8,148.4,149.7,157690,3863795,8.301458,24332.25,24250.0,24050,ATM-2,CALL,24150,2026-07-17
2026-07-17 15:12:00+05:30,149.6,153.75,149.6,151.85,263965,3821545,8.243952,24336.05,24250.0,24050,ATM-2,CALL,24150,2026-07-17
2026-07-17 15:13:00+05:30,150.9,151.85,148.2,149.8,195390,3802370,8.104111,24334.9,24250.0,24050,ATM-2,CALL,24150,2026-07-17
2026-07-17 15:14:00+05:30,148.2,150.45,144.4,144.65,292825,3778580,8.011548,24328.75,24250.0,24050,ATM-2,CALL,24150,2026-07-17
2026-07-17 15:15:00+05:30,174.9,176.2,169.5,171.7,681135,5966610,7.217056,24323.85,24200.0,24050,ATM-2,CALL,24150,2026-07-17
2026-07-17 15:16:00+05:30,169.05,172.6,168.95,171.85,387855,5999045,7.341837,24322.9,24200.0,24050,ATM-2,CALL,24150,2026-07-17
2026-07-17 15:17:00+05:30,141.35,145.0,141.15,144.1,374855,3759535,8.201584,24325.55,24250.0,24050,ATM-2,CALL,24150,2026-07-17
2026-07-17 15:18:00+05:30,143.75,144.8,140.5,140.65,376675,3614000,7.557624,24328.8,24250.0,24050,ATM-2,CALL,24150,2026-07-17
2026-07-17 15:19:00+05:30,140.9,143.1,140.35,142.9,195520,3585530,7.799105,24329.0,24250.0,24050,ATM-2,CALL,24150,2026-07-17
2026-07-17 15:20:00+05:30,142.75,146.2,142.35,145.3,306865,3497650,7.754777,24332.95,24250.0,24050,ATM-2,CALL,24150,2026-07-17
2026-07-17 15:21:00+05:30,144.95,152.15,144.7,152.0,352300,3431350,8.500136,24333.15,24250.0,24050,ATM-2,CALL,24150,2026-07-17
2026-07-17 15:22:00+05:30,151.15,154.35,151.15,152.5,396435,3334305,8.264468,24336.85,24250.0,24050,ATM-2,CALL,24150,2026-07-17
2026-07-17 15:23:00+05:30,153.0,158.1,152.5,156.65,632905,3179345,8.648528,24337.95,24250.0,24050,ATM-2,CALL,24150,2026-07-17
2026-07-17 15:24:00+05:30,158.3,165.1,156.65,162.65,468130,3117660,8.943443,24342.8,24250.0,24050,ATM-2,CALL,24150,2026-07-17
2026-07-17 15:25:00+05:30,163.45,169.95,162.65,167.25,516750,3076970,9.289814,24345.0,24250.0,24050,ATM-2,CALL,24150,2026-07-17
2026-07-17 15:26:00+05:30,166.7,167.85,163.85,164.75,358410,3020355,9.182466,24342.8,24250.0,24050,ATM-2,CALL,24150,2026-07-17
2026-07-17 15:27:00+05:30,165.25,167.7,164.75,167.25,204360,2975960,9.370393,24344.0,24250.0,24050,ATM-2,CALL,24150,2026-07-17
2026-07-17 15:28:00+05:30,166.85,171.9,166.25,169.75,319215,2954120,9.99773,24339.4,24250.0,24050,ATM-2,CALL,24150,2026-07-17
2026-07-17 15:29:00+05:30,169.05,174.45,168.7,172.8,406315,2880345,9.783786,24346.7,24250.0,24050,ATM-2,CALL,24150,2026-07-17
2026-07-17 09:15:00+05:30,99.0,118.85,92.35,118.85,4524455,5291260,9.947498,24151.25,24150.0,24150,ATM,CALL,24150,2026-07-17
2026-07-17 09:16:00+05:30,122.3,129.15,118.2,129.15,4566705,6443905,9.86976,24171.0,24150.0,24150,ATM,CALL,24150,2026-07-17
2026-07-17 09:17:00+05:30,104.5,108.7,103.0,105.75,3773770,10219105,9.940973,24176.15,24200.0,24150,ATM,CALL,24150,2026-07-17
2026-07-17 09:18:00+05:30,106.8,114.2,105.75,114.05,3323580,10551580,10.180313,24187.4,24200.0,24150,ATM,CALL,24150,2026-07-17
2026-07-17 09:19:00+05:30,115.35,118.1,111.6,114.9,3666325,10531755,10.240356,24187.85,24200.0,24150,ATM,CALL,24150,2026-07-17
2026-07-17 09:20:00+05:30,113.7,118.65,111.2,112.95,3370705,10887045,10.058939,24187.75,24200.0,24150,ATM,CALL,24150,2026-07-17
2026-07-17 09:21:00+05:30,113.4,114.05,109.35,110.8,1892735,11249615,9.954197,24185.75,24200.0,24150,ATM,CALL,24150,2026-07-17
2026-07-17 09:22:00+05:30,111.15,114.1,110.0,113.9,1468870,11501880,10.101729,24188.75,24200.0,24150,ATM,CALL,24150,2026-07-17
2026-07-17 09:23:00+05:30,113.3,114.35,110.35,110.85,1247545,11690835,9.940938,24186.15,24200.0,24150,ATM,CALL,24150,2026-07-17
2026-07-17 09:24:00+05:30,110.15,115.85,109.4,115.85,1770600,11796265,10.130811,24191.9,24200.0,24150,ATM,CALL,24150,2026-07-17
2026-07-17 09:25:00+05:30,115.7,121.5,115.2,120.1,3837210,12018565,10.181415,24198.85,24200.0,24150,ATM,CALL,24150,2026-07-17
2026-07-17 09:26:00+05:30,120.05,122.25,117.95,118.65,2499185,12215125,9.992612,24199.8,24200.0,24150,ATM,CALL,24150,2026-07-17
2026-07-17 09:27:00+05:30,118.95,122.55,116.55,120.7,2006615,12218440,10.030534,24202.85,24200.0,24150,ATM,CALL,24150,2026-07-17
2026-07-17 09:28:00+05:30,121.1,121.35,119.4,121.0,1022515,12290590,9.956673,24204.8,24200.0,24150,ATM,CALL,24150,2026-07-17
2026-07-17 09:29:00+05:30,120.55,124.9,119.95,124.8,1623570,12362090,10.045669,24210.0,24200.0,24150,ATM,CALL,24150,2026-07-17
2026-07-17 09:30:00+05:30,125.2,126.05,117.7,119.75,3508570,12178530,9.896553,24203.7,24200.0,24150,ATM,CALL,24150,2026-07-17
2026-07-17 09:31:00+05:30,119.75,121.0,115.0,115.0,1815060,12240215,9.800084,24196.85,24200.0,24150,ATM,CALL,24150,2026-07-17
2026-07-17 09:32:00+05:30,115.25,119.7,112.75,119.7,1946230,12380030,9.813558,24205.2,24200.0,24150,ATM,CALL,24150,2026-07-17
2026-07-17 09:33:00+05:30,119.8,123.8,118.55,122.35,2137785,12646920,9.773819,24210.7,24200.0,24150,ATM,CALL,24150,2026-07-17
2026-07-17 09:34:00+05:30,122.85,126.45,117.9,117.9,2463890,12865970,9.565727,24206.6,24200.0,24150,ATM,CALL,24150,2026-07-17
2026-07-17 09:35:00+05:30,118.75,120.4,117.9,118.4,1079910,12864475,9.590919,24207.05,24200.0,24150,ATM,CALL,24150,2026-07-17
2026-07-17 09:36:00+05:30,117.85,119.55,115.25,119.4,1139905,12967370,9.561292,24209.4,24200.0,24150,ATM,CALL,24150,2026-07-17
2026-07-17 09:37:00+05:30,119.6,123.7,118.1,123.7,1568190,13048295,9.602784,24216.25,24200.0,24150,ATM,CALL,24150,2026-07-17
2026-07-17 09:38:00+05:30,123.6,126.25,121.7,124.7,2679690,13273910,9.402364,24221.55,24200.0,24150,ATM,CALL,24150,2026-07-17
2026-07-17 09:39:00+05:30,125.2,126.95,122.15,123.0,1727895,13507780,9.373313,24219.15,24200.0,24150,ATM,CALL,24150,2026-07-17
2026-07-17 09:40:00+05:30,122.65,126.0,121.9,124.75,1354990,13489060,9.437845,24221.05,24200.0,24150,ATM,CALL,24150,2026-07-17
2026-07-17 09:41:00+05:30,124.6,126.1,123.35,124.2,973375,13532090,9.3192,24222.2,24200.0,24150,ATM,CALL,24150,2026-07-17
2026-07-17 09:42:00+05:30,124.75,126.65,123.95,125.85,909090,13595010,9.338444,24224.7,24200.0,24150,ATM,CALL,24150,2026-07-17
2026-07-17 09:43:00+05:30,101.15,103.8,100.5,102.45,1188330,5694390,9.676454,24225.15,24250.0,24150,ATM,CALL,24150,2026-07-17
2026-07-17 09:44:00+05:30,104.2,107.35,100.65,104.45,1755845,5663320,9.567016,24231.3,24250.0,24150,ATM,CALL,24150,2026-07-17
2026-07-17 09:45:00+05:30,105.55,112.1,104.45,107.5,2816645,5800535,9.701356,24234.5,24250.0,24150,ATM,CALL,24150,2026-07-17
2026-07-17 09:46:00+05:30,108.9,111.0,105.7,109.75,1223105,6013085,9.566056,24241.45,24250.0,24150,ATM,CALL,24150,2026-07-17
2026-07-17 09:47:00+05:30,109.5,112.9,107.6,107.95,1336010,5982600,9.653552,24236.35,24250.0,24150,ATM,CALL,24150,2026-07-17
2026-07-17 09:48:00+05:30,108.3,111.6,107.95,110.05,707135,5960760,9.668703,24240.05,24250.0,24150,ATM,CALL,24150,2026-07-17
2026-07-17 09:49:00+05:30,110.45,110.45,107.2,108.25,670280,5961995,9.659184,24236.85,24250.0,24150,ATM,CALL,24150,2026-07-17
2026-07-17 09:50:00+05:30,108.0,112.25,108.0,111.0,957060,5964270,9.600426,24243.2,24250.0,24150,ATM,CALL,24150,2026-07-17
2026-07-17 09:51:00+05:30,110.55,111.0,103.3,103.4,1193010,5945680,9.592013,24228.9,24250.0,24150,ATM,CALL,24150,2026-07-17
2026-07-17 09:52:00+05:30,104.8,105.5,102.55,102.85,827905,5894915,9.488278,24229.95,24250.0,24150,ATM,CALL,24150,2026-07-17
2026-07-17 09:53:00+05:30,103.55,106.8,102.4,106.6,742040,5987605,9.693127,24233.1,24250.0,24150,ATM,CALL,24150,2026-07-17
2026-07-17 09:54:00+05:30,106.95,112.7,106.1,110.0,1065090,6090240,9.672603,24240.0,24250.0,24150,ATM,CALL,24150,2026-07-17
2026-07-17 09:55:00+05:30,109.65,110.35,103.75,104.75,928590,5955105,9.661582,24230.2,24250.0,24150,ATM,CALL,24150,2026-07-17
2026-07-17 09:56:00+05:30,129.6,129.8,123.25,124.55,1445470,12940525,9.317276,24223.1,24200.0,24150,ATM,CALL,24150,2026-07-17
2026-07-17 09:57:00+05:30,125.25,125.3,120.4,122.25,1170130,12905425,9.306913,24219.35,24200.0,24150,ATM,CALL,24150,2026-07-17
2026-07-17 09:58:00+05:30,98.05,102.7,97.25,102.3,887770,6139575,9.485924,24229.05,24250.0,24150,ATM,CALL,24150,2026-07-17
2026-07-17 09:59:00+05:30,102.9,104.0,100.95,103.65,799240,6327750,9.626624,24228.85,24250.0,24150,ATM,CALL,24150,2026-07-17
2026-07-17 10:00:00+05:30,128.7,131.55,121.15,121.75,1340105,12994735,9.129363,24221.65,24200.0,24150,ATM,CALL,24150,2026-07-17
2026-07-17 10:01:00+05:30,122.1,125.0,114.95,117.25,1482455,13083915,9.214962,24212.35,24200.0,24150,ATM,CALL,24150,2026-07-17
2026-07-17 10:02:00+05:30,117.65,119.15,116.3,117.45,1145300,13175370,9.036823,24215.9,24200.0,24150,ATM,CALL,24150,2026-07-17
2026-07-17 10:03:00+05:30,118.0,118.95,115.95,118.6,881335,13321295,9.203851,24214.95,24200.0,24150,ATM,CALL,24150,2026-07-17
2026-07-17 10:04:00+05:30,118.35,119.0,114.85,116.55,958490,13367120,9.029489,24214.5,24200.0,24150,ATM,CALL,24150,2026-07-17
2026-07-17 10:05:00+05:30,116.8,122.75,115.65,121.85,1156155,13470015,9.164383,24221.3,24200.0,24150,ATM,CALL,24150,2026-07-17
2026-07-17 10:06:00+05:30,121.55,124.2,121.0,121.4,1285765,13575705,9.040387,24222.7,24200.0,24150,ATM,CALL,24150,2026-07-17
2026-07-17 10:07:00+05:30,96.95,99.45,96.9,98.9,413400,6743555,9.334935,24225.65,24250.0,24150,ATM,CALL,24150,2026-07-17
2026-07-17 10:08:00+05:30,99.3,100.35,97.25,100.35,509665,6748300,9.379821,24227.6,24250.0,24150,ATM,CALL,24150,2026-07-17
2026-07-17 10:09:00+05:30,100.65,104.55,100.35,101.45,1118650,6682065,9.271134,24231.95,24250.0,24150,ATM,CALL,24150,2026-07-17
2026-07-17 10:10:00+05:30,101.55,103.0,100.5,101.2,540995,6803485,9.312809,24230.65,24250.0,24150,ATM,CALL,24150,2026-07-17
2026-07-17 10:11:00+05:30,100.85,102.3,100.0,102.3,309530,6824415,9.289934,24233.25,24250.0,24150,ATM,CALL,24150,2026-07-17
2026-07-17 10:12:00+05:30,102.6,108.85,102.3,108.85,1437540,6848205,9.585324,24239.9,24250.0,24150,ATM,CALL,24150,2026-07-17
2026-07-17 10:13:00+05:30,108.95,111.9,108.4,109.35,1850160,6656520,9.313695,24246.1,24250.0,24150,ATM,CALL,24150,2026-07-17
2026-07-17 10:14:00+05:30,109.55,109.55,104.7,105.3,907270,6592560,9.24743,24239.85,24250.0,24150,ATM,CALL,24150,2026-07-17
2026-07-17 10:15:00+05:30,105.05,110.0,104.6,109.45,872235,6652360,9.346303,24245.7,24250.0,24150,ATM,CALL,24150,2026-07-17
2026-07-17 10:16:00+05:30,110.0,111.35,109.0,109.75,851760,6663020,9.300312,24247.15,24250.0,24150,ATM,CALL,24150,2026-07-17
2026-07-17 10:17:00+05:30,109.65,117.2,109.35,116.85,1778920,6712940,9.644157,24253.65,24250.0,24150,ATM,CALL,24150,2026-07-17
2026-07-17 10:18:00+05:30,116.05,143.5,116.05,139.8,5058820,6345950,10.736518,24274.45,24250.0,24150,ATM,CALL,24150,2026-07-17
2026-07-17 10:19:00+05:30,141.2,143.05,131.15,134.25,2943200,5474235,10.222249,24273.95,24250.0,24150,ATM,CALL,24150,2026-07-17
2026-07-17 10:20:00+05:30,134.4,138.0,129.05,129.05,1332890,5230160,10.119297,24266.75,24250.0,24150,ATM,CALL,24150,2026-07-17
2026-07-17 10:21:00+05:30,128.8,132.1,127.85,128.55,856115,5168150,9.985071,24268.3,24250.0,24150,ATM,CALL,24150,2026-07-17
2026-07-17 10:22:00+05:30,128.75,129.2,124.95,125.45,919815,5206825,9.980532,24262.95,24250.0,24150,ATM,CALL,24150,2026-07-17
2026-07-17 10:23:00+05:30,125.0,125.45,122.05,123.45,716690,5174325,10.013717,24258.8,24250.0,24150,ATM,CALL,24150,2026-07-17
2026-07-17 10:24:00+05:30,123.9,123.9,120.4,123.05,612885,5243680,10.148584,24255.6,24250.0,24150,ATM,CALL,24150,2026-07-17
2026-07-17 10:25:00+05:30,123.1,127.8,121.4,126.6,904930,5321680,10.043522,24263.9,24250.0,24150,ATM,CALL,24150,2026-07-17
2026-07-17 10:26:00+05:30,126.65,127.5,124.2,126.8,701610,5471895,9.961702,24265.75,24250.0,24150,ATM,CALL,24150,2026-07-17
2026-07-17 10:27:00+05:30,126.95,130.35,125.9,127.45,892060,5578235,9.92036,24267.65,24250.0,24150,ATM,CALL,24150,2026-07-17
2026-07-17 10:28:00+05:30,127.2,132.15,127.2,131.65,985205,5597670,10.014019,24273.3,24250.0,24150,ATM,CALL,24150,2026-07-17
2026-07-17 10:29:00+05:30,106.15,112.3,105.65,111.5,1833455,9427275,10.25604,24281.55,24300.0,24150,ATM,CALL,24150,2026-07-17
2026-07-17 10:30:00+05:30,111.2,111.5,106.5,110.0,1825200,9376705,10.219294,24279.4,24300.0,24150,ATM,CALL,24150,2026-07-17
2026-07-17 10:31:00+05:30,110.5,113.4,110.0,113.35,1830010,9245470,10.35904,24283.1,24300.0,24150,ATM,CALL,24150,2026-07-17
2026-07-17 10:32:00+05:30,112.7,118.25,112.35,112.35,2318095,9093565,10.158647,24285.2,24300.0,24150,ATM,CALL,24150,2026-07-17
2026-07-17 10:33:00+05:30,112.0,112.6,108.5,110.6,1364220,9001070,10.267892,24279.65,24300.0,24150,ATM,CALL,24150,2026-07-17
2026-07-17 10:34:00+05:30,110.45,114.2,110.0,114.0,776555,9097920,10.364857,24284.3,24300.0,24150,ATM,CALL,24150,2026-07-17
2026-07-17 10:35:00+05:30,140.5,140.5,129.05,129.2,805025,5239715,9.84368,24272.2,24250.0,24150,ATM,CALL,24150,2026-07-17
2026-07-17 10:36:00+05:30,129.5,130.7,127.7,129.65,542360,5251220,9.871866,24272.5,24250.0,24150,ATM,CALL,24150,2026-07-17
2026-07-17 10:37:00+05:30,129.55,130.25,125.0,125.0,527735,5290480,9.71372,24267.25,24250.0,24150,ATM,CALL,24150,2026-07-17
2026-07-17 10:38:00+05:30,124.5,127.35,123.15,126.65,681460,5314335,9.845476,24267.8,24250.0,24150,ATM,CALL,24150,2026-07-17
2026-07-17 10:39:00+05:30,126.85,128.0,124.6,124.65,481455,5367700,9.681566,24267.25,24250.0,24150,ATM,CALL,24150,2026-07-17
2026-07-17 10:40:00+05:30,125.05,127.8,123.8,127.8,301145,5407285,9.923756,24268.45,24250.0,24150,ATM,CALL,24150,2026-07-17
2026-07-17 10:41:00+05:30,127.1,128.15,125.95,127.2,341380,5444465,9.736153,24270.75,24250.0,24150,ATM,CALL,24150,2026-07-17
2026-07-17 10:42:00+05:30,127.85,128.65,125.35,126.35,751725,5627310,9.738739,24269.25,24250.0,24150,ATM,CALL,24150,2026-07-17
2026-07-17 10:43:00+05:30,125.95,126.35,113.95,115.85,1195675,5680415,9.866303,24248.15,24250.0,24150,ATM,CALL,24150,2026-07-17
2026-07-17 10:44:00+05:30,119.5,120.65,115.85,118.75,808275,5684315,9.562006,24259.1,24250.0,24150,ATM,CALL,24150,2026-07-17
2026-07-17 10:45:00+05:30,118.3,119.75,113.0,113.15,861770,5772975,9.332423,24253.3,24250.0,24150,ATM,CALL,24150,2026-07-17
2026-07-17 10:46:00+05:30,113.0,115.8,112.2,114.45,918385,5855590,9.502755,24252.5,24250.0,24150,ATM,CALL,24150,2026-07-17
2026-07-17 10:47:00+05:30,114.9,118.0,113.6,117.6,863265,5837780,9.708077,24254.4,24250.0,24150,ATM,CALL,24150,2026-07-17
2026-07-17 10:48:00+05:30,117.3,117.6,113.25,113.25,470600,5902195,9.329059,24253.6,24250.0,24150,ATM,CALL,24150,2026-07-17
2026-07-17 10:49:00+05:30,113.7,114.55,111.3,111.9,609830,5962255,9.396803,24249.9,24250.0,24150,ATM,CALL,24150,2026-07-17
2026-07-17 10:50:00+05:30,111.95,115.0,111.1,113.7,539695,6009575,9.511462,24251.05,24250.0,24150,ATM,CALL,24150,2026-07-17
2026-07-17 10:51:00+05:30,113.55,113.7,109.6,109.6,628355,6071325,9.22859,24248.9,24250.0,24150,ATM,CALL,24150,2026-07-17
2026-07-17 10:52:00+05:30,109.8,112.65,108.55,112.45,566865,6097390,9.354649,24251.75,24250.0,24150,ATM,CALL,24150,2026-07-17
2026-07-17 10:53:00+05:30,112.8,116.75,112.45,115.7,946985,6207630,9.432113,24256.2,24250.0,24150,ATM,CALL,24150,2026-07-17
2026-07-17 10:54:00+05:30,115.5,116.4,110.8,112.95,754260,6360640,9.200458,24255.55,24250.0,24150,ATM,CALL,24150,2026-07-17
2026-07-17 10:55:00+05:30,112.75,113.75,110.2,113.75,445705,6444295,9.214131,24256.75,24250.0,24150,ATM,CALL,24150,2026-07-17
2026-07-17 10:56:00+05:30,114.05,117.1,112.85,115.8,1272830,6756750,9.463937,24255.85,24250.0,24150,ATM,CALL,24150,2026-07-17
2026-07-17 10:57:00+05:30,115.8,116.0,112.85,114.15,346450,6795230,9.268801,24256.5,24250.0,24150,ATM,CALL,24150,2026-07-17
2026-07-17 10:58:00+05:30,114.3,117.1,113.9,117.0,469885,6796725,9.479642,24257.75,24250.0,24150,ATM,CALL,24150,2026-07-17
2026-07-17 10:59:00+05:30,115.9,117.0,115.05,115.05,272285,6793280,9.331368,24257.0,24250.0,24150,ATM,CALL,24150,2026-07-17
2026-07-17 11:00:00+05:30,115.05,119.45,114.7,117.65,724945,6751940,9.427352,24259.9,24250.0,24150,ATM,CALL,24150,2026-07-17
2026-07-17 11:01:00+05:30,117.85,118.9,114.15,114.8,606645,6853990,9.330831,24256.6,24250.0,24150,ATM,CALL,24150,2026-07-17
2026-07-17 11:02:00+05:30,114.5,114.8,110.1,110.55,724035,6765005,9.350554,24248.55,24250.0,24150,ATM,CALL,24150,2026-07-17
2026-07-17 11:03:00+05:30,110.3,113.55,110.3,113.55,328185,6765590,9.558228,24250.15,24250.0,24150,ATM,CALL,24150,2026-07-17
2026-07-17 11:04:00+05:30,113.7,116.45,112.95,116.45,394745,6750900,9.410309,24258.15,24250.0,24150,ATM,CALL,24150,2026-07-17
2026-07-17 11:05:00+05:30,116.6,119.4,115.9,117.1,857740,6789575,9.251444,24262.2,24250.0,24150,ATM,CALL,24150,2026-07-17
2026-07-17 11:06:00+05:30,116.25,118.6,114.7,118.55,457080,6825260,9.411096,24261.9,24250.0,24150,ATM,CALL,24150,2026-07-17
2026-07-17 11:07:00+05:30,118.7,119.0,109.4,109.65,898170,6821165,9.394848,24246.15,24250.0,24150,ATM,CALL,24150,2026-07-17
2026-07-17 11:08:00+05:30,110.0,110.0,104.9,107.55,1316575,6726330,9.596457,24238.35,24250.0,24150,ATM,CALL,24150,2026-07-17
2026-07-17 11:09:00+05:30,107.45,109.4,106.1,107.9,559195,6691620,9.448753,24241.9,24250.0,24150,ATM,CALL,24150,2026-07-17
2026-07-17 11:10:00+05:30,108.0,108.9,104.95,105.4,738920,6735040,9.362046,24238.9,24250.0,24150,ATM,CALL,24150,2026-07-17
2026-07-17 11:11:00+05:30,105.2,108.85,105.15,107.85,574795,6699680,9.505376,24240.75,24250.0,24150,ATM,CALL,24150,2026-07-17
2026-07-17 11:12:00+05:30,107.9,108.8,106.85,108.15,293865,6718140,9.486418,24241.7,24250.0,24150,ATM,CALL,24150,2026-07-17
2026-07-17 11:13:00+05:30,108.55,108.55,104.1,104.95,611520,6827860,9.37269,24237.9,24250.0,24150,ATM,CALL,24150,2026-07-17
2026-07-17 11:14:00+05:30,105.05,108.4,103.9,107.7,516035,6777940,9.752091,24235.7,24250.0,24150,ATM,CALL,24150,2026-07-17
2026-07-17 11:15:00+05:30,106.45,108.35,105.9,107.5,413400,6783075,9.568111,24238.95,24250.0,24150,ATM,CALL,24150,2026-07-17
2026-07-17 11:16:00+05:30,107.2,107.5,103.1,103.8,503490,6828185,9.394149,24235.35,24250.0,24150,ATM,CALL,24150,2026-07-17
2026-07-17 11:17:00+05:30,104.3,106.95,103.8,105.2,532480,6921330,9.318919,24239.5,24250.0,24150,ATM,CALL,24150,2026-07-17
2026-07-17 11:18:00+05:30,104.75,105.2,102.0,102.15,444080,7014865,9.157441,24236.9,24250.0,24150,ATM,CALL,24150,2026-07-17
2026-07-17 11:19:00+05:30,102.05,105.5,101.3,104.8,533065,7015385,9.171074,24241.65,24250.0,24150,ATM,CALL,24150,2026-07-17
2026-07-17 11:20:00+05:30,104.7,105.5,104.35,104.4,431925,7094230,9.128056,24241.75,24250.0,24150,ATM,CALL,24150,2026-07-17
2026-07-17 11:21:00+05:30,104.95,105.3,103.75,105.05,260910,7169955,9.194751,24241.7,24250.0,24150,ATM,CALL,24150,2026-07-17
2026-07-17 11:22:00+05:30,105.2,110.3,105.05,108.85,1036360,7059195,9.157611,24249.45,24250.0,24150,ATM,CALL,24150,2026-07-17
2026-07-17 11:23:00+05:30,108.65,108.9,102.9,103.5,774605,7211295,9.214019,24238.45,24250.0,24150,ATM,CALL,24150,2026-07-17
2026-07-17 11:24:00+05:30,103.75,108.15,102.4,107.2,466115,7206030,9.171339,24246.2,24250.0,24150,ATM,CALL,24150,2026-07-17
2026-07-17 11:25:00+05:30,107.45,108.4,105.15,105.55,400855,7209215,9.195344,24242.7,24250.0,24150,ATM,CALL,24150,2026-07-17
2026-07-17 11:26:00+05:30,105.8,106.3,103.6,106.15,299130,7216625,9.32214,24241.4,24250.0,24150,ATM,CALL,24150,2026-07-17
2026-07-17 11:27:00+05:30,106.35,108.0,105.9,107.0,400270,7193940,9.296533,24243.5,24250.0,24150,ATM,CALL,24150,2026-07-17
2026-07-17 11:28:00+05:30,106.85,107.75,105.7,107.15,196235,7221825,9.223125,24245.2,24250.0,24150,ATM,CALL,24150,2026-07-17
2026-07-17 11:29:00+05:30,107.3,109.5,106.1,106.45,583635,7268430,9.271184,24243.0,24250.0,24150,ATM,CALL,24150,2026-07-17
2026-07-17 11:30:00+05:30,106.7,108.5,105.9,106.65,342615,7282535,9.231577,24244.15,24250.0,24150,ATM,CALL,24150,2026-07-17
2026-07-17 11:31:00+05:30,106.3,107.5,105.15,107.4,356850,7282470,9.197846,24246.2,24250.0,24150,ATM,CALL,24150,2026-07-17
2026-07-17 11:32:00+05:30,107.9,108.25,105.6,106.7,298025,7269925,9.306334,24242.85,24250.0,24150,ATM,CALL,24150,2026-07-17
2026-07-17 11:33:00+05:30,106.9,108.45,104.55,107.6,350935,7263035,9.073532,24248.95,24250.0,24150,ATM,CALL,24150,2026-07-17
2026-07-17 11:34:00+05:30,108.45,112.7,107.6,109.95,1148225,7236970,9.10795,24252.6,24250.0,24150,ATM,CALL,24150,2026-07-17
2026-07-17 11:35:00+05:30,110.0,114.45,109.85,113.85,1017575,7301645,9.165813,24258.55,24250.0,24150,ATM,CALL,24150,2026-07-17
2026-07-17 11:36:00+05:30,113.3,115.1,109.25,110.4,1068145,7291635,9.248011,24250.85,24250.0,24150,ATM,CALL,24150,2026-07-17
2026-07-17 11:37:00+05:30,110.3,111.55,106.85,107.55,678795,7246330,9.181527,24246.9,24250.0,24150,ATM,CALL,24150,2026-07-17
2026-07-17 11:38:00+05:30,107.85,111.65,107.05,111.65,687960,7307430,9.353239,24251.2,24250.0,24150,ATM,CALL,24150,2026-07-17
2026-07-17 11:39:00+05:30,111.45,113.8,110.75,113.55,697970,7364825,9.222931,24257.05,24250.0,24150,ATM,CALL,24150,2026-07-17
2026-07-17 11:40:00+05:30,113.75,114.25,111.3,113.85,651625,7268495,9.173652,24258.5,24250.0,24150,ATM,CALL,24150,2026-07-17
2026-07-17 11:41:00+05:30,114.15,118.0,113.85,118.0,1267955,7192120,9.315381,24263.3,24250.0,24150,ATM,CALL,24150,2026-07-17
2026-07-17 11:42:00+05:30,118.0,118.45,114.6,114.95,743925,7146815,9.122866,24261.4,24250.0,24150,ATM,CALL,24150,2026-07-17
2026-07-17 11:43:00+05:30,115.0,117.5,114.4,116.2,524940,7151105,9.207633,24262.1,24250.0,24150,ATM,CALL,24150,2026-07-17
2026-07-17 11:44:00+05:30,116.1,120.0,115.9,118.1,1039480,7071675,9.10817,24267.2,24250.0,24150,ATM,CALL,24150,2026-07-17
2026-07-17 11:45:00+05:30,117.9,120.7,117.9,119.4,979160,7052370,8.987675,24271.55,24250.0,24150,ATM,CALL,24150,2026-07-17
2026-07-17 11:46:00+05:30,119.9,120.65,117.15,119.1,726895,7011615,9.103216,24269.05,24250.0,24150,ATM,CALL,24150,2026-07-17
2026-07-17 11:47:00+05:30,119.35,119.5,115.4,116.55,555945,7014150,9.006691,24266.35,24250.0,24150,ATM,CALL,24150,2026-07-17
2026-07-17 11:48:00+05:30,116.55,119.5,116.0,117.4,485160,7080515,9.017472,24267.65,24250.0,24150,ATM,CALL,24150,2026-07-17
2026-07-17 11:49:00+05:30,117.65,118.85,116.8,117.55,276250,7093125,9.033304,24267.65,24250.0,24150,ATM,CALL,24150,2026-07-17
2026-07-17 11:50:00+05:30,117.65,118.7,116.4,118.25,310115,7110285,8.933876,24270.6,24250.0,24150,ATM,CALL,24150,2026-07-17
2026-07-17 11:51:00+05:30,118.5,120.8,118.25,119.15,678340,7113990,8.922452,24272.35,24250.0,24150,ATM,CALL,24150,2026-07-17
2026-07-17 11:52:00+05:30,119.55,123.65,119.15,123.35,811460,7113080,9.252793,24273.85,24250.0,24150,ATM,CALL,24150,2026-07-17
2026-07-17 11:53:00+05:30,99.6,101.9,98.25,100.0,1829360,10036130,9.374943,24278.7,24300.0,24150,ATM,CALL,24150,2026-07-17
2026-07-17 11:54:00+05:30,100.3,101.4,99.4,99.95,979485,10108605,9.356214,24279.0,24300.0,24150,ATM,CALL,24150,2026-07-17
2026-07-17 11:55:00+05:30,125.4,125.65,121.2,121.25,654875,7005375,8.991729,24274.8,24250.0,24150,ATM,CALL,24150,2026-07-17
2026-07-17 11:56:00+05:30,96.75,100.8,94.75,99.35,1157325,10103795,9.232845,24280.35,24300.0,24150,ATM,CALL,24150,2026-07-17
2026-07-17 11:57:00+05:30,100.05,100.9,98.9,99.65,683865,10162165,9.312767,24279.35,24300.0,24150,ATM,CALL,24150,2026-07-17
2026-07-17 11:58:00+05:30,123.3,123.9,119.75,120.25,600665,6900205,8.883504,24275.0,24250.0,24150,ATM,CALL,24150,2026-07-17
2026-07-17 11:59:00+05:30,96.15,98.0,95.45,97.05,408460,10319595,9.137269,24277.85,24300.0,24150,ATM,CALL,24150,2026-07-17
2026-07-17 12:00:00+05:30,120.3,122.95,115.75,116.7,767000,6981260,8.772841,24270.9,24250.0,24150,ATM,CALL,24150,2026-07-17
2026-07-17 12:01:00+05:30,117.05,118.5,114.5,116.7,696735,6905665,8.932808,24268.15,24250.0,24150,ATM,CALL,24150,2026-07-17
2026-07-17 12:02:00+05:30,116.2,116.7,114.1,115.0,402155,6859450,8.814405,24267.3,24250.0,24150,ATM,CALL,24150,2026-07-17
2026-07-17 12:03:00+05:30,92.15,96.8,91.5,96.7,859495,10263045,9.223284,24275.5,24300.0,24150,ATM,CALL,24150,2026-07-17
2026-07-17 12:04:00+05:30,121.0,122.85,120.5,121.65,550940,6852105,9.037799,24274.85,24250.0,24150,ATM,CALL,24150,2026-07-17
2026-07-17 12:05:00+05:30,119.1,121.65,118.5,119.35,340600,6856915,8.845182,24274.25,24250.0,24150,ATM,CALL,24150,2026-07-17
2026-07-17 12:06:00+05:30,119.1,119.35,114.9,115.7,458705,6691035,8.858988,24267.8,24250.0,24150,ATM,CALL,24150,2026-07-17
2026-07-17 12:07:00+05:30,115.95,116.5,111.75,112.05,586885,6697405,8.75299,24263.35,24250.0,24150,ATM,CALL,24150,2026-07-17
2026-07-17 12:08:00+05:30,112.65,115.3,111.4,115.25,423085,6685510,8.799181,24268.1,24250.0,24150,ATM,CALL,24150,2026-07-17
2026-07-17 12:09:00+05:30,115.75,119.4,115.25,118.7,662350,6623305,8.787427,24274.2,24250.0,24150,ATM,CALL,24150,2026-07-17
2026-07-17 12:10:00+05:30,118.7,122.1,118.7,119.5,786045,6705985,8.879893,24274.0,24250.0,24150,ATM,CALL,24150,2026-07-17
2026-07-17 12:11:00+05:30,119.6,119.75,116.55,117.2,414635,6719245,8.795654,24271.55,24250.0,24150,ATM,CALL,24150,2026-07-17
2026-07-17 12:12:00+05:30,93.2,95.5,92.7,94.45,390000,10315305,8.994321,24275.9,24300.0,24150,ATM,CALL,24150,2026-07-17
2026-07-17 12:13:00+05:30,118.65,120.6,115.2,115.8,414960,6745505,8.71976,24270.5,24250.0,24150,ATM,CALL,24150,2026-07-17
2026-07-17 12:14:00+05:30,92.35,96.25,92.3,95.25,495560,10386610,9.041845,24276.55,24300.0,24150,ATM,CALL,24150,2026-07-17
2026-07-17 12:15:00+05:30,96.1,96.75,94.75,96.75,488670,10491260,8.992034,24280.5,24300.0,24150,ATM,CALL,24150,2026-07-17
2026-07-17 12:16:00+05:30,120.75,121.85,114.95,116.0,618735,6780800,8.519183,24274.3,24250.0,24150,ATM,CALL,24150,2026-07-17
2026-07-17 12:17:00+05:30,115.95,116.05,112.5,115.95,574860,6792110,8.639234,24272.2,24250.0,24150,ATM,CALL,24150,2026-07-17
2026-07-17 12:18:00+05:30,92.5,95.45,91.6,95.25,607620,10592660,9.090167,24275.65,24300.0,24150,ATM,CALL,24150,2026-07-17
2026-07-17 12:19:00+05:30,95.6,95.7,93.0,93.0,353340,10619960,8.882609,24275.45,24300.0,24150,ATM,CALL,24150,2026-07-17
2026-07-17 12:20:00+05:30,93.25,95.65,93.0,95.5,411970,10619960,8.863041,24280.75,24300.0,24150,ATM,CALL,24150,2026-07-17
2026-07-17 12:21:00+05:30,95.3,95.5,93.2,93.5,434005,10636535,8.732327,24279.5,24300.0,24150,ATM,CALL,24150,2026-07-17
2026-07-17 12:22:00+05:30,117.55,117.6,114.85,117.55,375375,6754280,8.821094,24271.9,24250.0,24150,ATM,CALL,24150,2026-07-17
2026-07-17 12:23:00+05:30,94.25,98.45,93.7,97.3,858845,10795915,9.025774,24281.05,24300.0,24150,ATM,CALL,24150,2026-07-17
2026-07-17 12:24:00+05:30,97.35,98.5,96.0,97.3,813150,10636275,8.991595,24281.75,24300.0,24150,ATM,CALL,24150,2026-07-17
2026-07-17 12:25:00+05:30,97.55,102.45,97.3,98.6,1738685,10672025,9.271459,24278.7,24300.0,24150,ATM,CALL,24150,2026-07-17
2026-07-17 12:26:00+05:30,98.5,99.75,96.35,96.7,696345,10621325,9.157417,24277.3,24300.0,24150,ATM,CALL,24150,2026-07-17
2026-07-17 12:27:00+05:30,96.55,99.8,96.35,97.8,477165,10647650,9.203221,24278.55,24300.0,24150,ATM,CALL,24150,2026-07-17
2026-07-17 12:28:00+05:30,97.5,99.4,97.2,97.9,394810,10696985,9.246236,24277.9,24300.0,24150,ATM,CALL,24150,2026-07-17
2026-07-17 12:29:00+05:30,98.05,98.55,95.5,96.6,486525,10608975,9.133342,24277.65,24300.0,24150,ATM,CALL,24150,2026-07-17
2026-07-17 12:30:00+05:30,121.2,121.2,118.25,119.95,347750,6924125,8.912697,24274.55,24250.0,24150,ATM,CALL,24150,2026-07-17
2026-07-17 12:31:00+05:30,96.0,97.75,95.0,97.5,406965,10564775,9.250048,24277.1,24300.0,24150,ATM,CALL,24150,2026-07-17
2026-07-17 12:32:00+05:30,122.4,122.65,119.6,120.0,238420,6878235,8.966822,24273.75,24250.0,24150,ATM,CALL,24150,2026-07-17
2026-07-17 12:33:00+05:30,95.55,98.3,95.2,98.3,343590,10631790,9.162982,24280.45,24300.0,24150,ATM,CALL,24150,2026-07-17
2026-07-17 12:34:00+05:30,98.45,99.8,98.0,98.05,1000935,10646480,9.10457,24281.15,24300.0,24150,ATM,CALL,24150,2026-07-17
2026-07-17 12:35:00+05:30,97.95,98.85,97.05,97.4,407875,10556325,9.034824,24281.3,24300.0,24150,ATM,CALL,24150,2026-07-17
2026-07-17 12:36:00+05:30,97.6,98.7,96.9,97.1,330200,10665395,8.989034,24281.65,24300.0,24150,ATM,CALL,24150,2026-07-17
2026-07-17 12:37:00+05:30,97.5,98.3,95.4,95.5,465725,10765755,8.97219,24278.9,24300.0,24150,ATM,CALL,24150,2026-07-17
2026-07-17 12:38:00+05:30,95.05,96.1,93.15,95.1,863720,10769720,8.95421,24278.5,24300.0,24150,ATM,CALL,24150,2026-07-17
2026-07-17 12:39:00+05:30,95.25,96.0,93.75,94.6,481130,10702705,8.943873,24277.75,24300.0,24150,ATM,CALL,24150,2026-07-17
2026-07-17 12:40:00+05:30,118.95,119.55,114.6,114.8,534300,6841705,8.875832,24266.55,24250.0,24150,ATM,CALL,24150,2026-07-17
2026-07-17 12:41:00+05:30,114.85,117.0,111.35,117.0,1280760,6827665,8.951333,24269.05,24250.0,24150,ATM,CALL,24150,2026-07-17
2026-07-17 12:42:00+05:30,93.2,96.6,92.9,96.4,980200,10691135,9.002191,24280.15,24300.0,24150,ATM,CALL,24150,2026-07-17
2026-07-17 12:43:00+05:30,121.25,121.4,116.65,117.8,428220,6718465,8.68441,24275.0,24250.0,24150,ATM,CALL,24150,2026-07-17
2026-07-17 12:44:00+05:30,93.85,96.45,93.55,95.75,397735,10757500,9.095391,24277.05,24300.0,24150,ATM,CALL,24150,2026-07-17
2026-07-17 12:45:00+05:30,96.45,101.25,95.75,100.45,1416545,10611965,9.230605,24283.5,24300.0,24150,ATM,CALL,24150,2026-07-17
2026-07-17 12:46:00+05:30,100.45,100.45,97.65,98.6,615940,10627175,9.114696,24282.25,24300.0,24150,ATM,CALL,24150,2026-07-17
2026-07-17 12:47:00+05:30,98.8,100.25,98.25,100.2,470340,10680345,9.052936,24286.55,24300.0,24150,ATM,CALL,24150,2026-07-17
2026-07-17 12:48:00+05:30,100.05,102.0,98.9,101.75,1024075,10676185,9.169091,24287.25,24300.0,24150,ATM,CALL,24150,2026-07-17
2026-07-17 12:49:00+05:30,103.55,112.35,101.75,107.55,3723460,10568545,9.385648,24294.0,24300.0,24150,ATM,CALL,24150,2026-07-17
2026-07-17 12:50:00+05:30,106.75,107.55,98.2,98.25,1920230,10336495,9.016319,24283.6,24300.0,24150,ATM,CALL,24150,2026-07-17
2026-07-17 12:51:00+05:30,97.9,99.3,95.5,98.5,1233375,10340070,9.155313,24281.35,24300.0,24150,ATM,CALL,24150,2026-07-17
2026-07-17 12:52:00+05:30,98.25,98.8,95.75,95.9,656370,10330385,8.983447,24279.75,24300.0,24150,ATM,CALL,24150,2026-07-17
2026-07-17 12:53:00+05:30,120.55,120.9,115.55,116.9,801450,6748625,8.752402,24272.5,24250.0,24150,ATM,CALL,24150,2026-07-17
2026-07-17 12:54:00+05:30,117.55,117.55,114.7,115.25,620945,6709820,8.505566,24273.9,24250.0,24150,ATM,CALL,24150,2026-07-17
2026-07-17 12:55:00+05:30,115.95,119.35,114.25,114.65,645450,6759155,8.6062,24271.2,24250.0,24150,ATM,CALL,24150,2026-07-17
2026-07-17 12:56:00+05:30,114.4,118.3,114.4,117.75,342290,6721130,8.719239,24274.55,24250.0,24150,ATM,CALL,24150,2026-07-17
2026-07-17 12:57:00+05:30,94.0,98.0,93.5,96.2,1213550,10333180,8.987537,24280.35,24300.0,24150,ATM,CALL,24150,2026-07-17
2026-07-17 12:58:00+05:30,96.0,97.6,94.35,94.5,513110,10242960,8.893021,24278.95,24300.0,24150,ATM,CALL,24150,2026-07-17
2026-07-17 12:59:00+05:30,95.3,98.35,94.5,97.4,550290,10254985,8.957642,24283.3,24300.0,24150,ATM,CALL,24150,2026-07-17
2026-07-17 13:00:00+05:30,98.2,100.0,96.45,97.0,699075,10233405,8.944979,24282.8,24300.0,24150,ATM,CALL,24150,2026-07-17
2026-07-17 13:01:00+05:30,97.6,100.5,97.0,98.0,696605,10269675,8.995281,24283.75,24300.0,24150,ATM,CALL,24150,2026-07-17
2026-07-17 13:02:00+05:30,98.2,98.2,94.8,94.8,624845,10351770,8.941157,24278.65,24300.0,24150,ATM,CALL,24150,2026-07-17
2026-07-17 13:03:00+05:30,94.8,96.3,93.3,95.0,528450,10389600,8.858947,24280.7,24300.0,24150,ATM,CALL,24150,2026-07-17
2026-07-17 13:04:00+05:30,95.05,96.9,95.0,95.25,454480,10408125,8.926964,24279.85,24300.0,24150,ATM,CALL,24150,2026-07-17
2026-07-17 13:05:00+05:30,95.2,95.25,93.6,95.1,310245,10443160,8.850526,24281.1,24300.0,24150,ATM,CALL,24150,2026-07-17
2026-07-17 13:06:00+05:30,94.85,96.2,94.15,95.9,291590,10453170,8.785255,24283.95,24300.0,24150,ATM,CALL,24150,2026-07-17
2026-07-17 13:07:00+05:30,95.95,97.5,92.1,92.1,792545,10460645,8.792348,24276.45,24300.0,24150,ATM,CALL,24150,2026-07-17
2026-07-17 13:08:00+05:30,92.5,94.65,92.1,93.75,338780,10577710,8.789677,24279.75,24300.0,24150,ATM,CALL,24150,2026-07-17
2026-07-17 13:09:00+05:30,93.5,94.5,92.75,93.05,339495,10579270,8.809877,24278.0,24300.0,24150,ATM,CALL,24150,2026-07-17
2026-07-17 13:10:00+05:30,93.05,94.5,93.05,93.95,213330,10650900,8.82366,24279.5,24300.0,24150,ATM,CALL,24150,2026-07-17
2026-07-17 13:11:00+05:30,94.05,95.25,93.4,93.8,302835,10607350,8.820024,24279.3,24300.0,24150,ATM,CALL,24150,2026-07-17
2026-07-17 13:12:00+05:30,93.95,94.15,91.3,91.3,467155,10603255,8.674523,24277.35,24300.0,24150,ATM,CALL,24150,2026-07-17
2026-07-17 13:13:00+05:30,91.0,93.75,91.0,93.5,490230,10619245,8.934697,24276.45,24300.0,24150,ATM,CALL,24150,2026-07-17
2026-07-17 13:14:00+05:30,93.8,95.7,93.3,94.3,519935,10554440,8.708031,24282.55,24300.0,24150,ATM,CALL,24150,2026-07-17
2026-07-17 13:15:00+05:30,117.9,118.2,109.9,112.5,1050400,7306520,8.369641,24271.9,24250.0,24150,ATM,CALL,24150,2026-07-17
2026-07-17 13:16:00+05:30,112.2,113.9,111.7,113.35,529165,7282795,8.402362,24272.8,24250.0,24150,ATM,CALL,24150,2026-07-17
2026-07-17 13:17:00+05:30,89.55,91.0,88.75,90.7,431145,10480990,8.717493,24275.4,24300.0,24150,ATM,CALL,24150,2026-07-17
2026-07-17 13:18:00+05:30,114.0,116.4,112.6,114.1,472680,7330505,8.49438,24272.55,24250.0,24150,ATM,CALL,24150,2026-07-17
2026-07-17 13:19:00+05:30,113.9,114.15,111.3,112.3,245245,7404020,8.207074,24274.35,24250.0,24150,ATM,CALL,24150,2026-07-17
2026-07-17 13:20:00+05:30,89.0,91.6,88.75,90.3,446420,10646480,8.587152,24277.3,24300.0,24150,ATM,CALL,24150,2026-07-17
2026-07-17 13:21:00+05:30,89.8,90.5,88.05,88.15,306020,10681905,8.370839,24277.45,24300.0,24150,ATM,CALL,24150,2026-07-17
2026-07-17 13:22:00+05:30,111.85,113.05,111.15,112.6,209430,7488650,8.240181,24274.35,24250.0,24150,ATM,CALL,24150,2026-07-17
2026-07-17 13:23:00+05:30,112.5,113.8,109.8,110.25,344045,7467330,8.32048,24269.05,24250.0,24150,ATM,CALL,24150,2026-07-17
2026-07-17 13:24:00+05:30,111.0,112.3,107.25,107.45,717275,7480720,8.19381,24266.45,24250.0,24150,ATM,CALL,24150,2026-07-17
2026-07-17 13:25:00+05:30,107.55,110.9,105.2,110.9,752375,7463235,8.410877,24268.65,24250.0,24150,ATM,CALL,24150,2026-07-17
2026-07-17 13:26:00+05:30,111.75,112.0,107.0,108.0,526890,7455045,8.334742,24265.0,24250.0,24150,ATM,CALL,24150,2026-07-17
2026-07-17 13:27:00+05:30,107.75,108.15,105.0,105.2,382200,7427355,8.238042,24261.85,24250.0,24150,ATM,CALL,24150,2026-07-17
2026-07-17 13:28:00+05:30,105.65,106.95,104.45,105.95,430300,7466615,8.381849,24260.65,24250.0,24150,ATM,CALL,24150,2026-07-17
2026-07-17 13:29:00+05:30,106.8,110.35,105.95,107.45,657475,7510815,8.148956,24267.3,24250.0,24150,ATM,CALL,24150,2026-07-17
2026-07-17 13:30:00+05:30,108.5,109.95,107.45,109.4,340210,7563335,8.200947,24269.75,24250.0,24150,ATM,CALL,24150,2026-07-17
2026-07-17 13:31:00+05:30,109.75,112.45,108.0,108.65,674960,7619430,8.226929,24268.05,24250.0,24150,ATM,CALL,24150,2026-07-17
2026-07-17 13:32:00+05:30,109.2,109.8,106.35,108.3,333645,7654985,8.283504,24266.5,24250.0,24150,ATM,CALL,24150,2026-07-17
2026-07-17 13:33:00+05:30,107.95,108.3,105.9,107.5,223015,7674355,8.352291,24263.95,24250.0,24150,ATM,CALL,24150,2026-07-17
2026-07-17 13:34:00+05:30,107.65,109.0,106.0,108.55,255775,7684105,8.356873,24265.7,24250.0,24150,ATM,CALL,24150,2026-07-17
2026-07-17 13:35:00+05:30,108.9,111.5,108.55,110.25,406120,7670130,8.417112,24267.6,24250.0,24150,ATM,CALL,24150,2026-07-17
2026-07-17 13:36:00+05:30,110.2,113.6,109.6,110.45,677430,7677930,8.309046,24269.8,24250.0,24150,ATM,CALL,24150,2026-07-17
2026-07-17 13:37:00+05:30,110.3,111.85,106.25,106.95,501085,7689760,8.258085,24264.7,24250.0,24150,ATM,CALL,24150,2026-07-17
2026-07-17 13:38:00+05:30,107.15,108.0,105.65,106.3,299975,7715630,8.130292,24265.8,24250.0,24150,ATM,CALL,24150,2026-07-17
2026-07-17 13:39:00+05:30,106.9,108.6,106.3,107.7,441480,7735260,8.05394,24269.5,24250.0,24150,ATM,CALL,24150,2026-07-17
2026-07-17 13:40:00+05:30,107.3,107.7,100.9,102.25,1080625,7714525,8.161944,24258.25,24250.0,24150,ATM,CALL,24150,2026-07-17
2026-07-17 13:41:00+05:30,102.5,103.65,98.1,103.45,1454505,7881510,8.483076,24254.65,24250.0,24150,ATM,CALL,24150,2026-07-17
2026-07-17 13:42:00+05:30,103.5,103.95,98.5,100.1,502125,7928700,8.342903,24251.2,24250.0,24150,ATM,CALL,24150,2026-07-17
2026-07-17 13:43:00+05:30,99.65,100.5,97.75,100.5,561470,7963020,8.538303,24248.35,24250.0,24150,ATM,CALL,24150,2026-07-17
2026-07-17 13:44:00+05:30,100.2,101.7,97.1,100.45,771485,8010665,8.211284,24254.25,24250.0,24150,ATM,CALL,24150,2026-07-17
2026-07-17 13:45:00+05:30,99.45,101.0,98.1,99.95,372645,8097375,8.265073,24252.4,24250.0,24150,ATM,CALL,24150,2026-07-17
2026-07-17 13:46:00+05:30,99.7,100.8,93.65,93.65,1076920,8130135,8.041148,24245.1,24250.0,24150,ATM,CALL,24150,2026-07-17
2026-07-17 13:47:00+05:30,93.9,94.75,89.3,91.35,2239120,8176740,8.154591,24238.7,24250.0,24150,ATM,CALL,24150,2026-07-17
2026-07-17 13:48:00+05:30,91.65,94.4,91.2,94.2,874120,8408140,7.99218,24247.05,24250.0,24150,ATM,CALL,24150,2026-07-17
2026-07-17 13:49:00+05:30,94.1,94.55,91.1,91.4,580580,8453965,8.095896,24239.95,24250.0,24150,ATM,CALL,24150,2026-07-17
2026-07-17 13:50:00+05:30,91.3,91.6,88.3,89.4,1328795,8524620,8.560781,24227.05,24250.0,24150,ATM,CALL,24150,2026-07-17
2026-07-17 13:51:00+05:30,112.85,113.2,105.0,107.85,2460055,9770800,8.309391,24215.95,24200.0,24150,ATM,CALL,24150,2026-07-17
2026-07-17 13:52:00+05:30,107.5,111.25,107.5,109.45,1468480,9961965,8.092336,24222.35,24200.0,24150,ATM,CALL,24150,2026-07-17
2026-07-17 13:53:00+05:30,86.35,87.75,85.8,87.4,560950,8779550,8.257236,24229.25,24250.0,24150,ATM,CALL,24150,2026-07-17
2026-07-17 13:54:00+05:30,87.55,89.4,86.65,88.9,753675,8839285,8.266081,24232.0,24250.0,24150,ATM,CALL,24150,2026-07-17
2026-07-17 13:55:00+05:30,87.9,91.35,86.8,90.45,1065480,8874255,8.188117,24236.5,24250.0,24150,ATM,CALL,24150,2026-07-17
2026-07-17 13:56:00+05:30,89.3,90.45,87.55,89.1,624260,8860540,8.249356,24232.75,24250.0,24150,ATM,CALL,24150,2026-07-17
2026-07-17 13:57:00+05:30,89.6,91.25,89.1,90.85,802165,8842925,8.373503,24233.7,24250.0,24150,ATM,CALL,24150,2026-07-17
2026-07-17 13:58:00+05:30,91.05,92.7,89.75,92.5,741195,8882575,8.33528,24237.6,24250.0,24150,ATM,CALL,24150,2026-07-17
2026-07-17 13:59:00+05:30,92.55,102.05,92.45,100.6,2425995,8814130,8.468815,24250.1,24250.0,24150,ATM,CALL,24150,2026-07-17
2026-07-17 14:00:00+05:30,99.1,100.9,97.35,99.85,1301430,8783515,8.466375,24248.8,24250.0,24150,ATM,CALL,24150,2026-07-17
2026-07-17 14:01:00+05:30,99.8,100.4,96.85,98.45,873535,8826610,8.437221,24246.8,24250.0,24150,ATM,CALL,24150,2026-07-17
2026-07-17 14:02:00+05:30,99.0,99.0,95.15,96.45,755625,8773310,8.41224,24243.6,24250.0,24150,ATM,CALL,24150,2026-07-17
2026-07-17 14:03:00+05:30,96.65,99.0,96.0,99.0,392990,8761480,8.522981,24246.25,24250.0,24150,ATM,CALL,24150,2026-07-17
2026-07-17 14:04:00+05:30,99.1,102.0,98.9,100.15,1068210,8753225,8.415561,24250.35,24250.0,24150,ATM,CALL,24150,2026-07-17
2026-07-17 14:05:00+05:30,100.3,103.4,100.0,101.85,1165580,8792160,8.345177,24254.7,24250.0,24150,ATM,CALL,24150,2026-07-17
2026-07-17 14:06:00+05:30,101.7,102.6,98.3,98.3,798070,8880495,8.272786,24249.65,24250.0,24150,ATM,CALL,24150,2026-07-17
2026-07-17 14:07:00+05:30,98.2,100.2,97.45,99.9,595920,8786765,8.355448,24251.05,24250.0,24150,ATM,CALL,24150,2026-07-17
2026-07-17 14:08:00+05:30,99.75,101.25,97.15,98.95,507650,8780070,8.259655,24251.1,24250.0,24150,ATM,CALL,24150,2026-07-17
2026-07-17 14:09:00+05:30,98.85,100.75,98.8,100.25,350740,8817315,8.287457,24252.95,24250.0,24150,ATM,CALL,24150,2026-07-17
2026-07-17 14:10:00+05:30,100.5,101.85,99.85,101.25,540605,8803665,8.329401,24254.0,24250.0,24150,ATM,CALL,24150,2026-07-17
2026-07-17 14:11:00+05:30,101.6,107.75,101.25,107.0,1817075,8694270,8.264206,24265.25,24250.0,24150,ATM,CALL,24150,2026-07-17
2026-07-17 14:12:00+05:30,107.35,112.4,106.55,110.75,2007915,8678930,8.267645,24271.6,24250.0,24150,ATM,CALL,24150,2026-07-17
2026-07-17 14:13:00+05:30,87.1,94.75,87.1,93.3,3354390,11430640,8.934731,24277.25,24300.0,24150,ATM,CALL,24150,2026-07-17
2026-07-17 14:14:00+05:30,94.6,98.95,92.95,98.95,3456180,11332555,9.323995,24280.55,24300.0,24150,ATM,CALL,24150,2026-07-17
2026-07-17 14:15:00+05:30,77.2,117.2,76.8,117.2,4578795,4226430,10.326349,24345.4,24350.0,24150,ATM,CALL,24150,2026-07-17
2026-07-17 14:16:00+05:30,118.95,132.35,107.45,132.1,5809440,4468815,10.850458,24362.9,24350.0,24150,ATM,CALL,24150,2026-07-17
2026-07-17 14:17:00+05:30,130.0,136.25,116.15,119.1,3269045,4445025,10.406995,24347.45,24350.0,24150,ATM,CALL,24150,2026-07-17
2026-07-17 14:18:00+05:30,113.4,119.1,106.1,109.3,2198300,4764565,10.210736,24332.7,24350.0,24150,ATM,CALL,24150,2026-07-17
2026-07-17 14:19:00+05:30,132.95,132.95,117.5,117.65,2619825,8409635,9.695287,24308.45,24300.0,24150,ATM,CALL,24150,2026-07-17
2026-07-17 14:20:00+05:30,118.0,125.3,116.5,118.0,2736695,8664045,9.491154,24312.75,24300.0,24150,ATM,CALL,24150,2026-07-17
2026-07-17 14:21:00+05:30,118.25,121.5,113.85,115.15,2266810,8645975,9.39986,24309.35,24300.0,24150,ATM,CALL,24150,2026-07-17
2026-07-17 14:22:00+05:30,115.7,115.7,108.9,108.9,1804920,8715655,9.244208,24300.95,24300.0,24150,ATM,CALL,24150,2026-07-17
2026-07-17 14:23:00+05:30,106.9,109.65,105.8,105.8,1537575,8833760,9.380127,24292.7,24300.0,24150,ATM,CALL,24150,2026-07-17
2026-07-17 14:24:00+05:30,106.1,108.4,105.05,108.0,1291875,9038185,9.300381,24298.3,24300.0,24150,ATM,CALL,24150,2026-07-17
2026-07-17 14:25:00+05:30,108.25,116.15,106.35,114.3,2558855,9179950,9.433658,24307.3,24300.0,24150,ATM,CALL,24150,2026-07-17
2026-07-17 14:26:00+05:30,114.25,119.9,114.25,117.95,2528305,9452365,9.57683,24311.25,24300.0,24150,ATM,CALL,24150,2026-07-17
2026-07-17 14:27:00+05:30,118.5,119.8,115.95,119.8,1366430,9432995,9.778202,24310.95,24300.0,24150,ATM,CALL,24150,2026-07-17
2026-07-17 14:28:00+05:30,119.4,122.85,117.3,118.7,2035020,9382945,9.750906,24309.5,24300.0,24150,ATM,CALL,24150,2026-07-17
2026-07-17 14:29:00+05:30,118.55,118.7,101.7,104.25,3044275,9086220,9.510209,24287.4,24300.0,24150,ATM,CALL,24150,2026-07-17
2026-07-17 14:30:00+05:30,104.6,114.25,104.0,113.35,2001025,9019270,9.49079,24304.65,24300.0,24150,ATM,CALL,24150,2026-07-17
2026-07-17 14:31:00+05:30,113.6,114.15,107.8,109.1,1177995,9178910,9.308531,24300.3,24300.0,24150,ATM,CALL,24150,2026-07-17
2026-07-17 14:32:00+05:30,109.15,111.05,106.1,108.15,820170,9255285,9.27784,24299.15,24300.0,24150,ATM,CALL,24150,2026-07-17
2026-07-17 14:33:00+05:30,107.2,110.45,106.8,109.1,647205,9314955,9.565032,24295.55,24300.0,24150,ATM,CALL,24150,2026-07-17
2026-07-17 14:34:00+05:30,109.35,112.2,108.35,111.4,615940,9272835,9.66233,24298.0,24300.0,24150,ATM,CALL,24150,2026-07-17
2026-07-17 14:35:00+05:30,110.65,111.6,109.45,109.45,534365,9318725,9.436185,24298.65,24300.0,24150,ATM,CALL,24150,2026-07-17
2026-07-17 14:36:00+05:30,110.15,110.15,105.65,107.95,873600,9423310,9.576534,24293.25,24300.0,24150,ATM,CALL,24150,2026-07-17
2026-07-17 14:37:00+05:30,107.5,109.55,106.1,107.8,578760,9464975,9.573356,24293.05,24300.0,24150,ATM,CALL,24150,2026-07-17
2026-07-17 14:38:00+05:30,107.25,111.7,105.05,110.1,989495,9385610,9.48741,24298.95,24300.0,24150,ATM,CALL,24150,2026-07-17
2026-07-17 14:39:00+05:30,109.75,110.8,108.2,110.55,425880,9488635,9.589193,24297.9,24300.0,24150,ATM,CALL,24150,2026-07-17
2026-07-17 14:40:00+05:30,110.55,113.3,110.45,111.0,1075815,9596730,9.413605,24302.0,24300.0,24150,ATM,CALL,24150,2026-07-17
2026-07-17 14:41:00+05:30,111.65,118.4,110.05,118.4,1562145,9598810,9.60412,24311.85,24300.0,24150,ATM,CALL,24150,2026-07-17
2026-07-17 14:42:00+05:30,118.1,118.4,114.1,117.85,1375725,9719320,9.631723,24310.4,24300.0,24150,ATM,CALL,24150,2026-07-17
2026-07-17 14:43:00+05:30,117.15,121.6,115.4,116.55,1838265,9677980,9.408267,24312.1,24300.0,24150,ATM,CALL,24150,2026-07-17
2026-07-17 14:44:00+05:30,116.7,122.5,116.55,120.2,1404975,9723285,9.457452,24317.65,24300.0,24150,ATM,CALL,24150,2026-07-17
2026-07-17 14:45:00+05:30,120.1,121.2,118.5,119.55,1089920,9814090,9.286816,24319.5,24300.0,24150,ATM,CALL,24150,2026-07-17
2026-07-17 14:46:00+05:30,95.25,99.45,93.25,98.05,1131520,5611450,9.521802,24325.05,24350.0,24150,ATM,CALL,24150,2026-07-17
2026-07-17 14:47:00+05:30,122.9,123.55,120.15,120.9,1020890,9922380,9.30196,24321.6,24300.0,24150,ATM,CALL,24150,2026-07-17
2026-07-17 14:48:00+05:30,120.9,121.45,117.55,121.45,1007565,9871940,9.436702,24320.25,24300.0,24150,ATM,CALL,24150,2026-07-17
2026-07-17 14:49:00+05:30,120.8,122.35,119.7,120.0,852800,9895210,9.072556,24324.0,24300.0,24150,ATM,CALL,24150,2026-07-17
2026-07-17 14:50:00+05:30,119.7,121.15,115.95,118.85,1258855,9886695,9.192996,24320.0,24300.0,24150,ATM,CALL,24150,2026-07-17
2026-07-17 14:51:00+05:30,118.4,121.0,116.05,117.3,857350,9983415,9.209697,24317.05,24300.0,24150,ATM,CALL,24150,2026-07-17
2026-07-17 14:52:00+05:30,117.1,119.4,116.7,117.9,418730,10011170,9.123199,24319.6,24300.0,24150,ATM,CALL,24150,2026-07-17
2026-07-17 14:53:00+05:30,117.15,117.9,114.3,117.3,959790,10037105,9.011552,24320.5,24300.0,24150,ATM,CALL,24150,2026-07-17
2026-07-17 14:54:00+05:30,117.1,117.55,113.9,116.7,649025,9742915,8.925979,24320.95,24300.0,24150,ATM,CALL,24150,2026-07-17
2026-07-17 14:55:00+05:30,92.65,96.95,91.9,96.45,755560,5633615,9.257228,24327.4,24350.0,24150,ATM,CALL,24150,2026-07-17
2026-07-17 14:56:00+05:30,123.5,126.2,117.25,119.5,2641340,9748375,8.976109,24324.9,24300.0,24150,ATM,CALL,24150,2026-07-17
2026-07-17 14:57:00+05:30,120.55,120.7,116.4,117.95,951275,9859330,9.01648,24321.6,24300.0,24150,ATM,CALL,24150,2026-07-17
2026-07-17 14:58:00+05:30,118.25,118.6,114.7,117.0,1078805,10168470,9.256057,24315.85,24300.0,24150,ATM,CALL,24150,2026-07-17
2026-07-17 14:59:00+05:30,117.0,117.9,112.1,113.7,1179750,9966580,9.161209,24311.75,24300.0,24150,ATM,CALL,24150,2026-07-17
2026-07-17 15:00:00+05:30,114.3,121.3,109.6,120.95,2804100,9870250,9.19752,24323.7,24300.0,24150,ATM,CALL,24150,2026-07-17
2026-07-17 15:01:00+05:30,96.15,102.55,92.6,97.0,2522975,5518760,9.407129,24325.6,24350.0,24150,ATM,CALL,24150,2026-07-17
2026-07-17 15:02:00+05:30,120.9,122.4,116.45,119.2,904150,9632545,8.984903,24324.35,24300.0,24150,ATM,CALL,24150,2026-07-17
2026-07-17 15:03:00+05:30,119.75,120.95,114.75,115.6,802295,9602060,9.000144,24317.95,24300.0,24150,ATM,CALL,24150,2026-07-17
2026-07-17 15:04:00+05:30,114.95,118.6,114.15,117.35,869505,9247745,8.936966,24322.05,24300.0,24150,ATM,CALL,24150,2026-07-17
2026-07-17 15:05:00+05:30,93.55,97.45,93.05,97.2,935480,5373485,9.333707,24327.55,24350.0,24150,ATM,CALL,24150,2026-07-17
2026-07-17 15:06:00+05:30,97.5,99.15,96.05,98.0,827710,5341115,9.280178,24330.2,24350.0,24150,ATM,CALL,24150,2026-07-17
2026-07-17 15:07:00+05:30,97.85,100.6,97.0,99.75,991055,5350800,9.244798,24334.3,24350.0,24150,ATM,CALL,24150,2026-07-17
2026-07-17 15:08:00+05:30,99.55,99.75,95.65,95.95,770185,5362955,8.984434,24332.1,24350.0,24150,ATM,CALL,24150,2026-07-17
2026-07-17 15:09:00+05:30,95.45,97.95,94.2,96.7,693095,5307315,8.985258,24333.55,24350.0,24150,ATM,CALL,24150,2026-07-17
2026-07-17 15:10:00+05:30,96.75,97.4,94.35,96.05,553735,5249140,9.014083,24331.75,24350.0,24150,ATM,CALL,24150,2026-07-17
2026-07-17 15:11:00+05:30,96.1,97.3,95.4,96.5,420550,5207995,9.033928,24332.25,24350.0,24150,ATM,CALL,24150,2026-07-17
2026-07-17 15:12:00+05:30,96.6,99.75,96.4,98.1,759655,5157815,8.997654,24336.05,24350.0,24150,ATM,CALL,24150,2026-07-17
2026-07-17 15:13:00+05:30,97.65,98.1,95.5,96.8,548730,5071885,8.929937,24334.9,24350.0,24150,ATM,CALL,24150,2026-07-17
2026-07-17 15:14:00+05:30,96.6,97.1,92.75,92.9,824720,5073575,8.86002,24328.75,24350.0,24150,ATM,CALL,24150,2026-07-17
2026-07-17 15:15:00+05:30,117.0,117.4,112.35,113.8,1434420,7958600,8.482958,24323.85,24300.0,24150,ATM,CALL,24150,2026-07-17
2026-07-17 15:16:00+05:30,112.7,114.75,111.4,114.1,780260,7856680,8.571228,24322.9,24300.0,24150,ATM,CALL,24150,2026-07-17
2026-07-17 15:17:00+05:30,89.65,92.6,89.65,92.0,602030,4722900,8.934592,24325.55,24350.0,24150,ATM,CALL,24150,2026-07-17
2026-07-17 15:18:00+05:30,91.95,92.55,89.1,89.45,524940,4719325,8.522125,24328.8,24350.0,24150,ATM,CALL,24150,2026-07-17
2026-07-17 15:19:00+05:30,89.45,91.15,88.8,90.5,424385,4687865,8.616318,24329.0,24350.0,24150,ATM,CALL,24150,2026-07-17
2026-07-17 15:20:00+05:30,90.9,93.4,90.5,92.5,630500,4662060,8.613629,24332.95,24350.0,24150,ATM,CALL,24150,2026-07-17
2026-07-17 15:21:00+05:30,92.8,97.45,92.1,96.9,896090,4573335,9.037563,24333.15,24350.0,24150,ATM,CALL,24150,2026-07-17
2026-07-17 15:22:00+05:30,97.15,99.05,96.9,98.2,932425,4352790,8.976318,24336.85,24350.0,24150,ATM,CALL,24150,2026-07-17
2026-07-17 15:23:00+05:30,98.35,103.15,98.2,101.9,911560,4198545,9.284925,24337.95,24350.0,24150,ATM,CALL,24150,2026-07-17
2026-07-17 15:24:00+05:30,102.5,108.4,101.9,106.8,1097265,4135040,9.515535,24342.8,24350.0,24150,ATM,CALL,24150,2026-07-17
2026-07-17 15:25:00+05:30,106.8,112.75,106.8,110.9,1201005,4024345,9.805069,24345.0,24350.0,24150,ATM,CALL,24150,2026-07-17
2026-07-17 15:26:00+05:30,110.35,111.95,107.15,107.9,910520,3905655,9.626233,24342.8,24350.0,24150,ATM,CALL,24150,2026-07-17
2026-07-17 15:27:00+05:30,108.7,110.55,107.9,110.4,626470,3896295,9.810794,24344.0,24350.0,24150,ATM,CALL,24150,2026-07-17
2026-07-17 15:28:00+05:30,110.2,113.65,109.75,111.65,796055,3726385,10.17613,24339.4,24350.0,24150,ATM,CALL,24150,2026-07-17
2026-07-17 15:29:00+05:30,112.1,116.95,111.45,115.05,1041170,3570385,10.129162,24346.7,24350.0,24150,ATM,CALL,24150,2026-07-17
2026-07-17 09:15:00+05:30,140.8,168.5,140.4,140.4,1505075,2587780,14.868399,24151.25,24150.0,24150,ATM,PUT,24150,2026-07-17
2026-07-17 09:16:00+05:30,137.0,141.45,126.45,126.45,2503605,3383380,14.391197,24171.0,24150.0,24150,ATM,PUT,24150,2026-07-17
2026-07-17 09:17:00+05:30,152.6,155.35,150.0,153.0,1473160,3945890,14.896744,24176.15,24200.0,24150,ATM,PUT,24150,2026-07-17
2026-07-17 09:18:00+05:30,151.45,153.0,143.9,143.9,1420900,4678700,14.549371,24187.4,24200.0,24150,ATM,PUT,24150,2026-07-17
2026-07-17 09:19:00+05:30,143.8,147.95,141.8,145.15,1664845,5454605,14.691206,24187.85,24200.0,24150,ATM,PUT,24150,2026-07-17
2026-07-17 09:20:00+05:30,145.25,145.4,140.1,143.5,2241330,6315595,14.529032,24187.75,24200.0,24150,ATM,PUT,24150,2026-07-17
2026-07-17 09:21:00+05:30,143.25,146.5,142.6,144.45,1437800,7231640,14.528819,24185.75,24200.0,24150,ATM,PUT,24150,2026-07-17
2026-07-17 09:22:00+05:30,144.05,146.4,143.0,143.2,1043380,7848880,14.548233,24188.75,24200.0,24150,ATM,PUT,24150,2026-07-17
2026-07-17 09:23:00+05:30,143.25,145.5,142.65,145.35,723450,8302840,14.635774,24186.15,24200.0,24150,ATM,PUT,24150,2026-07-17
2026-07-17 09:24:00+05:30,145.2,145.35,140.8,140.85,874315,8561085,14.468821,24191.9,24200.0,24150,ATM,PUT,24150,2026-07-17
2026-07-17 09:25:00+05:30,140.85,141.35,137.1,138.25,1809405,8908900,14.535307,24198.85,24200.0,24150,ATM,PUT,24150,2026-07-17
2026-07-17 09:26:00+05:30,138.0,140.1,137.0,139.9,1341275,9567090,14.737958,24199.8,24200.0,24150,ATM,PUT,24150,2026-07-17
2026-07-17 09:27:00+05:30,139.5,140.9,135.25,137.1,1508000,10224370,14.606208,24202.85,24200.0,24150,ATM,PUT,24150,2026-07-17
2026-07-17 09:28:00+05:30,136.65,138.6,136.2,136.2,749970,10931830,14.607548,24204.8,24200.0,24150,ATM,PUT,24150,2026-07-17
2026-07-17 09:29:00+05:30,136.95,137.45,134.0,134.1,1163825,11286275,14.636575,24210.0,24200.0,24150,ATM,PUT,24150,2026-07-17
2026-07-17 09:30:00+05:30,133.6,138.5,132.1,137.2,1976260,11699545,14.656815,24203.7,24200.0,24150,ATM,PUT,24150,2026-07-17
2026-07-17 09:31:00+05:30,136.55,140.1,136.0,139.7,1675505,12379445,14.590359,24196.85,24200.0,24150,ATM,PUT,24150,2026-07-17
2026-07-17 09:32:00+05:30,139.6,141.6,136.0,136.0,1395420,12741495,14.610036,24205.2,24200.0,24150,ATM,PUT,24150,2026-07-17
2026-07-17 09:33:00+05:30,135.4,136.8,132.55,133.0,1330420,13053820,14.565191,24210.7,24200.0,24150,ATM,PUT,24150,2026-07-17
2026-07-17 09:34:00+05:30,132.8,137.0,130.5,137.0,1531205,13433745,14.770782,24206.6,24200.0,24150,ATM,PUT,24150,2026-07-17
2026-07-17 09:35:00+05:30,136.2,137.0,135.0,135.75,882895,13702065,14.671176,24207.05,24200.0,24150,ATM,PUT,24150,2026-07-17
2026-07-17 09:36:00+05:30,135.9,138.25,134.55,134.85,1054040,14003795,14.689425,24209.4,24200.0,24150,ATM,PUT,24150,2026-07-17
2026-07-17 09:37:00+05:30,134.6,135.4,131.1,131.3,1000220,14372540,14.648058,24216.25,24200.0,24150,ATM,PUT,24150,2026-07-17
2026-07-17 09:38:00+05:30,130.7,131.65,128.85,130.2,1902745,14386190,14.772479,24221.55,24200.0,24150,ATM,PUT,24150,2026-07-17
2026-07-17 09:39:00+05:30,129.75,131.8,128.65,131.25,1110200,14642745,14.771324,24219.15,24200.0,24150,ATM,PUT,24150,2026-07-17
2026-07-17 09:40:00+05:30,131.0,132.3,129.4,130.65,760760,15053675,14.796493,24221.05,24200.0,24150,ATM,PUT,24150,2026-07-17
2026-07-17 09:41:00+05:30,130.05,131.9,129.7,130.8,710385,15334995,14.861703,24222.2,24200.0,24150,ATM,PUT,24150,2026-07-17
2026-07-17 09:42:00+05:30,130.3,131.4,129.0,129.7,581230,15562495,14.863672,24224.7,24200.0,24150,ATM,PUT,24150,2026-07-17
2026-07-17 09:43:00+05:30,154.65,155.45,152.05,153.05,307450,3826680,14.852142,24225.15,24250.0,24150,ATM,PUT,24150,2026-07-17
2026-07-17 09:44:00+05:30,152.15,156.6,150.0,152.5,497055,3900585,15.089863,24231.3,24250.0,24150,ATM,PUT,24150,2026-07-17
2026-07-17 09:45:00+05:30,151.0,152.5,145.9,150.3,1813955,4073095,15.028815,24234.5,24250.0,24150,ATM,PUT,24150,2026-07-17
2026-07-17 09:46:00+05:30,149.35,151.9,148.2,149.25,518180,4338490,15.249818,24241.45,24250.0,24150,ATM,PUT,24150,2026-07-17
2026-07-17 09:47:00+05:30,148.95,151.55,146.4,151.45,552825,4531085,15.227192,24236.35,24250.0,24150,ATM,PUT,24150,2026-07-17
2026-07-17 09:48:00+05:30,151.3,151.45,148.5,149.5,376610,4752150,15.211623,24240.05,24250.0,24150,ATM,PUT,24150,2026-07-17
2026-07-17 09:49:00+05:30,149.6,152.6,149.4,151.35,395590,4926155,15.242802,24236.85,24250.0,24150,ATM,PUT,24150,2026-07-17
2026-07-17 09:50:00+05:30,151.4,151.4,148.0,148.55,388895,5028400,15.266793,24243.2,24250.0,24150,ATM,PUT,24150,2026-07-17
2026-07-17 09:51:00+05:30,148.65,155.4,148.55,155.35,537810,5176340,15.258192,24228.9,24250.0,24150,ATM,PUT,24150,2026-07-17
2026-07-17 09:52:00+05:30,154.3,156.3,153.95,155.8,712725,5269940,15.351821,24229.95,24250.0,24150,ATM,PUT,24150,2026-07-17
2026-07-17 09:53:00+05:30,155.35,155.85,152.65,152.85,386555,5344235,15.216805,24233.1,24250.0,24150,ATM,PUT,24150,2026-07-17
2026-07-17 09:54:00+05:30,152.6,153.3,148.2,150.7,456430,5390515,15.330917,24240.0,24250.0,24150,ATM,PUT,24150,2026-07-17
2026-07-17 09:55:00+05:30,150.25,156.35,150.25,155.15,541190,5468255,15.304203,24230.2,24250.0,24150,ATM,PUT,24150,2026-07-17
2026-07-17 09:56:00+05:30,130.5,133.8,130.1,132.4,1921270,18701345,15.071085,24223.1,24200.0,24150,ATM,PUT,24150,2026-07-17
2026-07-17 09:57:00+05:30,132.45,135.3,132.1,133.9,1693445,18746975,15.055083,24219.35,24200.0,24150,ATM,PUT,24150,2026-07-17
2026-07-17 09:58:00+05:30,159.75,160.6,154.75,154.75,650260,5457790,15.214797,24229.05,24250.0,24150,ATM,PUT,24150,2026-07-17
2026-07-17 09:59:00+05:30,154.65,156.9,153.5,153.5,378040,5415410,15.086232,24228.85,24250.0,24150,ATM,PUT,24150,2026-07-17
2026-07-17 10:00:00+05:30,128.65,135.0,126.45,134.7,1641835,18514860,15.235663,24221.65,24200.0,24150,ATM,PUT,24150,2026-07-17
2026-07-17 10:01:00+05:30,134.3,138.6,131.65,136.65,1717365,18855980,15.018971,24212.35,24200.0,24150,ATM,PUT,24150,2026-07-17
2026-07-17 10:02:00+05:30,136.45,136.85,135.0,135.5,1352390,18503160,15.064698,24215.9,24200.0,24150,ATM,PUT,24150,2026-07-17
2026-07-17 10:03:00+05:30,135.45,136.35,134.3,134.6,1004770,18611970,14.936883,24214.95,24200.0,24150,ATM,PUT,24150,2026-07-17
2026-07-17 10:04:00+05:30,134.35,136.9,134.0,135.55,999570,18760105,15.010184,24214.5,24200.0,24150,ATM,PUT,24150,2026-07-17
2026-07-17 10:05:00+05:30,135.8,136.5,131.25,132.2,1167855,18700240,14.983099,24221.3,24200.0,24150,ATM,PUT,24150,2026-07-17
2026-07-17 10:06:00+05:30,132.2,133.0,130.25,133.0,825565,18608655,15.122419,24222.7,24200.0,24150,ATM,PUT,24150,2026-07-17
2026-07-17 10:07:00+05:30,158.9,159.35,156.85,157.45,241670,5471310,15.323118,24225.65,24250.0,24150,ATM,PUT,24150,2026-07-17
2026-07-17 10:08:00+05:30,156.9,159.5,155.65,155.8,220740,5514275,15.257721,24227.6,24250.0,24150,ATM,PUT,24150,2026-07-17
2026-07-17 10:09:00+05:30,155.0,155.8,151.95,155.05,531505,5529160,15.391233,24231.95,24250.0,24150,ATM,PUT,24150,2026-07-17
2026-07-17 10:10:00+05:30,155.45,157.5,154.95,156.75,279565,5634850,15.4949,24230.65,24250.0,24150,ATM,PUT,24150,2026-07-17
2026-07-17 10:11:00+05:30,157.35,157.5,155.4,155.45,171730,5700110,15.492657,24233.25,24250.0,24150,ATM,PUT,24150,2026-07-17
2026-07-17 10:12:00+05:30,155.05,155.85,150.05,150.3,590135,5723770,15.306594,24239.9,24250.0,24150,ATM,PUT,24150,2026-07-17
2026-07-17 10:13:00+05:30,150.6,150.85,148.5,150.55,963495,6032455,15.61599,24246.1,24250.0,24150,ATM,PUT,24150,2026-07-17
2026-07-17 10:14:00+05:30,150.45,153.2,150.35,152.25,915590,6213025,15.494201,24239.85,24250.0,24150,ATM,PUT,24150,2026-07-17
2026-07-17 10:15:00+05:30,152.85,152.95,149.0,149.2,1068015,6038500,15.469765,24245.7,24250.0,24150,ATM,PUT,24150,2026-07-17
2026-07-17 10:16:00+05:30,149.15,149.85,147.25,148.35,430950,6450730,15.454932,24247.15,24250.0,24150,ATM,PUT,24150,2026-07-17
2026-07-17 10:17:00+05:30,148.5,148.85,143.4,143.8,1009905,6587490,15.3108,24253.65,24250.0,24150,ATM,PUT,24150,2026-07-17
2026-07-17 10:18:00+05:30,144.9,145.05,131.7,134.05,2308735,6675695,15.283652,24274.45,24250.0,24150,ATM,PUT,24150,2026-07-17
2026-07-17 10:19:00+05:30,133.7,138.4,133.4,137.2,1368510,7214480,15.568707,24273.95,24250.0,24150,ATM,PUT,24150,2026-07-17
2026-07-17 10:20:00+05:30,137.05,140.0,135.25,139.65,1081080,7612670,15.493818,24266.75,24250.0,24150,ATM,PUT,24150,2026-07-17
2026-07-17 10:21:00+05:30,139.85,140.5,137.25,139.3,658385,7930130,15.528824,24268.3,24250.0,24150,ATM,PUT,24150,2026-07-17
2026-07-17 10:22:00+05:30,139.1,140.2,138.05,139.9,517595,8038940,15.353081,24262.95,24250.0,24150,ATM,PUT,24150,2026-07-17
2026-07-17 10:23:00+05:30,140.0,142.05,139.9,141.25,1156415,7876570,15.300893,24258.8,24250.0,24150,ATM,PUT,24150,2026-07-17
2026-07-17 10:24:00+05:30,141.05,142.2,140.4,140.7,471835,7912190,15.106096,24255.6,24250.0,24150,ATM,PUT,24150,2026-07-17
2026-07-17 10:25:00+05:30,140.0,141.95,138.95,139.4,514735,7996235,15.349749,24263.9,24250.0,24150,ATM,PUT,24150,2026-07-17
2026-07-17 10:26:00+05:30,139.3,140.65,139.0,139.75,287170,8069165,15.466062,24265.75,24250.0,24150,ATM,PUT,24150,2026-07-17
2026-07-17 10:27:00+05:30,139.15,140.2,137.2,138.75,380315,8110765,15.453555,24267.65,24250.0,24150,ATM,PUT,24150,2026-07-17
2026-07-17 10:28:00+05:30,138.95,139.0,135.8,136.5,406120,8134230,15.482369,24273.3,24250.0,24150,ATM,PUT,24150,2026-07-17
2026-07-17 10:29:00+05:30,161.95,162.45,158.0,158.45,531440,6597825,15.691523,24281.55,24300.0,24150,ATM,PUT,24150,2026-07-17
2026-07-17 10:30:00+05:30,158.35,160.4,157.85,158.65,574340,6884735,15.610835,24279.4,24300.0,24150,ATM,PUT,24150,2026-07-17
2026-07-17 10:31:00+05:30,158.7,158.75,157.0,157.1,495625,7077655,15.636352,24283.1,24300.0,24150,ATM,PUT,24150,2026-07-17
2026-07-17 10:32:00+05:30,157.6,158.25,154.4,157.95,772525,7189325,15.817181,24285.2,24300.0,24150,ATM,PUT,24150,2026-07-17
2026-07-17 10:33:00+05:30,158.6,162.05,157.95,160.5,847600,7380750,15.803807,24279.65,24300.0,24150,ATM,PUT,24150,2026-07-17
2026-07-17 10:34:00+05:30,160.25,160.85,158.4,158.4,384800,7592065,15.820718,24284.3,24300.0,24150,ATM,PUT,24150,2026-07-17
2026-07-17 10:35:00+05:30,134.0,139.5,133.85,139.15,657930,8930415,15.699425,24272.2,24250.0,24150,ATM,PUT,24150,2026-07-17
2026-07-17 10:36:00+05:30,138.95,139.45,138.2,138.6,644995,9025315,15.660168,24272.5,24250.0,24150,ATM,PUT,24150,2026-07-17
2026-07-17 10:37:00+05:30,138.65,140.5,138.05,140.5,435370,9094930,15.616419,24267.25,24250.0,24150,ATM,PUT,24150,2026-07-17
2026-07-17 10:38:00+05:30,140.45,141.75,138.65,139.0,727545,9095645,15.496157,24267.8,24250.0,24150,ATM,PUT,24150,2026-07-17
2026-07-17 10:39:00+05:30,138.95,140.5,138.1,140.25,339170,9089925,15.594349,24267.25,24250.0,24150,ATM,PUT,24150,2026-07-17
2026-07-17 10:40:00+05:30,140.5,141.0,138.15,138.15,275340,9119110,15.444303,24268.45,24250.0,24150,ATM,PUT,24150,2026-07-17
2026-07-17 10:41:00+05:30,138.35,139.6,138.0,138.1,226850,9151415,15.540929,24270.75,24250.0,24150,ATM,PUT,24150,2026-07-17
2026-07-17 10:42:00+05:30,137.85,139.75,137.35,139.1,291395,9162855,15.573612,24269.25,24250.0,24150,ATM,PUT,24150,2026-07-17
2026-07-17 10:43:00+05:30,139.3,147.45,139.1,146.5,913965,9221485,15.350421,24248.15,24250.0,24150,ATM,PUT,24150,2026-07-17
2026-07-17 10:44:00+05:30,143.55,146.5,142.35,143.6,832845,9192885,15.564,24259.1,24250.0,24150,ATM,PUT,24150,2026-07-17
2026-07-17 10:45:00+05:30,143.7,147.55,142.8,147.4,863200,9190090,15.67282,24253.3,24250.0,24150,ATM,PUT,24150,2026-07-17
2026-07-17 10:46:00+05:30,147.6,148.45,145.15,146.35,823225,9137765,15.536243,24252.5,24250.0,24150,ATM,PUT,24150,2026-07-17
2026-07-17 10:47:00+05:30,146.0,146.95,142.95,143.4,504920,9112740,15.337485,24254.4,24250.0,24150,ATM,PUT,24150,2026-07-17
2026-07-17 10:48:00+05:30,144.1,146.5,143.4,146.5,353405,9088560,15.602526,24253.6,24250.0,24150,ATM,PUT,24150,2026-07-17
2026-07-17 10:49:00+05:30,146.3,147.6,145.25,146.7,425360,9133150,15.455634,24249.9,24250.0,24150,ATM,PUT,24150,2026-07-17
2026-07-17 10:50:00+05:30,146.6,147.55,144.25,145.9,493805,9216675,15.431444,24251.05,24250.0,24150,ATM,PUT,24150,2026-07-17
2026-07-17 10:51:00+05:30,146.0,147.85,145.9,147.35,313105,9236370,15.475213,24248.9,24250.0,24150,ATM,PUT,24150,2026-07-17
2026-07-17 10:52:00+05:30,147.7,148.7,145.4,145.5,539435,9296625,15.426544,24251.75,24250.0,24150,ATM,PUT,24150,2026-07-17
2026-07-17 10:53:00+05:30,145.0,145.5,141.95,143.7,657540,9252230,15.453725,24256.2,24250.0,24150,ATM,PUT,24150,2026-07-17
2026-07-17 10:54:00+05:30,143.8,148.0,142.5,146.05,458380,9141535,15.653211,24255.55,24250.0,24150,ATM,PUT,24150,2026-07-17
2026-07-17 10:55:00+05:30,146.0,148.3,145.4,145.4,326495,9151740,15.645196,24256.75,24250.0,24150,ATM,PUT,24150,2026-07-17
2026-07-17 10:56:00+05:30,145.05,146.45,142.65,144.0,425620,9146345,15.470293,24255.85,24250.0,24150,ATM,PUT,24150,2026-07-17
2026-07-17 10:57:00+05:30,144.25,146.05,143.6,144.6,175175,9190415,15.558655,24256.5,24250.0,24150,ATM,PUT,24150,2026-07-17
2026-07-17 10:58:00+05:30,144.6,145.25,142.3,142.85,179660,9221290,15.446128,24257.75,24250.0,24150,ATM,PUT,24150,2026-07-17
2026-07-17 10:59:00+05:30,143.6,144.45,142.3,143.2,139815,9253335,15.447557,24257.0,24250.0,24150,ATM,PUT,24150,2026-07-17
2026-07-17 11:00:00+05:30,143.1,143.85,140.1,141.65,470925,9287590,15.427879,24259.9,24250.0,24150,ATM,PUT,24150,2026-07-17
2026-07-17 11:01:00+05:30,141.35,145.0,141.0,144.3,278720,9256715,15.53839,24256.6,24250.0,24150,ATM,PUT,24150,2026-07-17
2026-07-17 11:02:00+05:30,144.1,148.0,144.1,147.8,607100,9350250,15.514609,24248.55,24250.0,24150,ATM,PUT,24150,2026-07-17
2026-07-17 11:03:00+05:30,147.95,147.95,145.0,145.0,294710,9435075,15.317351,24250.15,24250.0,24150,ATM,PUT,24150,2026-07-17
2026-07-17 11:04:00+05:30,145.15,145.5,142.45,142.45,281450,9468290,15.431664,24258.15,24250.0,24150,ATM,PUT,24150,2026-07-17
2026-07-17 11:05:00+05:30,142.6,143.25,140.5,142.25,349570,9452690,15.59375,24262.2,24250.0,24150,ATM,PUT,24150,2026-07-17
2026-07-17 11:06:00+05:30,142.95,144.8,141.25,141.3,300495,9475960,15.489304,24261.9,24250.0,24150,ATM,PUT,24150,2026-07-17
2026-07-17 11:07:00+05:30,141.05,149.15,141.05,149.15,638105,9444760,15.541055,24246.15,24250.0,24150,ATM,PUT,24150,2026-07-17
2026-07-17 11:08:00+05:30,149.1,153.0,148.85,151.25,1388270,9420840,15.385443,24238.35,24250.0,24150,ATM,PUT,24150,2026-07-17
2026-07-17 11:09:00+05:30,150.7,152.0,148.25,149.35,638755,9453405,15.36714,24241.9,24250.0,24150,ATM,PUT,24150,2026-07-17
2026-07-17 11:10:00+05:30,149.4,153.0,149.3,152.05,606255,9454250,15.490533,24238.9,24250.0,24150,ATM,PUT,24150,2026-07-17
2026-07-17 11:11:00+05:30,152.05,152.3,149.25,150.65,571740,9493445,15.441914,24240.75,24250.0,24150,ATM,PUT,24150,2026-07-17
2026-07-17 11:12:00+05:30,150.55,151.8,149.9,149.9,258310,9541935,15.414322,24241.7,24250.0,24150,ATM,PUT,24150,2026-07-17
2026-07-17 11:13:00+05:30,150.05,154.8,150.05,153.55,658125,9506640,15.592386,24237.9,24250.0,24150,ATM,PUT,24150,2026-07-17
2026-07-17 11:14:00+05:30,153.4,154.2,149.5,151.15,684255,9522695,15.258543,24235.7,24250.0,24150,ATM,PUT,24150,2026-07-17
2026-07-17 11:15:00+05:30,151.3,152.5,150.25,151.5,412230,9580220,15.444973,24238.95,24250.0,24150,ATM,PUT,24150,2026-07-17
2026-07-17 11:16:00+05:30,151.55,154.95,150.85,154.3,580580,9571315,15.54913,24235.35,24250.0,24150,ATM,PUT,24150,2026-07-17
2026-07-17 11:17:00+05:30,154.0,154.3,150.5,152.45,441415,9548630,15.564631,24239.5,24250.0,24150,ATM,PUT,24150,2026-07-17
2026-07-17 11:18:00+05:30,152.45,155.0,152.4,154.9,424905,9515935,15.681831,24236.9,24250.0,24150,ATM,PUT,24150,2026-07-17
2026-07-17 11:19:00+05:30,155.0,155.0,151.25,152.2,519090,9356490,15.642234,24241.65,24250.0,24150,ATM,PUT,24150,2026-07-17
2026-07-17 11:20:00+05:30,152.3,153.25,151.2,152.75,257205,9339460,15.701216,24241.75,24250.0,24150,ATM,PUT,24150,2026-07-17
2026-07-17 11:21:00+05:30,152.05,153.2,151.5,151.5,193635,9317425,15.578911,24241.7,24250.0,24150,ATM,PUT,24150,2026-07-17
2026-07-17 11:22:00+05:30,151.3,151.5,146.4,148.5,810485,9147775,15.645067,24249.45,24250.0,24150,ATM,PUT,24150,2026-07-17
2026-07-17 11:23:00+05:30,148.7,154.5,148.5,153.5,584480,9160450,15.623964,24238.45,24250.0,24150,ATM,PUT,24150,2026-07-17
2026-07-17 11:24:00+05:30,153.2,154.6,148.95,150.3,495235,9171175,15.673165,24246.2,24250.0,24150,ATM,PUT,24150,2026-07-17
2026-07-17 11:25:00+05:30,149.7,152.4,149.05,151.7,304720,9177350,15.648848,24242.7,24250.0,24150,ATM,PUT,24150,2026-07-17
2026-07-17 11:26:00+05:30,151.8,153.7,150.75,150.75,283855,9180340,15.497753,24241.4,24250.0,24150,ATM,PUT,24150,2026-07-17
2026-07-17 11:27:00+05:30,150.4,151.35,149.0,150.0,265070,9227530,15.523163,24243.5,24250.0,24150,ATM,PUT,24150,2026-07-17
2026-07-17 11:28:00+05:30,150.25,151.65,149.5,150.7,169195,9236370,15.670385,24245.2,24250.0,24150,ATM,PUT,24150,2026-07-17
2026-07-17 11:29:00+05:30,150.4,151.0,147.5,150.8,372515,9212320,15.579803,24243.0,24250.0,24150,ATM,PUT,24150,2026-07-17
2026-07-17 11:30:00+05:30,150.55,151.0,148.5,149.8,188760,9232665,15.536967,24244.15,24250.0,24150,ATM,PUT,24150,2026-07-17
2026-07-17 11:31:00+05:30,150.35,150.95,149.0,149.3,187070,9253140,15.583816,24246.2,24250.0,24150,ATM,PUT,24150,2026-07-17
2026-07-17 11:32:00+05:30,149.25,151.0,148.6,149.75,182520,9286810,15.474308,24242.85,24250.0,24150,ATM,PUT,24150,2026-07-17
2026-07-17 11:33:00+05:30,149.55,151.35,147.45,148.15,265330,9325680,15.600284,24248.95,24250.0,24150,ATM,PUT,24150,2026-07-17
2026-07-17 11:34:00+05:30,147.6,148.15,143.8,146.45,760890,9164805,15.602392,24252.6,24250.0,24150,ATM,PUT,24150,2026-07-17
2026-07-17 11:35:00+05:30,146.8,146.8,143.2,144.15,546325,9159280,15.648237,24258.55,24250.0,24150,ATM,PUT,24150,2026-07-17
2026-07-17 11:36:00+05:30,143.9,148.5,142.65,147.85,699595,9112675,15.661033,24250.85,24250.0,24150,ATM,PUT,24150,2026-07-17
2026-07-17 11:37:00+05:30,147.55,150.35,146.6,149.6,527930,9194380,15.65156,24246.9,24250.0,24150,ATM,PUT,24150,2026-07-17
2026-07-17 11:38:00+05:30,148.9,149.8,145.45,145.45,314730,9305205,15.446053,24251.2,24250.0,24150,ATM,PUT,24150,2026-07-17
2026-07-17 11:39:00+05:30,145.7,146.1,143.65,143.65,327275,9374105,15.536649,24257.05,24250.0,24150,ATM,PUT,24150,2026-07-17
2026-07-17 11:40:00+05:30,144.05,145.9,143.4,143.95,278525,9417590,15.63202,24258.5,24250.0,24150,ATM,PUT,24150,2026-07-17
2026-07-17 11:41:00+05:30,143.85,144.3,141.7,142.3,444665,9449375,15.68687,24263.3,24250.0,24150,ATM,PUT,24150,2026-07-17
2026-07-17 11:42:00+05:30,141.95,143.9,141.0,143.35,356655,9455875,15.70557,24261.4,24250.0,24150,ATM,PUT,24150,2026-07-17
2026-07-17 11:43:00+05:30,143.4,143.5,141.1,141.7,233935,9514700,15.577252,24262.1,24250.0,24150,ATM,PUT,24150,2026-07-17
2026-07-17 11:44:00+05:30,141.9,142.3,138.55,140.4,638625,9530365,15.67781,24267.2,24250.0,24150,ATM,PUT,24150,2026-07-17
2026-07-17 11:45:00+05:30,140.4,140.4,138.0,138.55,638625,9663680,15.689658,24271.55,24250.0,24150,ATM,PUT,24150,2026-07-17
2026-07-17 11:46:00+05:30,138.35,141.0,138.05,139.55,431210,9757150,15.678637,24269.05,24250.0,24150,ATM,PUT,24150,2026-07-17
2026-07-17 11:47:00+05:30,139.65,142.25,139.55,141.25,424320,9788350,15.726435,24266.35,24250.0,24150,ATM,PUT,24150,2026-07-17
2026-07-17 11:48:00+05:30,141.2,141.4,138.55,140.4,266825,9898655,15.702083,24267.65,24250.0,24150,ATM,PUT,24150,2026-07-17
2026-07-17 11:49:00+05:30,139.9,140.5,138.95,139.05,237575,9926930,15.571514,24267.65,24250.0,24150,ATM,PUT,24150,2026-07-17
2026-07-17 11:50:00+05:30,139.35,140.35,138.7,139.1,247065,10007400,15.707244,24270.6,24250.0,24150,ATM,PUT,24150,2026-07-17
2026-07-17 11:51:00+05:30,139.05,139.1,137.3,138.75,480285,10037365,15.750851,24272.35,24250.0,24150,ATM,PUT,24150,2026-07-17
2026-07-17 11:52:00+05:30,138.25,138.75,135.4,136.35,593320,10291840,15.582973,24273.85,24250.0,24150,ATM,PUT,24150,2026-07-17
2026-07-17 11:53:00+05:30,161.35,163.65,159.95,161.7,588185,7668505,15.962617,24278.7,24300.0,24150,ATM,PUT,24150,2026-07-17
2026-07-17 11:54:00+05:30,161.2,162.55,160.65,162.35,260455,7780825,16.040943,24279.0,24300.0,24150,ATM,PUT,24150,2026-07-17
2026-07-17 11:55:00+05:30,135.7,138.5,135.55,138.45,378495,10360610,15.832979,24274.8,24250.0,24150,ATM,PUT,24150,2026-07-17
2026-07-17 11:56:00+05:30,164.45,166.3,161.45,162.15,423085,8021780,16.087841,24280.35,24300.0,24150,ATM,PUT,24150,2026-07-17
2026-07-17 11:57:00+05:30,161.75,163.2,161.1,162.0,248170,8106085,16.02701,24279.35,24300.0,24150,ATM,PUT,24150,2026-07-17
2026-07-17 11:58:00+05:30,137.4,139.25,137.05,138.7,295230,10475335,15.869509,24275.0,24250.0,24150,ATM,PUT,24150,2026-07-17
2026-07-17 11:59:00+05:30,164.6,165.25,163.0,163.85,150670,8250840,16.137201,24277.85,24300.0,24150,ATM,PUT,24150,2026-07-17
2026-07-17 12:00:00+05:30,138.0,141.5,136.8,140.75,468260,10556585,15.892715,24270.9,24250.0,24150,ATM,PUT,24150,2026-07-17
2026-07-17 12:01:00+05:30,141.05,141.55,139.8,140.7,614380,10668450,15.767857,24268.15,24250.0,24150,ATM,PUT,24150,2026-07-17
2026-07-17 12:02:00+05:30,141.25,141.8,140.7,141.0,345410,10742550,15.760716,24267.3,24250.0,24150,ATM,PUT,24150,2026-07-17
2026-07-17 12:03:00+05:30,167.25,167.5,163.8,164.0,335920,8446555,16.044068,24275.5,24300.0,24150,ATM,PUT,24150,2026-07-17
2026-07-17 12:04:00+05:30,137.9,138.85,137.15,138.85,302510,10796760,15.884395,24274.85,24250.0,24150,ATM,PUT,24150,2026-07-17
2026-07-17 12:05:00+05:30,140.3,140.75,138.45,140.1,337610,10800400,15.981609,24274.25,24250.0,24150,ATM,PUT,24150,2026-07-17
2026-07-17 12:06:00+05:30,140.0,142.0,139.45,141.9,407225,10796890,15.875176,24267.8,24250.0,24150,ATM,PUT,24150,2026-07-17
2026-07-17 12:07:00+05:30,141.5,143.85,141.0,143.8,561535,10788700,15.864209,24263.35,24250.0,24150,ATM,PUT,24150,2026-07-17
2026-07-17 12:08:00+05:30,143.1,144.0,140.65,140.95,490295,10873395,15.797882,24268.1,24250.0,24150,ATM,PUT,24150,2026-07-17
2026-07-17 12:09:00+05:30,140.75,140.95,138.55,138.8,380055,10874370,15.856761,24274.2,24250.0,24150,ATM,PUT,24150,2026-07-17
2026-07-17 12:10:00+05:30,139.6,139.65,137.15,139.65,440180,10865595,15.932326,24274.0,24250.0,24150,ATM,PUT,24150,2026-07-17
2026-07-17 12:11:00+05:30,139.0,140.7,138.9,140.45,468455,10958285,15.904348,24271.55,24250.0,24150,ATM,PUT,24150,2026-07-17
2026-07-17 12:12:00+05:30,167.1,167.9,164.7,165.55,203060,8661055,16.22367,24275.9,24300.0,24150,ATM,PUT,24150,2026-07-17
2026-07-17 12:13:00+05:30,138.55,140.75,137.55,140.7,262405,11018215,15.884886,24270.5,24250.0,24150,ATM,PUT,24150,2026-07-17
2026-07-17 12:14:00+05:30,167.7,167.7,164.0,164.3,202540,8715200,16.135759,24276.55,24300.0,24150,ATM,PUT,24150,2026-07-17
2026-07-17 12:15:00+05:30,164.05,165.1,163.5,163.5,159510,8744840,16.247378,24280.5,24300.0,24150,ATM,PUT,24150,2026-07-17
2026-07-17 12:16:00+05:30,137.5,141.65,136.65,140.8,431860,11008205,16.064833,24274.3,24250.0,24150,ATM,PUT,24150,2026-07-17
2026-07-17 12:17:00+05:30,140.45,143.2,140.45,141.25,475670,11037325,16.017962,24272.2,24250.0,24150,ATM,PUT,24150,2026-07-17
2026-07-17 12:18:00+05:30,167.75,168.4,165.0,165.0,242645,8773635,16.165148,24275.65,24300.0,24150,ATM,PUT,24150,2026-07-17
2026-07-17 12:19:00+05:30,165.0,167.7,165.0,167.7,144950,8763950,16.418766,24275.45,24300.0,24150,ATM,PUT,24150,2026-07-17
2026-07-17 12:20:00+05:30,166.9,167.7,165.1,165.75,131170,8763950,16.483374,24280.75,24300.0,24150,ATM,PUT,24150,2026-07-17
2026-07-17 12:21:00+05:30,165.45,167.2,165.25,166.65,165100,8764340,16.512525,24279.5,24300.0,24150,ATM,PUT,24150,2026-07-17
2026-07-17 12:22:00+05:30,139.8,142.0,139.8,140.1,354120,10947300,15.897909,24271.9,24250.0,24150,ATM,PUT,24150,2026-07-17
2026-07-17 12:23:00+05:30,166.05,167.05,163.0,164.3,414830,8857810,16.360306,24281.05,24300.0,24150,ATM,PUT,24150,2026-07-17
2026-07-17 12:24:00+05:30,163.65,165.0,163.15,164.2,225680,8843640,16.384932,24281.75,24300.0,24150,ATM,PUT,24150,2026-07-17
2026-07-17 12:25:00+05:30,164.0,165.6,161.05,164.65,538785,8911110,16.284871,24278.7,24300.0,24150,ATM,PUT,24150,2026-07-17
2026-07-17 12:26:00+05:30,164.5,165.75,163.75,165.6,243685,8941400,16.311472,24277.3,24300.0,24150,ATM,PUT,24150,2026-07-17
2026-07-17 12:27:00+05:30,165.7,165.7,163.05,163.9,222430,8992165,16.20717,24278.55,24300.0,24150,ATM,PUT,24150,2026-07-17
2026-07-17 12:28:00+05:30,164.35,165.3,163.35,164.55,151775,9081475,16.240437,24277.9,24300.0,24150,ATM,PUT,24150,2026-07-17
2026-07-17 12:29:00+05:30,164.2,167.0,164.2,165.7,369005,9117225,16.341356,24277.65,24300.0,24150,ATM,PUT,24150,2026-07-17
2026-07-17 12:30:00+05:30,139.95,141.6,139.95,140.45,409370,11066770,16.057532,24274.55,24250.0,24150,ATM,PUT,24150,2026-07-17
2026-07-17 12:31:00+05:30,166.3,167.25,165.0,165.0,242255,9223825,16.24936,24277.1,24300.0,24150,ATM,PUT,24150,2026-07-17
2026-07-17 12:32:00+05:30,138.9,140.75,138.55,140.65,189930,11075675,16.044373,24273.75,24250.0,24150,ATM,PUT,24150,2026-07-17
2026-07-17 12:33:00+05:30,167.0,167.0,164.0,164.0,201370,9207900,16.314201,24280.45,24300.0,24150,ATM,PUT,24150,2026-07-17
2026-07-17 12:34:00+05:30,164.2,164.8,162.75,164.8,283985,9190935,16.426358,24281.15,24300.0,24150,ATM,PUT,24150,2026-07-17
2026-07-17 12:35:00+05:30,164.45,164.95,163.5,164.55,177905,9211085,16.41034,24281.3,24300.0,24150,ATM,PUT,24150,2026-07-17
2026-07-17 12:36:00+05:30,164.55,164.95,163.3,164.1,157625,9276930,16.384364,24281.65,24300.0,24150,ATM,PUT,24150,2026-07-17
2026-07-17 12:37:00+05:30,164.05,165.75,163.0,165.4,196495,9270625,16.381099,24278.9,24300.0,24150,ATM,PUT,24150,2026-07-17
2026-07-17 12:38:00+05:30,165.9,167.0,164.3,165.55,268515,9280895,16.377754,24278.5,24300.0,24150,ATM,PUT,24150,2026-07-17
2026-07-17 12:39:00+05:30,165.0,166.2,163.85,165.4,205530,9295650,16.328502,24277.75,24300.0,24150,ATM,PUT,24150,2026-07-17
2026-07-17 12:40:00+05:30,139.0,142.45,138.95,142.25,477165,11377730,15.892359,24266.55,24250.0,24150,ATM,PUT,24150,2026-07-17
2026-07-17 12:41:00+05:30,141.85,143.8,140.1,140.15,654420,11377730,15.79863,24269.05,24250.0,24150,ATM,PUT,24150,2026-07-17
2026-07-17 12:42:00+05:30,166.7,166.8,163.5,163.5,392600,9305140,16.261678,24280.15,24300.0,24150,ATM,PUT,24150,2026-07-17
2026-07-17 12:43:00+05:30,137.75,141.0,137.25,140.15,325455,11396580,16.062748,24275.0,24250.0,24150,ATM,PUT,24150,2026-07-17
2026-07-17 12:44:00+05:30,166.2,166.8,164.1,164.65,125580,9284795,16.227825,24277.05,24300.0,24150,ATM,PUT,24150,2026-07-17
2026-07-17 12:45:00+05:30,163.4,164.65,160.25,160.6,626860,9351160,16.141974,24283.5,24300.0,24150,ATM,PUT,24150,2026-07-17
2026-07-17 12:46:00+05:30,161.3,163.75,160.6,162.9,279305,9332050,16.307687,24282.25,24300.0,24150,ATM,PUT,24150,2026-07-17
2026-07-17 12:47:00+05:30,162.75,163.5,161.8,161.8,178945,9436440,16.404912,24286.55,24300.0,24150,ATM,PUT,24150,2026-07-17
2026-07-17 12:48:00+05:30,162.15,162.55,160.0,160.45,343720,9477585,16.307591,24287.25,24300.0,24150,ATM,PUT,24150,2026-07-17
2026-07-17 12:49:00+05:30,158.35,160.45,148.05,153.55,2068885,9465560,15.951949,24294.0,24300.0,24150,ATM,PUT,24150,2026-07-17
2026-07-17 12:50:00+05:30,154.05,162.0,153.55,161.8,1126060,9472450,16.269209,24283.6,24300.0,24150,ATM,PUT,24150,2026-07-17
2026-07-17 12:51:00+05:30,161.8,164.75,160.35,161.65,954720,9515025,16.149067,24281.35,24300.0,24150,ATM,PUT,24150,2026-07-17
2026-07-17 12:52:00+05:30,161.65,163.55,161.0,163.3,391885,9561045,16.234655,24279.75,24300.0,24150,ATM,PUT,24150,2026-07-17
2026-07-17 12:53:00+05:30,137.2,140.6,137.1,139.8,681135,11379420,15.930093,24272.5,24250.0,24150,ATM,PUT,24150,2026-07-17
2026-07-17 12:54:00+05:30,139.45,141.7,139.0,141.0,705575,11405225,16.110619,24273.9,24250.0,24150,ATM,PUT,24150,2026-07-17
2026-07-17 12:55:00+05:30,140.5,142.35,137.95,142.15,633750,11466845,16.105721,24271.2,24250.0,24150,ATM,PUT,24150,2026-07-17
2026-07-17 12:56:00+05:30,142.0,142.45,138.75,139.4,506610,11476725,15.984313,24274.55,24250.0,24150,ATM,PUT,24150,2026-07-17
2026-07-17 12:57:00+05:30,165.65,165.95,160.5,163.0,582140,9821825,16.239788,24280.35,24300.0,24150,ATM,PUT,24150,2026-07-17
2026-07-17 12:58:00+05:30,163.3,164.55,161.4,164.05,275535,9774830,16.276399,24278.95,24300.0,24150,ATM,PUT,24150,2026-07-17
2026-07-17 12:59:00+05:30,163.45,164.05,161.05,161.2,231010,9844770,16.206945,24283.3,24300.0,24150,ATM,PUT,24150,2026-07-17
2026-07-17 13:00:00+05:30,160.8,162.6,158.35,161.7,531505,9945715,16.233098,24282.8,24300.0,24150,ATM,PUT,24150,2026-07-17
2026-07-17 13:01:00+05:30,161.0,161.7,158.1,159.7,379795,10075585,16.08443,24283.75,24300.0,24150,ATM,PUT,24150,2026-07-17
2026-07-17 13:02:00+05:30,159.6,162.3,159.45,161.95,219440,10073115,16.062099,24278.65,24300.0,24150,ATM,PUT,24150,2026-07-17
2026-07-17 13:03:00+05:30,162.45,163.9,160.65,162.5,370825,10111920,16.214665,24280.7,24300.0,24150,ATM,PUT,24150,2026-07-17
2026-07-17 13:04:00+05:30,162.2,162.5,160.15,161.75,161655,10113610,16.10221,24279.85,24300.0,24150,ATM,PUT,24150,2026-07-17
2026-07-17 13:05:00+05:30,161.6,163.5,161.6,162.15,224380,10117380,16.201907,24281.1,24300.0,24150,ATM,PUT,24150,2026-07-17
2026-07-17 13:06:00+05:30,161.9,162.75,160.2,160.5,150605,10123100,16.177576,24283.95,24300.0,24150,ATM,PUT,24150,2026-07-17
2026-07-17 13:07:00+05:30,160.4,165.45,159.5,165.2,460850,10140325,16.279033,24276.45,24300.0,24150,ATM,PUT,24150,2026-07-17
2026-07-17 13:08:00+05:30,165.1,165.2,162.6,163.4,207805,10077145,16.262817,24279.75,24300.0,24150,ATM,PUT,24150,2026-07-17
2026-07-17 13:09:00+05:30,163.3,164.4,162.3,164.4,141440,10119525,16.27774,24278.0,24300.0,24150,ATM,PUT,24150,2026-07-17
2026-07-17 13:10:00+05:30,164.0,164.4,162.1,162.9,121810,10116470,16.204445,24279.5,24300.0,24150,ATM,PUT,24150,2026-07-17
2026-07-17 13:11:00+05:30,162.65,163.5,161.05,162.9,151515,10111075,16.196035,24279.3,24300.0,24150,ATM,PUT,24150,2026-07-17
2026-07-17 13:12:00+05:30,162.85,165.65,162.0,165.65,211250,10096905,16.371907,24277.35,24300.0,24150,ATM,PUT,24150,2026-07-17
2026-07-17 13:13:00+05:30,165.4,165.65,162.2,162.8,240955,10093395,16.051954,24276.45,24300.0,24150,ATM,PUT,24150,2026-07-17
2026-07-17 13:14:00+05:30,162.5,163.4,160.7,162.0,262730,10144160,16.266626,24282.55,24300.0,24150,ATM,PUT,24150,2026-07-17
2026-07-17 13:15:00+05:30,136.65,142.7,136.2,140.1,724295,11900850,15.958284,24271.9,24250.0,24150,ATM,PUT,24150,2026-07-17
2026-07-17 13:16:00+05:30,140.55,141.35,139.25,139.6,380380,11890970,15.949962,24272.8,24250.0,24150,ATM,PUT,24150,2026-07-17
2026-07-17 13:17:00+05:30,166.3,167.7,165.1,165.7,223470,10091445,16.288812,24275.4,24300.0,24150,ATM,PUT,24150,2026-07-17
2026-07-17 13:18:00+05:30,139.3,140.95,137.75,139.65,248365,11940175,15.946151,24272.55,24250.0,24150,ATM,PUT,24150,2026-07-17
2026-07-17 13:19:00+05:30,139.8,141.35,139.15,140.45,291070,11982685,16.105311,24274.35,24250.0,24150,ATM,PUT,24150,2026-07-17
2026-07-17 13:20:00+05:30,167.2,167.65,164.1,165.95,209105,10009740,16.40809,24277.3,24300.0,24150,ATM,PUT,24150,2026-07-17
2026-07-17 13:21:00+05:30,166.1,167.4,165.15,167.3,187395,10030085,16.548182,24277.45,24300.0,24150,ATM,PUT,24150,2026-07-17
2026-07-17 13:22:00+05:30,140.0,140.75,139.1,139.7,154180,11989575,16.034965,24274.35,24250.0,24150,ATM,PUT,24150,2026-07-17
2026-07-17 13:23:00+05:30,139.8,141.85,138.65,141.75,275470,12014925,16.003495,24269.05,24250.0,24150,ATM,PUT,24150,2026-07-17
2026-07-17 13:24:00+05:30,141.5,144.15,139.75,143.65,789360,11962405,16.075583,24266.45,24250.0,24150,ATM,PUT,24150,2026-07-17
2026-07-17 13:25:00+05:30,144.25,145.9,140.0,140.0,1232790,11915020,15.815938,24268.65,24250.0,24150,ATM,PUT,24150,2026-07-17
2026-07-17 13:26:00+05:30,139.45,144.25,139.45,143.5,537355,11965720,15.998307,24265.0,24250.0,24150,ATM,PUT,24150,2026-07-17
2026-07-17 13:27:00+05:30,143.7,145.4,143.0,145.4,589680,11945960,16.044581,24261.85,24250.0,24150,ATM,PUT,24150,2026-07-17
2026-07-17 13:28:00+05:30,145.05,146.0,144.0,145.0,657020,11907610,15.952334,24260.65,24250.0,24150,ATM,PUT,24150,2026-07-17
2026-07-17 13:29:00+05:30,144.5,145.0,140.8,143.2,631605,11914565,16.075079,24267.3,24250.0,24150,ATM,PUT,24150,2026-07-17
2026-07-17 13:30:00+05:30,142.7,143.75,141.1,141.7,275340,11906180,16.037745,24269.75,24250.0,24150,ATM,PUT,24150,2026-07-17
2026-07-17 13:31:00+05:30,141.45,143.6,139.55,143.05,569725,11846900,16.096087,24268.05,24250.0,24150,ATM,PUT,24150,2026-07-17
2026-07-17 13:32:00+05:30,142.75,145.15,141.85,143.5,541125,11869520,16.072333,24266.5,24250.0,24150,ATM,PUT,24150,2026-07-17
2026-07-17 13:33:00+05:30,143.95,145.0,143.5,143.8,342290,11931985,15.988764,24263.95,24250.0,24150,ATM,PUT,24150,2026-07-17
2026-07-17 13:34:00+05:30,143.65,145.0,142.25,142.35,368160,11897210,15.925788,24265.7,24250.0,24150,ATM,PUT,24150,2026-07-17
2026-07-17 13:35:00+05:30,142.25,142.65,140.55,141.4,280410,11869910,15.918334,24267.6,24250.0,24150,ATM,PUT,24150,2026-07-17
2026-07-17 13:36:00+05:30,141.45,141.7,137.9,141.0,714220,11821225,15.977998,24269.8,24250.0,24150,ATM,PUT,24150,2026-07-17
2026-07-17 13:37:00+05:30,141.3,144.5,140.0,144.15,490360,11735685,16.061446,24264.7,24250.0,24150,ATM,PUT,24150,2026-07-17
2026-07-17 13:38:00+05:30,143.7,144.65,142.8,144.1,405275,11795615,16.106987,24265.8,24250.0,24150,ATM,PUT,24150,2026-07-17
2026-07-17 13:39:00+05:30,143.75,144.15,141.75,142.6,232115,11813685,16.125663,24269.5,24250.0,24150,ATM,PUT,24150,2026-07-17
2026-07-17 13:40:00+05:30,142.65,148.65,142.6,147.45,1096095,11776830,16.098052,24258.25,24250.0,24150,ATM,PUT,24150,2026-07-17
2026-07-17 13:41:00+05:30,147.4,151.75,145.6,145.6,1425905,11754340,15.753524,24254.65,24250.0,24150,ATM,PUT,24150,2026-07-17
2026-07-17 13:42:00+05:30,145.65,151.05,145.4,149.5,915655,11864645,15.979229,24251.2,24250.0,24150,ATM,PUT,24150,2026-07-17
2026-07-17 13:43:00+05:30,149.85,151.15,148.0,148.0,871065,11710530,15.701685,24248.35,24250.0,24150,ATM,PUT,24150,2026-07-17
2026-07-17 13:44:00+05:30,148.3,151.2,146.35,147.7,694330,11620505,15.94483,24254.25,24250.0,24150,ATM,PUT,24150,2026-07-17
2026-07-17 13:45:00+05:30,148.2,150.45,147.5,148.8,540215,11632790,15.969148,24252.4,24250.0,24150,ATM,PUT,24150,2026-07-17
2026-07-17 13:46:00+05:30,148.65,153.9,147.6,153.6,1238900,11647285,16.103494,24245.1,24250.0,24150,ATM,PUT,24150,2026-07-17
2026-07-17 13:47:00+05:30,153.8,158.05,153.25,155.15,1901640,11291995,15.956517,24238.7,24250.0,24150,ATM,PUT,24150,2026-07-17
2026-07-17 13:48:00+05:30,154.6,155.2,151.0,151.05,826150,11036545,15.946346,24247.05,24250.0,24150,ATM,PUT,24150,2026-07-17
2026-07-17 13:49:00+05:30,151.2,154.95,151.05,154.85,629070,11009570,15.988301,24239.95,24250.0,24150,ATM,PUT,24150,2026-07-17
2026-07-17 13:50:00+05:30,154.95,158.75,154.2,157.25,1632020,11001120,15.609721,24227.05,24250.0,24150,ATM,PUT,24150,2026-07-17
2026-07-17 13:51:00+05:30,132.0,137.25,131.0,134.7,4344860,21630570,15.231831,24215.95,24200.0,24150,ATM,PUT,24150,2026-07-17
2026-07-17 13:52:00+05:30,134.75,134.75,131.0,133.6,1914445,20866755,15.408776,24222.35,24200.0,24150,ATM,PUT,24150,2026-07-17
2026-07-17 13:53:00+05:30,159.7,160.2,156.45,157.7,603070,10137075,15.763181,24229.25,24250.0,24150,ATM,PUT,24150,2026-07-17
2026-07-17 13:54:00+05:30,157.35,157.95,153.65,154.45,811785,10003110,15.57752,24232.0,24250.0,24150,ATM,PUT,24150,2026-07-17
2026-07-17 13:55:00+05:30,155.95,157.35,150.55,152.45,859170,9873240,15.596733,24236.5,24250.0,24150,ATM,PUT,24150,2026-07-17
2026-07-17 13:56:00+05:30,153.9,156.15,152.45,153.75,566085,9814220,15.54693,24232.75,24250.0,24150,ATM,PUT,24150,2026-07-17
2026-07-17 13:57:00+05:30,152.6,154.65,151.4,152.0,373100,9858420,15.421713,24233.7,24250.0,24150,ATM,PUT,24150,2026-07-17
2026-07-17 13:58:00+05:30,151.8,153.95,150.7,151.35,331825,9906195,15.544233,24237.6,24250.0,24150,ATM,PUT,24150,2026-07-17
2026-07-17 13:59:00+05:30,151.45,151.6,140.8,143.0,1419795,9812660,15.309303,24250.1,24250.0,24150,ATM,PUT,24150,2026-07-17
2026-07-17 14:00:00+05:30,144.15,146.4,142.7,143.6,693745,9785555,15.309333,24248.8,24250.0,24150,ATM,PUT,24150,2026-07-17
2026-07-17 14:01:00+05:30,143.85,147.5,143.3,145.55,544505,9868690,15.409339,24246.8,24250.0,24150,ATM,PUT,24150,2026-07-17
2026-07-17 14:02:00+05:30,145.6,148.75,145.5,147.45,447590,9878505,15.447971,24243.6,24250.0,24150,ATM,PUT,24150,2026-07-17
2026-07-17 14:03:00+05:30,146.8,147.9,145.0,145.0,273195,9973015,15.331945,24246.25,24250.0,24150,ATM,PUT,24150,2026-07-17
2026-07-17 14:04:00+05:30,145.0,145.5,142.35,144.25,447525,9995115,15.449194,24250.35,24250.0,24150,ATM,PUT,24150,2026-07-17
2026-07-17 14:05:00+05:30,143.85,144.25,140.15,141.65,647920,9997000,15.394364,24254.7,24250.0,24150,ATM,PUT,24150,2026-07-17
2026-07-17 14:06:00+05:30,141.75,145.2,141.65,145.2,427635,9970415,15.512494,24249.65,24250.0,24150,ATM,PUT,24150,2026-07-17
2026-07-17 14:07:00+05:30,145.75,145.75,143.15,143.45,444860,10064145,15.406115,24251.05,24250.0,24150,ATM,PUT,24150,2026-07-17
2026-07-17 14:08:00+05:30,143.65,146.4,142.4,144.45,304850,10068435,15.507877,24251.1,24250.0,24150,ATM,PUT,24150,2026-07-17
2026-07-17 14:09:00+05:30,144.65,144.85,143.1,143.75,169975,10090990,15.525235,24252.95,24250.0,24150,ATM,PUT,24150,2026-07-17
2026-07-17 14:10:00+05:30,143.65,144.15,141.85,142.4,286455,10137920,15.441661,24254.0,24250.0,24150,ATM,PUT,24150,2026-07-17
2026-07-17 14:11:00+05:30,142.65,142.65,136.1,136.1,1121900,10049195,15.33162,24265.25,24250.0,24150,ATM,PUT,24150,2026-07-17
2026-07-17 14:12:00+05:30,136.25,136.8,130.9,131.5,1138605,10029240,15.160909,24271.6,24250.0,24150,ATM,PUT,24150,2026-07-17
2026-07-17 14:13:00+05:30,159.0,159.0,152.2,153.3,1231360,7463755,15.228306,24277.25,24300.0,24150,ATM,PUT,24150,2026-07-17
2026-07-17 14:14:00+05:30,152.6,155.2,150.9,150.9,1104285,7672795,15.152894,24280.55,24300.0,24150,ATM,PUT,24150,2026-07-17
2026-07-17 14:15:00+05:30,180.0,180.0,134.2,134.2,801580,1550445,14.189983,24345.4,24350.0,24150,ATM,PUT,24150,2026-07-17
2026-07-17 14:16:00+05:30,132.3,145.2,131.05,132.5,1859585,1929395,14.820282,24362.9,24350.0,24150,ATM,PUT,24150,2026-07-17
2026-07-17 14:17:00+05:30,132.95,143.15,131.35,140.4,1749410,2517515,14.894268,24347.45,24350.0,24150,ATM,PUT,24150,2026-07-17
2026-07-17 14:18:00+05:30,145.65,150.0,140.4,147.5,1328600,2907125,14.898673,24332.7,24350.0,24150,ATM,PUT,24150,2026-07-17
2026-07-17 14:19:00+05:30,124.0,132.95,123.25,132.95,2786290,9370920,14.695397,24308.45,24300.0,24150,ATM,PUT,24150,2026-07-17
2026-07-17 14:20:00+05:30,132.8,136.0,127.65,135.55,2413060,9270885,15.146247,24312.75,24300.0,24150,ATM,PUT,24150,2026-07-17
2026-07-17 14:21:00+05:30,135.1,140.0,132.45,138.25,2043275,9199580,15.25989,24309.35,24300.0,24150,ATM,PUT,24150,2026-07-17
2026-07-17 14:22:00+05:30,138.1,143.45,138.1,143.35,1809860,9195355,15.379102,24300.95,24300.0,24150,ATM,PUT,24150,2026-07-17
2026-07-17 14:23:00+05:30,146.0,149.15,143.05,149.1,1917175,9088105,15.561839,24292.7,24300.0,24150,ATM,PUT,24150,2026-07-17
2026-07-17 14:24:00+05:30,148.55,149.45,142.75,142.75,1523080,8840390,15.200023,24298.3,24300.0,24150,ATM,PUT,24150,2026-07-17
2026-07-17 14:25:00+05:30,142.6,144.2,134.35,137.7,1688375,8884720,15.11717,24307.3,24300.0,24150,ATM,PUT,24150,2026-07-17
2026-07-17 14:26:00+05:30,137.7,138.45,133.75,135.3,840580,8750430,15.060647,24311.25,24300.0,24150,ATM,PUT,24150,2026-07-17
2026-07-17 14:27:00+05:30,135.4,136.85,131.75,131.75,661375,8870810,14.698414,24310.95,24300.0,24150,ATM,PUT,24150,2026-07-17
2026-07-17 14:28:00+05:30,132.1,133.75,129.2,133.15,923780,8793785,14.772022,24309.5,24300.0,24150,ATM,PUT,24150,2026-07-17
2026-07-17 14:29:00+05:30,133.1,147.15,133.1,144.9,2252185,8897525,14.906568,24287.4,24300.0,24150,ATM,PUT,24150,2026-07-17
2026-07-17 14:30:00+05:30,144.45,144.9,135.25,136.0,1360970,9048390,14.834547,24304.65,24300.0,24150,ATM,PUT,24150,2026-07-17
2026-07-17 14:31:00+05:30,135.85,140.3,135.05,139.55,767520,9118590,14.985375,24300.3,24300.0,24150,ATM,PUT,24150,2026-07-17
2026-07-17 14:32:00+05:30,139.4,140.6,137.9,139.25,722215,9341540,14.903886,24299.15,24300.0,24150,ATM,PUT,24150,2026-07-17
2026-07-17 14:33:00+05:30,140.0,141.1,138.35,139.35,402480,9408100,14.747922,24295.55,24300.0,24150,ATM,PUT,24150,2026-07-17
2026-07-17 14:34:00+05:30,139.3,139.9,137.0,138.15,424255,9398675,14.744656,24298.0,24300.0,24150,ATM,PUT,24150,2026-07-17
2026-07-17 14:35:00+05:30,138.5,139.8,137.6,139.8,318955,9406995,14.938069,24298.65,24300.0,24150,ATM,PUT,24150,2026-07-17
2026-07-17 14:36:00+05:30,139.4,143.5,138.95,141.8,673075,9374365,14.884643,24293.25,24300.0,24150,ATM,PUT,24150,2026-07-17
2026-07-17 14:37:00+05:30,141.8,142.95,139.1,141.1,656630,9299485,14.807537,24293.05,24300.0,24150,ATM,PUT,24150,2026-07-17
2026-07-17 14:38:00+05:30,142.0,143.9,137.7,139.1,613340,9329970,14.88628,24298.95,24300.0,24150,ATM,PUT,24150,2026-07-17
2026-07-17 14:39:00+05:30,138.85,140.15,138.0,138.35,291980,9237345,14.764964,24297.9,24300.0,24150,ATM,PUT,24150,2026-07-17
2026-07-17 14:40:00+05:30,138.05,138.8,136.0,138.1,543335,9244040,14.930562,24302.0,24300.0,24150,ATM,PUT,24150,2026-07-17
2026-07-17 14:41:00+05:30,137.9,139.1,132.65,132.65,815230,9239165,14.842509,24311.85,24300.0,24150,ATM,PUT,24150,2026-07-17
2026-07-17 14:42:00+05:30,132.85,135.75,132.4,133.0,664495,9209525,14.81273,24310.4,24300.0,24150,ATM,PUT,24150,2026-07-17
2026-07-17 14:43:00+05:30,133.0,133.5,129.55,133.2,898950,9234810,14.910181,24312.1,24300.0,24150,ATM,PUT,24150,2026-07-17
2026-07-17 14:44:00+05:30,133.0,133.2,128.15,129.05,759070,9365720,14.749698,24317.65,24300.0,24150,ATM,PUT,24150,2026-07-17
2026-07-17 14:45:00+05:30,129.25,130.8,128.5,130.1,676325,9463675,14.936781,24319.5,24300.0,24150,ATM,PUT,24150,2026-07-17
2026-07-17 14:46:00+05:30,155.4,158.0,151.2,152.2,305890,2730130,15.020978,24325.05,24350.0,24150,ATM,PUT,24150,2026-07-17
2026-07-17 14:47:00+05:30,127.35,129.35,126.5,128.35,613405,9694620,14.858727,24321.6,24300.0,24150,ATM,PUT,24150,2026-07-17
2026-07-17 14:48:00+05:30,128.2,131.1,127.0,127.25,700700,9939345,14.691227,24320.25,24300.0,24150,ATM,PUT,24150,2026-07-17
2026-07-17 14:49:00+05:30,127.65,127.65,124.9,126.9,812305,9921665,14.822996,24324.0,24300.0,24150,ATM,PUT,24150,2026-07-17
2026-07-17 14:50:00+05:30,126.55,130.5,125.7,128.8,842465,10010715,14.835707,24320.0,24300.0,24150,ATM,PUT,24150,2026-07-17
2026-07-17 14:51:00+05:30,128.85,130.65,125.9,129.25,559845,10101065,14.750202,24317.05,24300.0,24150,ATM,PUT,24150,2026-07-17
2026-07-17 14:52:00+05:30,129.55,129.9,127.55,128.75,390975,10266880,14.815164,24319.6,24300.0,24150,ATM,PUT,24150,2026-07-17
2026-07-17 14:53:00+05:30,129.4,131.55,127.5,127.95,657215,10310300,14.776909,24320.5,24300.0,24150,ATM,PUT,24150,2026-07-17
2026-07-17 14:54:00+05:30,128.15,131.25,127.95,128.7,461175,10317320,14.872171,24320.95,24300.0,24150,ATM,PUT,24150,2026-07-17
2026-07-17 14:55:00+05:30,154.55,155.7,150.6,151.5,233610,3067220,15.075756,24327.4,24350.0,24150,ATM,PUT,24150,2026-07-17
2026-07-17 14:56:00+05:30,123.35,128.5,121.45,127.5,1664195,10079940,14.929563,24324.9,24300.0,24150,ATM,PUT,24150,2026-07-17
2026-07-17 14:57:00+05:30,127.1,129.45,126.6,128.9,611910,10205455,14.923971,24321.6,24300.0,24150,ATM,PUT,24150,2026-07-17
2026-07-17 14:58:00+05:30,128.45,131.5,128.25,129.85,771875,10262785,14.763442,24315.85,24300.0,24150,ATM,PUT,24150,2026-07-17
2026-07-17 14:59:00+05:30,129.5,132.75,129.05,131.8,1017510,10368345,14.77325,24311.75,24300.0,24150,ATM,PUT,24150,2026-07-17
2026-07-17 15:00:00+05:30,131.45,133.2,123.2,123.95,2370550,10500360,14.528975,24323.7,24300.0,24150,ATM,PUT,24150,2026-07-17
2026-07-17 15:01:00+05:30,149.05,152.1,142.5,148.7,787930,3071835,14.720013,24325.6,24350.0,24150,ATM,PUT,24150,2026-07-17
2026-07-17 15:02:00+05:30,125.3,128.0,123.55,126.35,854295,10344620,14.797785,24324.35,24300.0,24150,ATM,PUT,24150,2026-07-17
2026-07-17 15:03:00+05:30,126.1,129.0,124.55,128.85,517465,10409360,14.76349,24317.95,24300.0,24150,ATM,PUT,24150,2026-07-17
2026-07-17 15:04:00+05:30,128.95,130.0,126.7,127.45,756860,10351055,14.80768,24322.05,24300.0,24150,ATM,PUT,24150,2026-07-17
2026-07-17 15:05:00+05:30,152.4,153.4,148.65,149.15,339560,3053180,14.86291,24327.55,24350.0,24150,ATM,PUT,24150,2026-07-17
2026-07-17 15:06:00+05:30,149.05,150.0,146.45,147.7,325260,3079895,14.849331,24330.2,24350.0,24150,ATM,PUT,24150,2026-07-17
2026-07-17 15:07:00+05:30,147.8,148.6,143.0,145.8,411580,3084510,14.860051,24334.3,24350.0,24150,ATM,PUT,24150,2026-07-17
2026-07-17 15:08:00+05:30,145.55,149.35,145.55,148.05,366340,3075930,14.977068,24332.1,24350.0,24150,ATM,PUT,24150,2026-07-17
2026-07-17 15:09:00+05:30,148.65,149.5,146.0,147.95,212875,3064490,15.037698,24333.55,24350.0,24150,ATM,PUT,24150,2026-07-17
2026-07-17 15:10:00+05:30,147.7,149.2,147.3,147.4,194415,3059745,14.89854,24331.75,24350.0,24150,ATM,PUT,24150,2026-07-17
2026-07-17 15:11:00+05:30,147.45,148.05,145.5,146.75,215280,3062280,14.85968,24332.25,24350.0,24150,ATM,PUT,24150,2026-07-17
2026-07-17 15:12:00+05:30,146.75,146.75,142.45,144.55,368160,3017365,14.825794,24336.05,24350.0,24150,ATM,PUT,24150,2026-07-17
2026-07-17 15:13:00+05:30,144.9,147.4,144.55,145.85,210795,3010540,14.899954,24334.9,24350.0,24150,ATM,PUT,24150,2026-07-17
2026-07-17 15:14:00+05:30,146.8,152.5,145.85,151.5,424775,2887560,15.161507,24328.75,24350.0,24150,ATM,PUT,24150,2026-07-17
2026-07-17 15:15:00+05:30,127.65,131.75,126.25,129.15,1664780,9083100,15.067777,24323.85,24300.0,24150,ATM,PUT,24150,2026-07-17
2026-07-17 15:16:00+05:30,129.95,131.2,128.95,129.9,758160,8970325,15.101359,24322.9,24300.0,24150,ATM,PUT,24150,2026-07-17
2026-07-17 15:17:00+05:30,155.55,155.55,151.0,153.3,315510,2718755,15.186692,24325.55,24350.0,24150,ATM,PUT,24150,2026-07-17
2026-07-17 15:18:00+05:30,153.1,155.65,151.65,155.65,231920,2659150,15.576426,24328.8,24350.0,24150,ATM,PUT,24150,2026-07-17
2026-07-17 15:19:00+05:30,155.05,155.65,153.0,154.4,195650,2637635,15.464261,24329.0,24350.0,24150,ATM,PUT,24150,2026-07-17
2026-07-17 15:20:00+05:30,154.55,155.5,152.45,153.1,260000,2594605,15.527501,24332.95,24350.0,24150,ATM,PUT,24150,2026-07-17
2026-07-17 15:21:00+05:30,153.1,154.15,145.0,145.0,323635,2553395,14.741247,24333.15,24350.0,24150,ATM,PUT,24150,2026-07-17
2026-07-17 15:22:00+05:30,146.5,147.1,143.2,146.45,384085,2450825,15.061446,24336.85,24350.0,24150,ATM,PUT,24150,2026-07-17
2026-07-17 15:23:00+05:30,146.2,147.5,144.65,145.55,221650,2423655,15.026148,24337.95,24350.0,24150,ATM,PUT,24150,2026-07-17
2026-07-17 15:24:00+05:30,144.95,145.55,140.55,144.0,383565,2401555,15.10342,24342.8,24350.0,24150,ATM,PUT,24150,2026-07-17
2026-07-17 15:25:00+05:30,144.95,147.0,144.0,145.65,426010,2350400,15.370139,24345.0,24350.0,24150,ATM,PUT,24150,2026-07-17
2026-07-17 15:26:00+05:30,145.75,146.5,143.0,144.45,208845,2333305,15.149928,24342.8,24350.0,24150,ATM,PUT,24150,2026-07-17
2026-07-17 15:27:00+05:30,145.0,145.25,141.45,142.2,315965,2303665,14.985624,24344.0,24350.0,24150,ATM,PUT,24150,2026-07-17
2026-07-17 15:28:00+05:30,142.0,143.0,135.6,137.0,512655,2203435,14.258094,24339.4,24350.0,24150,ATM,PUT,24150,2026-07-17
2026-07-17 15:29:00+05:30,137.85,137.85,131.5,133.5,620165,2137395,14.256181,24346.7,24350.0,24150,ATM,PUT,24150,2026-07-17
2026-07-17 09:15:00+05:30,86.0,96.55,70.95,96.1,4698395,9312875,10.183998,24151.25,24200.0,24200,ATM+1,CALL,24150,2026-07-17
2026-07-17 09:16:00+05:30,99.45,103.0,96.1,103.0,4960995,9956830,9.925564,24171.0,24200.0,24200,ATM+1,CALL,24150,2026-07-17
2026-07-17 09:17:00+05:30,82.75,86.35,82.35,83.8,1382290,3393585,10.071264,24176.15,24250.0,24200,ATM+1,CALL,24150,2026-07-17
2026-07-17 09:18:00+05:30,84.85,91.5,83.8,91.5,1188720,3478280,10.336162,24187.4,24250.0,24200,ATM+1,CALL,24150,2026-07-17
2026-07-17 09:19:00+05:30,92.15,95.3,89.6,91.9,1514565,3630120,10.356206,24187.85,24250.0,24200,ATM+1,CALL,24150,2026-07-17
2026-07-17 09:20:00+05:30,90.95,94.8,88.55,90.3,1538550,3848195,10.206946,24187.75,24250.0,24200,ATM+1,CALL,24150,2026-07-17
2026-07-17 09:21:00+05:30,90.6,91.05,87.0,88.1,878345,4012775,10.082136,24185.75,24250.0,24200,ATM+1,CALL,24150,2026-07-17
2026-07-17 09:22:00+05:30,88.15,90.95,87.25,90.45,621465,4183335,10.179799,24188.75,24250.0,24200,ATM+1,CALL,24150,2026-07-17
2026-07-17 09:23:00+05:30,89.85,91.25,87.65,87.65,620425,4316130,10.023257,24186.15,24250.0,24200,ATM+1,CALL,24150,2026-07-17
2026-07-17 09:24:00+05:30,87.65,92.75,86.45,91.95,665600,4416490,10.188257,24191.9,24250.0,24200,ATM+1,CALL,24150,2026-07-17
2026-07-17 09:25:00+05:30,91.75,97.0,91.75,95.35,1593280,4484935,10.207018,24198.85,24250.0,24200,ATM+1,CALL,24150,2026-07-17
2026-07-17 09:26:00+05:30,96.2,97.65,93.8,94.35,1272440,4610580,10.068945,24199.8,24250.0,24200,ATM+1,CALL,24150,2026-07-17
2026-07-17 09:27:00+05:30,94.95,98.25,93.2,96.5,1003665,4855825,10.138533,24202.85,24250.0,24200,ATM+1,CALL,24150,2026-07-17
2026-07-17 09:28:00+05:30,96.6,97.2,95.55,97.05,555035,4866420,10.103368,24204.8,24250.0,24200,ATM+1,CALL,24150,2026-07-17
2026-07-17 09:29:00+05:30,96.5,100.4,95.8,100.1,1111110,4944160,10.157375,24210.0,24250.0,24200,ATM+1,CALL,24150,2026-07-17
2026-07-17 09:30:00+05:30,100.5,101.7,93.95,96.3,1846455,4951570,10.083632,24203.7,24250.0,24200,ATM+1,CALL,24150,2026-07-17
2026-07-17 09:31:00+05:30,95.9,96.85,91.4,91.7,1018485,5033925,9.951323,24196.85,24250.0,24200,ATM+1,CALL,24150,2026-07-17
2026-07-17 09:32:00+05:30,91.8,95.6,89.1,95.35,1099345,5115110,9.925707,24205.2,24250.0,24200,ATM+1,CALL,24150,2026-07-17
2026-07-17 09:33:00+05:30,95.75,99.05,94.45,97.9,1196130,5185050,9.91764,24210.7,24250.0,24200,ATM+1,CALL,24150,2026-07-17
2026-07-17 09:34:00+05:30,98.5,101.35,94.1,94.8,1520155,5254665,9.810576,24206.6,24250.0,24200,ATM+1,CALL,24150,2026-07-17
2026-07-17 09:35:00+05:30,95.0,96.15,94.05,94.1,519740,5271240,9.723572,24207.05,24250.0,24200,ATM+1,CALL,24150,2026-07-17
2026-07-17 09:36:00+05:30,94.6,95.55,92.0,95.0,650260,5356975,9.702499,24209.4,24250.0,24200,ATM+1,CALL,24150,2026-07-17
2026-07-17 09:37:00+05:30,95.5,99.1,94.55,99.1,788905,5431270,9.776241,24216.25,24250.0,24200,ATM+1,CALL,24150,2026-07-17
2026-07-17 09:38:00+05:30,99.7,101.35,97.65,100.65,1345565,5529745,9.672934,24221.55,24250.0,24200,ATM+1,CALL,24150,2026-07-17
2026-07-17 09:39:00+05:30,101.0,101.95,97.8,98.1,1007435,5631340,9.544298,24219.15,24250.0,24200,ATM+1,CALL,24150,2026-07-17
2026-07-17 09:40:00+05:30,98.15,101.25,97.2,99.6,751270,5680480,9.598223,24221.05,24250.0,24200,ATM+1,CALL,24150,2026-07-17
2026-07-17 09:41:00+05:30,99.5,101.4,98.95,99.8,675805,5737550,9.563039,24222.2,24250.0,24200,ATM+1,CALL,24150,2026-07-17
2026-07-17 09:42:00+05:30,100.2,101.65,99.1,100.75,715130,5729880,9.534128,24224.7,24250.0,24200,ATM+1,CALL,24150,2026-07-17
2026-07-17 09:43:00+05:30,79.15,81.7,78.9,80.45,1052155,8361600,9.790092,24225.15,24300.0,24200,ATM+1,CALL,24150,2026-07-17
2026-07-17 09:44:00+05:30,81.9,84.95,78.8,82.35,1454570,8301930,9.7161,24231.3,24300.0,24200,ATM+1,CALL,24150,2026-07-17
2026-07-17 09:45:00+05:30,82.25,88.9,82.25,84.5,1933360,8328450,9.788648,24234.5,24300.0,24200,ATM+1,CALL,24150,2026-07-17
2026-07-17 09:46:00+05:30,85.2,88.6,83.35,87.15,974740,8416135,9.743862,24241.45,24300.0,24200,ATM+1,CALL,24150,2026-07-17
2026-07-17 09:47:00+05:30,87.2,89.25,85.15,85.75,1345695,8488090,9.831873,24236.35,24300.0,24200,ATM+1,CALL,24150,2026-07-17
2026-07-17 09:48:00+05:30,85.55,89.1,85.0,87.35,702975,8491080,9.826573,24240.05,24300.0,24200,ATM+1,CALL,24150,2026-07-17
2026-07-17 09:49:00+05:30,87.8,88.0,84.85,85.75,577525,8486140,9.81221,24236.85,24300.0,24200,ATM+1,CALL,24150,2026-07-17
2026-07-17 09:50:00+05:30,85.9,89.3,85.75,88.45,744640,8510060,9.796323,24243.2,24300.0,24200,ATM+1,CALL,24150,2026-07-17
2026-07-17 09:51:00+05:30,88.0,88.45,81.35,81.75,933140,8512725,9.766684,24228.9,24300.0,24200,ATM+1,CALL,24150,2026-07-17
2026-07-17 09:52:00+05:30,82.65,83.55,81.0,81.35,732095,8542235,9.684224,24229.95,24300.0,24200,ATM+1,CALL,24150,2026-07-17
2026-07-17 09:53:00+05:30,81.7,84.6,81.0,84.6,541840,8552310,9.866555,24233.1,24300.0,24200,ATM+1,CALL,24150,2026-07-17
2026-07-17 09:54:00+05:30,84.8,89.9,84.2,87.65,928720,8614970,9.863811,24240.0,24300.0,24200,ATM+1,CALL,24150,2026-07-17
2026-07-17 09:55:00+05:30,87.35,87.65,81.7,82.6,697840,8635965,9.798182,24230.2,24300.0,24200,ATM+1,CALL,24150,2026-07-17
2026-07-17 09:56:00+05:30,104.0,104.75,98.75,100.4,1019525,6024460,9.59225,24223.1,24250.0,24200,ATM+1,CALL,24150,2026-07-17
2026-07-17 09:57:00+05:30,100.7,100.75,96.7,98.15,800800,6068465,9.557558,24219.35,24250.0,24200,ATM+1,CALL,24150,2026-07-17
2026-07-17 09:58:00+05:30,76.9,80.95,76.2,80.95,748280,8721375,9.689378,24229.05,24300.0,24200,ATM+1,CALL,24150,2026-07-17
2026-07-17 09:59:00+05:30,81.3,81.95,79.55,81.8,597155,8729500,9.781637,24228.85,24300.0,24200,ATM+1,CALL,24150,2026-07-17
2026-07-17 10:00:00+05:30,103.65,105.95,97.5,97.85,1044485,6327295,9.421203,24221.65,24250.0,24200,ATM+1,CALL,24150,2026-07-17
2026-07-17 10:01:00+05:30,97.65,100.7,91.8,93.0,994825,6411210,9.397592,24212.35,24250.0,24200,ATM+1,CALL,24150,2026-07-17
2026-07-17 10:02:00+05:30,94.25,95.35,92.75,93.45,855660,6443645,9.274763,24215.9,24250.0,24200,ATM+1,CALL,24150,2026-07-17
2026-07-17 10:03:00+05:30,94.25,95.1,92.7,94.8,493870,6548100,9.450549,24214.95,24250.0,24200,ATM+1,CALL,24150,2026-07-17
2026-07-17 10:04:00+05:30,94.9,95.1,92.25,92.75,533260,6613165,9.275488,24214.5,24250.0,24200,ATM+1,CALL,24150,2026-07-17
2026-07-17 10:05:00+05:30,93.45,98.35,92.65,97.95,775255,6628440,9.45267,24221.3,24250.0,24200,ATM+1,CALL,24150,2026-07-17
2026-07-17 10:06:00+05:30,97.45,99.75,97.0,97.3,908830,6662825,9.323521,24222.7,24250.0,24200,ATM+1,CALL,24150,2026-07-17
2026-07-17 10:07:00+05:30,76.1,77.9,75.6,77.6,323570,8949135,9.514462,24225.65,24300.0,24200,ATM+1,CALL,24150,2026-07-17
2026-07-17 10:08:00+05:30,77.3,78.75,76.0,78.65,416780,8976175,9.536156,24227.6,24300.0,24200,ATM+1,CALL,24150,2026-07-17
2026-07-17 10:09:00+05:30,78.9,82.4,78.65,79.6,838045,8886215,9.445491,24231.95,24300.0,24200,ATM+1,CALL,24150,2026-07-17
2026-07-17 10:10:00+05:30,79.7,81.05,78.75,79.5,399490,8967790,9.492025,24230.65,24300.0,24200,ATM+1,CALL,24150,2026-07-17
2026-07-17 10:11:00+05:30,79.55,80.4,78.5,80.4,256230,8971820,9.469795,24233.25,24300.0,24200,ATM+1,CALL,24150,2026-07-17
2026-07-17 10:12:00+05:30,80.6,86.2,80.4,86.2,1047540,8984950,9.745953,24239.9,24300.0,24200,ATM+1,CALL,24150,2026-07-17
2026-07-17 10:13:00+05:30,86.05,88.75,85.8,86.65,1281280,8902270,9.516819,24246.1,24300.0,24200,ATM+1,CALL,24150,2026-07-17
2026-07-17 10:14:00+05:30,86.85,86.85,82.65,83.05,737165,8910720,9.444857,24239.85,24300.0,24200,ATM+1,CALL,24150,2026-07-17
2026-07-17 10:15:00+05:30,83.25,86.95,82.3,86.45,679705,8940815,9.517255,24245.7,24300.0,24200,ATM+1,CALL,24150,2026-07-17
2026-07-17 10:16:00+05:30,87.0,88.4,86.2,86.9,685945,8989760,9.497125,24247.15,24300.0,24200,ATM+1,CALL,24150,2026-07-17
2026-07-17 10:17:00+05:30,87.0,94.2,86.6,93.05,1433185,9006465,9.798037,24253.65,24300.0,24200,ATM+1,CALL,24150,2026-07-17
2026-07-17 10:18:00+05:30,93.05,117.75,92.7,117.75,4702880,8690890,11.193601,24274.45,24300.0,24200,ATM+1,CALL,24150,2026-07-17
2026-07-17 10:19:00+05:30,112.8,117.75,105.7,108.25,3384355,8697975,10.306093,24273.95,24300.0,24200,ATM+1,CALL,24150,2026-07-17
2026-07-17 10:20:00+05:30,108.85,111.65,104.35,105.2,1874860,8986055,10.359916,24266.75,24300.0,24200,ATM+1,CALL,24150,2026-07-17
2026-07-17 10:21:00+05:30,105.05,106.8,103.3,103.3,1426230,9124635,10.104481,24268.3,24300.0,24200,ATM+1,CALL,24150,2026-07-17
2026-07-17 10:22:00+05:30,103.5,104.4,100.4,100.75,1073280,9198020,10.113727,24262.95,24300.0,24200,ATM+1,CALL,24150,2026-07-17
2026-07-17 10:23:00+05:30,100.45,100.75,97.65,99.1,1059565,9242935,10.149855,24258.8,24300.0,24200,ATM+1,CALL,24150,2026-07-17
2026-07-17 10:24:00+05:30,99.6,99.6,96.5,98.65,892320,9282065,10.255516,24255.6,24300.0,24200,ATM+1,CALL,24150,2026-07-17
2026-07-17 10:25:00+05:30,99.4,102.75,97.0,102.65,1113515,9316190,10.254957,24263.9,24300.0,24200,ATM+1,CALL,24150,2026-07-17
2026-07-17 10:26:00+05:30,102.0,102.75,99.9,101.85,1071135,9431240,10.091593,24265.75,24300.0,24200,ATM+1,CALL,24150,2026-07-17
2026-07-17 10:27:00+05:30,102.6,105.25,101.1,102.7,1152320,9404200,10.084096,24267.65,24300.0,24200,ATM+1,CALL,24150,2026-07-17
2026-07-17 10:28:00+05:30,102.5,106.8,102.5,106.35,1296880,9429095,10.164566,24273.3,24300.0,24200,ATM+1,CALL,24150,2026-07-17
2026-07-17 10:29:00+05:30,84.25,89.8,84.0,89.25,764595,3357900,10.398444,24281.55,24350.0,24200,ATM+1,CALL,24150,2026-07-17
2026-07-17 10:30:00+05:30,88.95,89.35,84.3,87.3,600730,3349255,10.302143,24279.4,24350.0,24200,ATM+1,CALL,24150,2026-07-17
2026-07-17 10:31:00+05:30,87.95,90.7,87.3,90.65,656890,3377530,10.469618,24283.1,24350.0,24200,ATM+1,CALL,24150,2026-07-17
2026-07-17 10:32:00+05:30,90.0,94.5,89.55,90.0,961870,3386370,10.316594,24285.2,24350.0,24200,ATM+1,CALL,24150,2026-07-17
2026-07-17 10:33:00+05:30,89.2,90.0,86.15,88.15,566215,3383835,10.377287,24279.65,24350.0,24200,ATM+1,CALL,24150,2026-07-17
2026-07-17 10:34:00+05:30,88.2,91.2,87.85,90.9,315835,3427645,10.445076,24284.3,24350.0,24200,ATM+1,CALL,24150,2026-07-17
2026-07-17 10:35:00+05:30,114.1,114.1,104.05,104.05,1400555,9154925,10.003943,24272.2,24300.0,24200,ATM+1,CALL,24150,2026-07-17
2026-07-17 10:36:00+05:30,104.25,105.55,102.75,104.45,864435,9188920,10.028975,24272.5,24300.0,24200,ATM+1,CALL,24150,2026-07-17
2026-07-17 10:37:00+05:30,104.45,105.3,100.4,100.45,848510,9245145,9.897071,24267.25,24300.0,24200,ATM+1,CALL,24150,2026-07-17
2026-07-17 10:38:00+05:30,100.0,102.4,98.6,101.95,925860,9205170,10.016298,24267.8,24300.0,24200,ATM+1,CALL,24150,2026-07-17
2026-07-17 10:39:00+05:30,101.75,103.0,100.1,100.4,541060,9264905,9.894329,24267.25,24300.0,24200,ATM+1,CALL,24150,2026-07-17
2026-07-17 10:40:00+05:30,100.3,102.85,99.45,102.6,486590,9299355,10.049925,24268.45,24300.0,24200,ATM+1,CALL,24150,2026-07-17
2026-07-17 10:41:00+05:30,101.95,103.2,101.05,102.5,567710,9367540,9.930981,24270.75,24300.0,24200,ATM+1,CALL,24150,2026-07-17
2026-07-17 10:42:00+05:30,103.15,103.85,101.05,101.7,529035,9374625,9.927052,24269.25,24300.0,24200,ATM+1,CALL,24150,2026-07-17
2026-07-17 10:43:00+05:30,102.15,102.15,91.4,91.4,1356355,9385090,9.914519,24248.15,24300.0,24200,ATM+1,CALL,24150,2026-07-17
2026-07-17 10:44:00+05:30,93.35,96.7,91.4,95.15,1267565,9358765,9.777028,24259.1,24300.0,24200,ATM+1,CALL,24150,2026-07-17
2026-07-17 10:45:00+05:30,95.05,95.85,89.85,89.85,1101165,9457305,9.533409,24253.3,24300.0,24200,ATM+1,CALL,24150,2026-07-17
2026-07-17 10:46:00+05:30,90.05,92.25,89.35,90.95,901160,9466600,9.677155,24252.5,24300.0,24200,ATM+1,CALL,24150,2026-07-17
2026-07-17 10:47:00+05:30,91.2,93.95,90.7,93.6,759915,9498645,9.847405,24254.4,24300.0,24200,ATM+1,CALL,24150,2026-07-17
2026-07-17 10:48:00+05:30,93.25,93.6,90.15,90.3,550875,9542780,9.566203,24253.6,24300.0,24200,ATM+1,CALL,24150,2026-07-17
2026-07-17 10:49:00+05:30,90.0,91.4,88.1,88.7,684580,9578855,9.58046,24249.9,24300.0,24200,ATM+1,CALL,24150,2026-07-17
2026-07-17 10:50:00+05:30,89.0,91.55,88.0,89.9,561275,9588670,9.645538,24251.05,24300.0,24200,ATM+1,CALL,24150,2026-07-17
2026-07-17 10:51:00+05:30,89.55,89.9,86.7,86.95,706680,9682140,9.458114,24248.9,24300.0,24200,ATM+1,CALL,24150,2026-07-17
2026-07-17 10:52:00+05:30,87.5,89.35,85.6,89.3,789425,9668685,9.557748,24251.75,24300.0,24200,ATM+1,CALL,24150,2026-07-17
2026-07-17 10:53:00+05:30,89.75,93.0,89.2,92.2,1095770,9751950,9.635579,24256.2,24300.0,24200,ATM+1,CALL,24150,2026-07-17
2026-07-17 10:54:00+05:30,92.15,92.75,87.85,89.9,851955,10030215,9.444256,24255.55,24300.0,24200,ATM+1,CALL,24150,2026-07-17
2026-07-17 10:55:00+05:30,89.3,90.5,87.35,90.5,455390,10084815,9.44802,24256.75,24300.0,24200,ATM+1,CALL,24150,2026-07-17
2026-07-17 10:56:00+05:30,90.75,93.8,89.55,92.1,1060670,10107175,9.645055,24255.85,24300.0,24200,ATM+1,CALL,24150,2026-07-17
2026-07-17 10:57:00+05:30,92.5,92.5,89.8,91.0,346580,10173280,9.509842,24256.5,24300.0,24200,ATM+1,CALL,24150,2026-07-17
2026-07-17 10:58:00+05:30,91.15,93.5,90.7,93.05,555555,10202920,9.651172,24257.75,24300.0,24200,ATM+1,CALL,24150,2026-07-17
2026-07-17 10:59:00+05:30,93.45,93.7,91.7,91.7,498680,10087415,9.556425,24257.0,24300.0,24200,ATM+1,CALL,24150,2026-07-17
2026-07-17 11:00:00+05:30,91.8,95.45,91.5,94.0,813410,10107370,9.645094,24259.9,24300.0,24200,ATM+1,CALL,24150,2026-07-17
2026-07-17 11:01:00+05:30,93.8,94.95,90.95,91.8,683735,10127260,9.586556,24256.6,24300.0,24200,ATM+1,CALL,24150,2026-07-17
2026-07-17 11:02:00+05:30,91.55,91.8,87.45,87.95,935545,10015265,9.581679,24248.55,24300.0,24200,ATM+1,CALL,24150,2026-07-17
2026-07-17 11:03:00+05:30,87.75,90.45,87.75,90.3,424320,9983675,9.738164,24250.15,24300.0,24200,ATM+1,CALL,24150,2026-07-17
2026-07-17 11:04:00+05:30,90.2,92.9,90.0,92.65,427375,9986080,9.600062,24258.15,24300.0,24200,ATM+1,CALL,24150,2026-07-17
2026-07-17 11:05:00+05:30,92.8,95.35,92.65,93.8,926250,9995830,9.523274,24262.2,24300.0,24200,ATM+1,CALL,24150,2026-07-17
2026-07-17 11:06:00+05:30,93.0,94.8,91.45,94.8,576745,10089170,9.634928,24261.9,24300.0,24200,ATM+1,CALL,24150,2026-07-17
2026-07-17 11:07:00+05:30,95.0,95.0,86.95,87.15,1053130,10107565,9.616735,24246.15,24300.0,24200,ATM+1,CALL,24150,2026-07-17
2026-07-17 11:08:00+05:30,86.85,87.2,82.75,85.25,1508520,9990630,9.7779,24238.35,24300.0,24200,ATM+1,CALL,24150,2026-07-17
2026-07-17 11:09:00+05:30,85.5,86.7,84.2,85.9,607880,9933430,9.686136,24241.9,24300.0,24200,ATM+1,CALL,24150,2026-07-17
2026-07-17 11:10:00+05:30,85.9,86.45,83.0,83.4,744315,10058490,9.575608,24238.9,24300.0,24200,ATM+1,CALL,24150,2026-07-17
2026-07-17 11:11:00+05:30,83.5,86.45,83.1,85.4,481585,10237565,9.690209,24240.75,24300.0,24200,ATM+1,CALL,24150,2026-07-17
2026-07-17 11:12:00+05:30,85.3,86.4,84.5,85.95,333645,10236915,9.702853,24241.7,24300.0,24200,ATM+1,CALL,24150,2026-07-17
2026-07-17 11:13:00+05:30,85.65,86.2,82.15,82.85,540475,10254595,9.568642,24237.9,24300.0,24200,ATM+1,CALL,24150,2026-07-17
2026-07-17 11:14:00+05:30,83.05,86.35,82.15,85.3,642850,10155535,9.904461,24235.7,24300.0,24200,ATM+1,CALL,24150,2026-07-17
2026-07-17 11:15:00+05:30,84.4,86.1,84.0,84.95,360425,10224305,9.729478,24238.95,24300.0,24200,ATM+1,CALL,24150,2026-07-17
2026-07-17 11:16:00+05:30,85.3,85.45,81.65,81.9,726310,10198370,9.589687,24235.35,24300.0,24200,ATM+1,CALL,24150,2026-07-17
2026-07-17 11:17:00+05:30,81.85,84.7,81.85,83.0,474175,10212215,9.517322,24239.5,24300.0,24200,ATM+1,CALL,24150,2026-07-17
2026-07-17 11:18:00+05:30,82.85,83.0,80.45,80.95,462865,10285015,9.431679,24236.9,24300.0,24200,ATM+1,CALL,24150,2026-07-17
2026-07-17 11:19:00+05:30,80.8,83.5,79.85,82.65,845065,10337925,9.390781,24241.65,24300.0,24200,ATM+1,CALL,24150,2026-07-17
2026-07-17 11:20:00+05:30,82.7,83.55,82.5,83.2,399425,10394345,9.44093,24241.75,24300.0,24200,ATM+1,CALL,24150,2026-07-17
2026-07-17 11:21:00+05:30,83.2,83.5,82.1,83.35,294385,10400260,9.458734,24241.7,24300.0,24200,ATM+1,CALL,24150,2026-07-17
2026-07-17 11:22:00+05:30,83.15,87.4,83.15,86.35,1026350,10339095,9.405837,24249.45,24300.0,24200,ATM+1,CALL,24150,2026-07-17
2026-07-17 11:23:00+05:30,85.35,86.35,81.2,81.85,877175,10174710,9.456996,24238.45,24300.0,24200,ATM+1,CALL,24150,2026-07-17
2026-07-17 11:24:00+05:30,82.65,85.95,80.6,85.5,522925,10134605,9.47119,24246.2,24300.0,24200,ATM+1,CALL,24150,2026-07-17
2026-07-17 11:25:00+05:30,85.7,85.85,83.05,83.6,381355,10103860,9.442899,24242.7,24300.0,24200,ATM+1,CALL,24150,2026-07-17
2026-07-17 11:26:00+05:30,83.9,84.2,82.0,84.2,213590,10105745,9.559741,24241.4,24300.0,24200,ATM+1,CALL,24150,2026-07-17
2026-07-17 11:27:00+05:30,84.15,85.8,84.1,84.55,399295,10124270,9.501963,24243.5,24300.0,24200,ATM+1,CALL,24150,2026-07-17
2026-07-17 11:28:00+05:30,84.9,85.5,83.8,84.9,299195,10153455,9.461442,24245.2,24300.0,24200,ATM+1,CALL,24150,2026-07-17
2026-07-17 11:29:00+05:30,85.0,87.3,84.0,84.0,468975,10116795,9.472543,24243.0,24300.0,24200,ATM+1,CALL,24150,2026-07-17
2026-07-17 11:30:00+05:30,84.35,86.3,83.75,84.25,335400,10120435,9.446881,24244.15,24300.0,24200,ATM+1,CALL,24150,2026-07-17
2026-07-17 11:31:00+05:30,84.2,85.2,82.8,85.0,262340,10138245,9.429515,24246.2,24300.0,24200,ATM+1,CALL,24150,2026-07-17
2026-07-17 11:32:00+05:30,85.5,85.9,83.4,84.15,193440,10139480,9.496779,24242.85,24300.0,24200,ATM+1,CALL,24150,2026-07-17
2026-07-17 11:33:00+05:30,84.8,85.95,82.4,85.65,268125,10134475,9.371271,24248.95,24300.0,24200,ATM+1,CALL,24150,2026-07-17
2026-07-17 11:34:00+05:30,85.5,89.6,85.5,87.4,1053975,10074025,9.376784,24252.6,24300.0,24200,ATM+1,CALL,24150,2026-07-17
2026-07-17 11:35:00+05:30,87.5,90.9,87.0,90.5,1076075,10145525,9.404559,24258.55,24300.0,24200,ATM+1,CALL,24150,2026-07-17
2026-07-17 11:36:00+05:30,90.0,92.0,86.7,87.35,988845,10339030,9.453499,24250.85,24300.0,24200,ATM+1,CALL,24150,2026-07-17
2026-07-17 11:37:00+05:30,87.25,88.65,84.5,85.2,605670,10157355,9.423587,24246.9,24300.0,24200,ATM+1,CALL,24150,2026-07-17
2026-07-17 11:38:00+05:30,84.95,88.3,84.8,88.3,429585,10163595,9.531877,24251.2,24300.0,24200,ATM+1,CALL,24150,2026-07-17
2026-07-17 11:39:00+05:30,88.65,90.6,87.85,90.5,637780,10206235,9.478101,24257.05,24300.0,24200,ATM+1,CALL,24150,2026-07-17
2026-07-17 11:40:00+05:30,90.3,91.0,88.4,90.85,540670,10180170,9.445793,24258.5,24300.0,24200,ATM+1,CALL,24150,2026-07-17
2026-07-17 11:41:00+05:30,91.0,94.35,90.85,94.1,1360125,10107890,9.536833,24263.3,24300.0,24200,ATM+1,CALL,24150,2026-07-17
2026-07-17 11:42:00+05:30,94.1,94.45,91.3,91.75,780715,10074350,9.399618,24261.4,24300.0,24200,ATM+1,CALL,24150,2026-07-17
2026-07-17 11:43:00+05:30,92.0,93.9,91.2,92.9,518505,10153065,9.479162,24262.1,24300.0,24200,ATM+1,CALL,24150,2026-07-17
2026-07-17 11:44:00+05:30,93.0,95.85,92.25,94.05,1155310,10006945,9.349811,24267.2,24300.0,24200,ATM+1,CALL,24150,2026-07-17
2026-07-17 11:45:00+05:30,94.4,96.65,94.05,95.8,1078805,10103730,9.3109,24271.55,24300.0,24200,ATM+1,CALL,24150,2026-07-17
2026-07-17 11:46:00+05:30,95.65,96.45,93.8,95.0,782210,10126480,9.355121,24269.05,24300.0,24200,ATM+1,CALL,24150,2026-07-17
2026-07-17 11:47:00+05:30,95.15,95.5,91.8,93.9,682435,10088325,9.37885,24266.35,24300.0,24200,ATM+1,CALL,24150,2026-07-17
2026-07-17 11:48:00+05:30,92.75,95.4,92.65,93.55,532285,10111270,9.28387,24267.65,24300.0,24200,ATM+1,CALL,24150,2026-07-17
2026-07-17 11:49:00+05:30,94.15,94.95,93.1,93.25,317850,10180495,9.255813,24267.65,24300.0,24200,ATM+1,CALL,24150,2026-07-17
2026-07-17 11:50:00+05:30,94.0,94.6,92.7,94.45,404950,10204415,9.231159,24270.6,24300.0,24200,ATM+1,CALL,24150,2026-07-17
2026-07-17 11:51:00+05:30,94.7,96.4,94.45,95.25,787930,10193885,9.224812,24272.35,24300.0,24200,ATM+1,CALL,24150,2026-07-17
2026-07-17 11:52:00+05:30,95.45,99.25,95.15,99.25,936455,10221315,9.540083,24273.85,24300.0,24200,ATM+1,CALL,24150,2026-07-17
2026-07-17 11:53:00+05:30,78.2,80.55,76.9,78.4,739895,4058795,9.546532,24278.7,24350.0,24200,ATM+1,CALL,24150,2026-07-17
2026-07-17 11:54:00+05:30,78.55,79.95,78.15,78.4,363480,4106440,9.534788,24279.0,24350.0,24200,ATM+1,CALL,24150,2026-07-17
2026-07-17 11:55:00+05:30,100.95,100.95,96.9,96.9,1005550,10184265,9.269027,24274.8,24300.0,24200,ATM+1,CALL,24150,2026-07-17
2026-07-17 11:56:00+05:30,76.1,79.95,74.0,78.05,507780,4103580,9.444961,24280.35,24350.0,24200,ATM+1,CALL,24150,2026-07-17
2026-07-17 11:57:00+05:30,78.5,79.35,77.4,77.4,398905,4156230,9.424621,24279.35,24350.0,24200,ATM+1,CALL,24150,2026-07-17
2026-07-17 11:58:00+05:30,99.05,99.65,95.8,96.3,746135,10243025,9.204087,24275.0,24300.0,24200,ATM+1,CALL,24150,2026-07-17
2026-07-17 11:59:00+05:30,75.2,76.75,74.75,75.8,198445,4214665,9.332717,24277.85,24350.0,24200,ATM+1,CALL,24150,2026-07-17
2026-07-17 12:00:00+05:30,96.1,98.5,92.3,92.45,960895,10375625,9.032765,24270.9,24300.0,24200,ATM+1,CALL,24150,2026-07-17
2026-07-17 12:01:00+05:30,93.0,94.85,91.1,92.9,908635,10187710,9.209851,24268.15,24300.0,24200,ATM+1,CALL,24150,2026-07-17
2026-07-17 12:02:00+05:30,92.4,93.2,90.5,91.5,474760,10186475,9.115824,24267.3,24300.0,24200,ATM+1,CALL,24150,2026-07-17
2026-07-17 12:03:00+05:30,71.8,75.75,71.15,75.5,252980,4190160,9.406009,24275.5,24350.0,24200,ATM+1,CALL,24150,2026-07-17
2026-07-17 12:04:00+05:30,97.2,98.4,96.25,97.4,828750,10332725,9.324057,24274.85,24300.0,24200,ATM+1,CALL,24150,2026-07-17
2026-07-17 12:05:00+05:30,96.2,97.4,94.85,95.25,485810,10343840,9.146029,24274.25,24300.0,24200,ATM+1,CALL,24150,2026-07-17
2026-07-17 12:06:00+05:30,95.25,95.45,91.55,92.25,591825,10302045,9.168557,24267.8,24300.0,24200,ATM+1,CALL,24150,2026-07-17
2026-07-17 12:07:00+05:30,92.4,93.0,88.65,89.5,911950,10225995,9.114433,24263.35,24300.0,24200,ATM+1,CALL,24150,2026-07-17
2026-07-17 12:08:00+05:30,89.7,92.0,88.5,92.0,708955,10208770,9.131898,24268.1,24300.0,24200,ATM+1,CALL,24150,2026-07-17
2026-07-17 12:09:00+05:30,92.1,95.5,92.0,94.55,848640,10243545,9.084557,24274.2,24300.0,24200,ATM+1,CALL,24150,2026-07-17
2026-07-17 12:10:00+05:30,95.3,97.7,94.55,95.25,854100,10338770,9.163226,24274.0,24300.0,24200,ATM+1,CALL,24150,2026-07-17
2026-07-17 12:11:00+05:30,95.65,95.65,92.95,93.4,571155,10324340,9.10418,24271.55,24300.0,24200,ATM+1,CALL,24150,2026-07-17
2026-07-17 12:12:00+05:30,72.7,74.85,72.25,73.75,169910,4215510,9.225268,24275.9,24350.0,24200,ATM+1,CALL,24150,2026-07-17
2026-07-17 12:13:00+05:30,94.8,96.2,91.5,92.3,437970,10356905,9.050311,24270.5,24300.0,24200,ATM+1,CALL,24150,2026-07-17
2026-07-17 12:14:00+05:30,71.75,75.35,71.75,74.4,170365,4225455,9.264083,24276.55,24350.0,24200,ATM+1,CALL,24150,2026-07-17
2026-07-17 12:15:00+05:30,75.0,75.6,74.4,75.45,210405,4218435,9.201522,24280.5,24350.0,24200,ATM+1,CALL,24150,2026-07-17
2026-07-17 12:16:00+05:30,96.65,97.4,91.5,92.25,820170,10596365,8.863384,24274.3,24300.0,24200,ATM+1,CALL,24150,2026-07-17
2026-07-17 12:17:00+05:30,92.6,92.8,89.3,92.4,755950,10575370,8.981459,24272.2,24300.0,24200,ATM+1,CALL,24150,2026-07-17
2026-07-17 12:18:00+05:30,71.85,74.75,71.25,74.75,211705,4237610,9.34036,24275.65,24350.0,24200,ATM+1,CALL,24150,2026-07-17
2026-07-17 12:19:00+05:30,74.6,74.9,72.55,72.8,141050,4237610,9.156988,24275.45,24350.0,24200,ATM+1,CALL,24150,2026-07-17
2026-07-17 12:20:00+05:30,72.7,74.9,72.55,74.75,162370,4259645,9.126798,24280.75,24350.0,24200,ATM+1,CALL,24150,2026-07-17
2026-07-17 12:21:00+05:30,74.3,74.75,72.95,72.95,124020,4264455,9.003357,24279.5,24350.0,24200,ATM+1,CALL,24150,2026-07-17
2026-07-17 12:22:00+05:30,93.75,93.85,91.4,93.7,511030,10786425,9.12716,24271.9,24300.0,24200,ATM+1,CALL,24150,2026-07-17
2026-07-17 12:23:00+05:30,73.9,77.1,73.65,76.0,366925,4282265,9.240007,24281.05,24350.0,24200,ATM+1,CALL,24150,2026-07-17
2026-07-17 12:24:00+05:30,76.45,77.2,75.05,76.25,333190,4223115,9.235709,24281.75,24350.0,24200,ATM+1,CALL,24150,2026-07-17
2026-07-17 12:25:00+05:30,76.4,81.05,76.25,77.6,648505,4236115,9.499606,24278.7,24350.0,24200,ATM+1,CALL,24150,2026-07-17
2026-07-17 12:26:00+05:30,77.25,78.6,75.4,75.65,259870,4221750,9.367578,24277.3,24350.0,24200,ATM+1,CALL,24150,2026-07-17
2026-07-17 12:27:00+05:30,75.7,78.45,75.65,76.75,203905,4230850,9.424165,24278.55,24350.0,24200,ATM+1,CALL,24150,2026-07-17
2026-07-17 12:28:00+05:30,76.8,78.1,76.55,76.9,144495,4207125,9.467515,24277.9,24350.0,24200,ATM+1,CALL,24150,2026-07-17
2026-07-17 12:29:00+05:30,77.0,77.15,74.8,75.65,189410,4236830,9.355729,24277.65,24350.0,24200,ATM+1,CALL,24150,2026-07-17
2026-07-17 12:30:00+05:30,95.6,96.6,94.45,96.0,642980,10593960,9.229022,24274.55,24300.0,24200,ATM+1,CALL,24150,2026-07-17
2026-07-17 12:31:00+05:30,75.05,76.75,74.4,76.6,168155,4191655,9.474754,24277.1,24350.0,24200,ATM+1,CALL,24150,2026-07-17
2026-07-17 12:32:00+05:30,97.9,98.7,95.35,95.45,382525,10635040,9.216809,24273.75,24300.0,24200,ATM+1,CALL,24150,2026-07-17
2026-07-17 12:33:00+05:30,74.85,77.15,74.5,76.9,116480,4184635,9.364023,24280.45,24350.0,24200,ATM+1,CALL,24150,2026-07-17
2026-07-17 12:34:00+05:30,77.0,78.6,76.85,77.15,294060,4175080,9.359747,24281.15,24350.0,24200,ATM+1,CALL,24150,2026-07-17
2026-07-17 12:35:00+05:30,76.65,77.7,75.9,76.3,149110,4175600,9.270582,24281.3,24350.0,24200,ATM+1,CALL,24150,2026-07-17
2026-07-17 12:36:00+05:30,76.55,77.2,75.75,76.15,141635,4162015,9.241821,24281.65,24350.0,24200,ATM+1,CALL,24150,2026-07-17
2026-07-17 12:37:00+05:30,76.3,76.95,74.15,74.15,173225,4162795,9.162517,24278.9,24350.0,24200,ATM+1,CALL,24150,2026-07-17
2026-07-17 12:38:00+05:30,74.2,75.3,72.55,74.3,293475,4147130,9.195232,24278.5,24350.0,24200,ATM+1,CALL,24150,2026-07-17
2026-07-17 12:39:00+05:30,74.8,75.15,73.25,73.75,141310,4132765,9.173539,24277.75,24350.0,24200,ATM+1,CALL,24150,2026-07-17
2026-07-17 12:40:00+05:30,94.9,95.4,91.2,91.55,783315,10782395,9.194125,24266.55,24300.0,24200,ATM+1,CALL,24150,2026-07-17
2026-07-17 12:41:00+05:30,91.4,93.25,88.6,93.25,1297595,10775570,9.240381,24269.05,24300.0,24200,ATM+1,CALL,24150,2026-07-17
2026-07-17 12:42:00+05:30,73.1,75.4,72.55,75.4,323310,4123535,9.237705,24280.15,24350.0,24200,ATM+1,CALL,24150,2026-07-17
2026-07-17 12:43:00+05:30,96.9,97.0,93.0,93.9,644150,10713430,9.015697,24275.0,24300.0,24200,ATM+1,CALL,24150,2026-07-17
2026-07-17 12:44:00+05:30,73.15,75.4,72.85,74.75,150540,4139200,9.306847,24277.05,24350.0,24200,ATM+1,CALL,24150,2026-07-17
2026-07-17 12:45:00+05:30,75.35,79.4,74.75,78.85,507325,4154085,9.437097,24283.5,24350.0,24200,ATM+1,CALL,24150,2026-07-17
2026-07-17 12:46:00+05:30,78.55,78.85,76.6,77.3,283855,4131465,9.339228,24282.25,24350.0,24200,ATM+1,CALL,24150,2026-07-17
2026-07-17 12:47:00+05:30,77.45,78.8,77.15,78.7,153270,4134065,9.292292,24286.55,24350.0,24200,ATM+1,CALL,24150,2026-07-17
2026-07-17 12:48:00+05:30,78.5,80.4,77.8,80.15,370890,4127695,9.405249,24287.25,24350.0,24200,ATM+1,CALL,24150,2026-07-17
2026-07-17 12:49:00+05:30,82.2,88.15,80.15,85.3,1555385,4088955,9.613185,24294.0,24350.0,24200,ATM+1,CALL,24150,2026-07-17
2026-07-17 12:50:00+05:30,84.5,85.3,77.0,77.0,732810,4028570,9.255581,24283.6,24350.0,24200,ATM+1,CALL,24150,2026-07-17
2026-07-17 12:51:00+05:30,76.25,77.7,75.3,76.7,499655,4053335,9.323566,24281.35,24350.0,24200,ATM+1,CALL,24150,2026-07-17
2026-07-17 12:52:00+05:30,77.3,77.4,74.95,74.95,293150,4062045,9.220033,24279.75,24350.0,24200,ATM+1,CALL,24150,2026-07-17
2026-07-17 12:53:00+05:30,95.95,96.15,92.2,93.6,1279980,10327980,9.118963,24272.5,24300.0,24200,ATM+1,CALL,24150,2026-07-17
2026-07-17 12:54:00+05:30,93.25,93.75,91.05,91.95,784290,10193560,8.890805,24273.9,24300.0,24200,ATM+1,CALL,24150,2026-07-17
2026-07-17 12:55:00+05:30,92.45,95.2,90.75,91.2,963365,10252775,8.950635,24271.2,24300.0,24200,ATM+1,CALL,24150,2026-07-17
2026-07-17 12:56:00+05:30,91.0,94.25,91.0,93.6,489125,10297625,9.021478,24274.55,24300.0,24200,ATM+1,CALL,24150,2026-07-17
2026-07-17 12:57:00+05:30,73.1,76.85,72.95,75.3,388180,4050345,9.233943,24280.35,24350.0,24200,ATM+1,CALL,24150,2026-07-17
2026-07-17 12:58:00+05:30,75.3,76.5,73.6,73.6,210600,4040855,9.126322,24278.95,24350.0,24200,ATM+1,CALL,24150,2026-07-17
2026-07-17 12:59:00+05:30,74.55,76.85,73.6,76.3,212355,4046055,9.2083,24283.3,24350.0,24200,ATM+1,CALL,24150,2026-07-17
2026-07-17 13:00:00+05:30,77.65,78.5,75.45,76.15,292630,4039880,9.215971,24282.8,24350.0,24200,ATM+1,CALL,24150,2026-07-17
2026-07-17 13:01:00+05:30,76.0,78.7,76.0,76.5,240825,4043585,9.210608,24283.75,24350.0,24200,ATM+1,CALL,24150,2026-07-17
2026-07-17 13:02:00+05:30,76.45,76.85,73.7,73.8,193310,4037995,9.162702,24278.65,24350.0,24200,ATM+1,CALL,24150,2026-07-17
2026-07-17 13:03:00+05:30,74.1,75.15,72.6,73.9,189865,4043455,9.086476,24280.7,24350.0,24200,ATM+1,CALL,24150,2026-07-17
2026-07-17 13:04:00+05:30,74.25,75.55,73.9,74.3,130390,4047940,9.163184,24279.85,24350.0,24200,ATM+1,CALL,24150,2026-07-17
2026-07-17 13:05:00+05:30,74.5,74.5,73.1,74.05,109005,4071665,9.086185,24281.1,24350.0,24200,ATM+1,CALL,24150,2026-07-17
2026-07-17 13:06:00+05:30,74.0,75.0,73.35,74.75,186420,4083820,9.034233,24283.95,24350.0,24200,ATM+1,CALL,24150,2026-07-17
2026-07-17 13:07:00+05:30,74.9,76.25,71.7,71.8,313235,4051515,9.062091,24276.45,24350.0,24200,ATM+1,CALL,24150,2026-07-17
2026-07-17 13:08:00+05:30,71.9,73.7,71.8,72.8,160745,4080830,9.022827,24279.75,24350.0,24200,ATM+1,CALL,24150,2026-07-17
2026-07-17 13:09:00+05:30,73.0,73.65,72.2,72.5,138060,4100590,9.068156,24278.0,24350.0,24200,ATM+1,CALL,24150,2026-07-17
2026-07-17 13:10:00+05:30,72.45,73.5,72.45,72.85,110955,4092400,9.040307,24279.5,24350.0,24200,ATM+1,CALL,24150,2026-07-17
2026-07-17 13:11:00+05:30,73.25,74.1,72.55,72.55,113945,4098185,9.020025,24279.3,24350.0,24200,ATM+1,CALL,24150,2026-07-17
2026-07-17 13:12:00+05:30,73.0,73.25,70.8,70.8,204360,4114370,8.929737,24277.35,24350.0,24200,ATM+1,CALL,24150,2026-07-17
2026-07-17 13:13:00+05:30,70.8,72.95,70.6,72.85,143520,4115930,9.172129,24276.45,24350.0,24200,ATM+1,CALL,24150,2026-07-17
2026-07-17 13:14:00+05:30,73.05,74.55,72.4,73.25,170040,4108000,8.953784,24282.55,24350.0,24200,ATM+1,CALL,24150,2026-07-17
2026-07-17 13:15:00+05:30,93.8,94.3,87.0,88.9,1665820,10474490,8.71185,24271.9,24300.0,24200,ATM+1,CALL,24150,2026-07-17
2026-07-17 13:16:00+05:30,88.85,90.35,88.5,89.95,524615,10412935,8.771236,24272.8,24300.0,24200,ATM+1,CALL,24150,2026-07-17
2026-07-17 13:17:00+05:30,69.4,70.7,68.85,70.4,184405,4108390,8.976563,24275.4,24350.0,24200,ATM+1,CALL,24150,2026-07-17
2026-07-17 13:18:00+05:30,90.75,92.55,89.1,90.55,570180,10515505,8.843935,24272.55,24300.0,24200,ATM+1,CALL,24150,2026-07-17
2026-07-17 13:19:00+05:30,90.6,90.6,88.1,88.75,373165,10625160,8.580984,24274.35,24300.0,24200,ATM+1,CALL,24150,2026-07-17
2026-07-17 13:20:00+05:30,68.85,71.0,68.7,69.9,142025,4141540,8.849993,24277.3,24350.0,24200,ATM+1,CALL,24150,2026-07-17
2026-07-17 13:21:00+05:30,69.65,70.2,68.25,68.25,115700,4147455,8.680542,24277.45,24350.0,24200,ATM+1,CALL,24150,2026-07-17
2026-07-17 13:22:00+05:30,89.05,89.6,88.0,89.0,275795,10709465,8.608243,24274.35,24300.0,24200,ATM+1,CALL,24150,2026-07-17
2026-07-17 13:23:00+05:30,89.4,90.05,86.8,87.65,454090,10683985,8.735998,24269.05,24300.0,24200,ATM+1,CALL,24150,2026-07-17
2026-07-17 13:24:00+05:30,88.1,89.0,84.5,84.8,940030,10674625,8.583795,24266.45,24300.0,24200,ATM+1,CALL,24150,2026-07-17
2026-07-17 13:25:00+05:30,84.65,87.9,82.45,87.9,1069510,10527205,8.781656,24268.65,24300.0,24200,ATM+1,CALL,24150,2026-07-17
2026-07-17 13:26:00+05:30,88.2,88.75,84.5,85.05,657930,10461360,8.679377,24265.0,24300.0,24200,ATM+1,CALL,24150,2026-07-17
2026-07-17 13:27:00+05:30,85.25,85.45,82.6,82.6,505050,10519600,8.590178,24261.85,24300.0,24200,ATM+1,CALL,24150,2026-07-17
2026-07-17 13:28:00+05:30,83.55,84.3,82.3,83.35,504725,10579985,8.720908,24260.65,24300.0,24200,ATM+1,CALL,24150,2026-07-17
2026-07-17 13:29:00+05:30,83.95,87.2,83.35,84.85,767715,10576215,8.552655,24267.3,24300.0,24200,ATM+1,CALL,24150,2026-07-17
2026-07-17 13:30:00+05:30,85.4,86.95,84.75,86.5,391365,10723180,8.59655,24269.75,24300.0,24200,ATM+1,CALL,24150,2026-07-17
2026-07-17 13:31:00+05:30,87.2,89.35,85.4,86.0,869635,10793575,8.630812,24268.05,24300.0,24200,ATM+1,CALL,24150,2026-07-17
2026-07-17 13:32:00+05:30,86.15,86.95,83.7,85.35,528580,10898485,8.642739,24266.5,24300.0,24200,ATM+1,CALL,24150,2026-07-17
2026-07-17 13:33:00+05:30,84.95,85.35,83.4,84.65,269165,10821980,8.696946,24263.95,24300.0,24200,ATM+1,CALL,24150,2026-07-17
2026-07-17 13:34:00+05:30,84.8,86.2,83.65,85.75,354705,10887955,8.722037,24265.7,24300.0,24200,ATM+1,CALL,24150,2026-07-17
2026-07-17 13:35:00+05:30,85.85,88.2,85.75,86.9,456560,10792405,8.744255,24267.6,24300.0,24200,ATM+1,CALL,24150,2026-07-17
2026-07-17 13:36:00+05:30,87.4,90.25,86.9,87.3,1004445,10755290,8.678018,24269.8,24300.0,24200,ATM+1,CALL,24150,2026-07-17
2026-07-17 13:37:00+05:30,87.3,88.35,83.8,84.0,688610,10951135,8.601535,24264.7,24300.0,24200,ATM+1,CALL,24150,2026-07-17
2026-07-17 13:38:00+05:30,84.55,85.4,83.35,83.7,385775,10954060,8.520662,24265.8,24300.0,24200,ATM+1,CALL,24150,2026-07-17
2026-07-17 13:39:00+05:30,84.0,85.85,83.65,84.95,307385,10996375,8.465763,24269.5,24300.0,24200,ATM+1,CALL,24150,2026-07-17
2026-07-17 13:40:00+05:30,85.0,85.0,79.15,80.05,1373060,11057020,8.521473,24258.25,24300.0,24200,ATM+1,CALL,24150,2026-07-17
2026-07-17 13:41:00+05:30,80.55,81.5,76.9,81.5,1201070,10930335,8.83129,24254.65,24300.0,24200,ATM+1,CALL,24150,2026-07-17
2026-07-17 13:42:00+05:30,81.35,81.5,77.05,78.5,762385,10758800,8.695711,24251.2,24300.0,24200,ATM+1,CALL,24150,2026-07-17
2026-07-17 13:43:00+05:30,78.0,78.7,76.45,78.7,785850,10824840,8.845468,24248.35,24300.0,24200,ATM+1,CALL,24150,2026-07-17
2026-07-17 13:44:00+05:30,78.3,79.6,76.0,78.6,881140,10905440,8.567998,24254.25,24300.0,24200,ATM+1,CALL,24150,2026-07-17
2026-07-17 13:45:00+05:30,77.95,79.2,76.65,78.5,442390,10933845,8.643854,24252.4,24300.0,24200,ATM+1,CALL,24150,2026-07-17
2026-07-17 13:46:00+05:30,78.2,79.0,72.75,73.0,1332890,11061765,8.432379,24245.1,24300.0,24200,ATM+1,CALL,24150,2026-07-17
2026-07-17 13:47:00+05:30,72.85,73.8,70.2,70.8,1617265,10964850,8.497307,24238.7,24300.0,24200,ATM+1,CALL,24150,2026-07-17
2026-07-17 13:48:00+05:30,71.35,73.8,70.8,73.15,957515,11035310,8.362079,24247.05,24300.0,24200,ATM+1,CALL,24150,2026-07-17
2026-07-17 13:49:00+05:30,73.25,73.6,70.75,70.9,618670,11148215,8.454551,24239.95,24300.0,24200,ATM+1,CALL,24150,2026-07-17
2026-07-17 13:50:00+05:30,70.95,71.75,68.45,69.4,1289925,11183965,8.859647,24227.05,24300.0,24200,ATM+1,CALL,24150,2026-07-17
2026-07-17 13:51:00+05:30,88.75,89.4,82.4,84.65,2238600,8678410,8.639217,24215.95,24250.0,24200,ATM+1,CALL,24150,2026-07-17
2026-07-17 13:52:00+05:30,84.7,87.55,84.65,86.2,815620,8775845,8.481635,24222.35,24250.0,24200,ATM+1,CALL,24150,2026-07-17
2026-07-17 13:53:00+05:30,66.7,68.0,66.35,67.8,725920,11016200,8.609784,24229.25,24300.0,24200,ATM+1,CALL,24150,2026-07-17
2026-07-17 13:54:00+05:30,68.2,69.4,66.75,68.85,884065,11127675,8.598704,24232.0,24300.0,24200,ATM+1,CALL,24150,2026-07-17
2026-07-17 13:55:00+05:30,68.35,70.95,67.35,70.15,878540,11192610,8.535691,24236.5,24300.0,24200,ATM+1,CALL,24150,2026-07-17
2026-07-17 13:56:00+05:30,69.4,70.1,67.7,69.3,474955,11350235,8.613363,24232.75,24300.0,24200,ATM+1,CALL,24150,2026-07-17
2026-07-17 13:57:00+05:30,69.3,70.75,69.05,70.65,724945,11560640,8.707945,24233.7,24300.0,24200,ATM+1,CALL,24150,2026-07-17
2026-07-17 13:58:00+05:30,70.8,72.2,69.8,71.8,600665,11534250,8.65455,24237.6,24300.0,24200,ATM+1,CALL,24150,2026-07-17
2026-07-17 13:59:00+05:30,71.95,80.05,71.8,78.85,2104830,11385465,8.796365,24250.1,24300.0,24200,ATM+1,CALL,24150,2026-07-17
2026-07-17 14:00:00+05:30,77.9,79.3,75.95,77.75,1269710,11369280,8.747903,24248.8,24300.0,24200,ATM+1,CALL,24150,2026-07-17
2026-07-17 14:01:00+05:30,78.05,79.0,75.6,77.35,944385,11395865,8.799561,24246.8,24300.0,24200,ATM+1,CALL,24150,2026-07-17
2026-07-17 14:02:00+05:30,77.2,77.4,74.25,75.3,718510,11341265,8.741111,24243.6,24300.0,24200,ATM+1,CALL,24150,2026-07-17
2026-07-17 14:03:00+05:30,75.4,77.5,75.0,77.5,486200,11341460,8.840972,24246.25,24300.0,24200,ATM+1,CALL,24150,2026-07-17
2026-07-17 14:04:00+05:30,77.8,79.95,77.3,78.45,990730,11319750,8.750414,24250.35,24300.0,24200,ATM+1,CALL,24150,2026-07-17
2026-07-17 14:05:00+05:30,78.65,81.45,78.45,80.0,1307995,11367070,8.704724,24254.7,24300.0,24200,ATM+1,CALL,24150,2026-07-17
2026-07-17 14:06:00+05:30,79.95,80.55,77.0,77.0,861705,11609260,8.641248,24249.65,24300.0,24200,ATM+1,CALL,24150,2026-07-17
2026-07-17 14:07:00+05:30,77.15,78.6,76.2,78.3,628615,11508705,8.70666,24251.05,24300.0,24200,ATM+1,CALL,24150,2026-07-17
2026-07-17 14:08:00+05:30,78.15,79.15,76.25,77.15,572325,11544260,8.592074,24251.1,24300.0,24200,ATM+1,CALL,24150,2026-07-17
2026-07-17 14:09:00+05:30,77.4,78.95,77.15,78.4,340600,11536395,8.631604,24252.95,24300.0,24200,ATM+1,CALL,24150,2026-07-17
2026-07-17 14:10:00+05:30,78.45,80.15,78.25,79.7,513305,11535550,8.712254,24254.0,24300.0,24200,ATM+1,CALL,24150,2026-07-17
2026-07-17 14:11:00+05:30,80.15,85.2,79.7,85.2,2068040,11393005,8.725382,24265.25,24300.0,24200,ATM+1,CALL,24150,2026-07-17
2026-07-17 14:12:00+05:30,84.65,88.75,84.25,87.6,2298660,11490895,8.654375,24271.6,24300.0,24200,ATM+1,CALL,24150,2026-07-17
2026-07-17 14:13:00+05:30,67.2,73.5,67.05,72.0,1135030,4537715,9.112118,24277.25,24350.0,24200,ATM+1,CALL,24150,2026-07-17
2026-07-17 14:14:00+05:30,73.3,77.3,72.0,76.8,1479725,4340050,9.450395,24280.55,24350.0,24200,ATM+1,CALL,24150,2026-07-17
2026-07-17 14:15:00+05:30,59.0,92.4,58.85,92.4,5986110,7474870,10.313791,24345.4,24400.0,24200,ATM+1,CALL,24150,2026-07-17
2026-07-17 14:16:00+05:30,92.1,107.25,84.65,105.8,5872360,7054125,10.813917,24362.9,24400.0,24200,ATM+1,CALL,24150,2026-07-17
2026-07-17 14:17:00+05:30,106.45,110.35,93.3,94.35,4274205,7426965,10.414342,24347.45,24400.0,24200,ATM+1,CALL,24150,2026-07-17
2026-07-17 14:18:00+05:30,90.1,94.35,83.5,86.05,2864095,7687420,10.255795,24332.7,24400.0,24200,ATM+1,CALL,24150,2026-07-17
2026-07-17 14:19:00+05:30,107.3,109.3,93.05,93.25,2095210,4867655,9.823323,24308.45,24350.0,24200,ATM+1,CALL,24150,2026-07-17
2026-07-17 14:20:00+05:30,94.35,99.8,93.25,93.65,1689740,4950335,9.660362,24312.75,24350.0,24200,ATM+1,CALL,24150,2026-07-17
2026-07-17 14:21:00+05:30,93.0,97.25,90.0,91.65,1402765,5010330,9.626244,24309.35,24350.0,24200,ATM+1,CALL,24150,2026-07-17
2026-07-17 14:22:00+05:30,91.3,91.65,85.9,86.15,1546285,5164185,9.477264,24300.95,24350.0,24200,ATM+1,CALL,24150,2026-07-17
2026-07-17 14:23:00+05:30,83.85,87.3,83.85,84.15,1023100,5114525,9.654624,24292.7,24350.0,24200,ATM+1,CALL,24150,2026-07-17
2026-07-17 14:24:00+05:30,84.15,85.6,82.7,84.95,774540,5151900,9.482112,24298.3,24350.0,24200,ATM+1,CALL,24150,2026-07-17
2026-07-17 14:25:00+05:30,84.65,92.45,83.55,90.75,1405170,5239780,9.638296,24307.3,24350.0,24200,ATM+1,CALL,24150,2026-07-17
2026-07-17 14:26:00+05:30,91.05,95.55,90.75,94.45,1682200,5551845,9.816298,24311.25,24350.0,24200,ATM+1,CALL,24150,2026-07-17
2026-07-17 14:27:00+05:30,93.3,95.3,92.25,94.1,960245,5548465,9.797252,24310.95,24350.0,24200,ATM+1,CALL,24150,2026-07-17
2026-07-17 14:28:00+05:30,95.1,98.4,93.8,94.2,1451580,5432245,9.876631,24309.5,24350.0,24200,ATM+1,CALL,24150,2026-07-17
2026-07-17 14:29:00+05:30,94.35,94.4,80.25,82.35,2233010,5321160,9.718179,24287.4,24350.0,24200,ATM+1,CALL,24150,2026-07-17
2026-07-17 14:30:00+05:30,82.6,90.6,81.45,89.6,1211340,5227820,9.654044,24304.65,24350.0,24200,ATM+1,CALL,24150,2026-07-17
2026-07-17 14:31:00+05:30,90.1,90.65,85.25,86.25,833885,5368025,9.526087,24300.3,24350.0,24200,ATM+1,CALL,24150,2026-07-17
2026-07-17 14:32:00+05:30,86.05,88.05,83.5,85.35,657670,5439265,9.491012,24299.15,24350.0,24200,ATM+1,CALL,24150,2026-07-17
2026-07-17 14:33:00+05:30,85.25,87.6,84.25,86.25,354055,5487235,9.744088,24295.55,24350.0,24200,ATM+1,CALL,24150,2026-07-17
2026-07-17 14:34:00+05:30,86.05,88.75,85.65,88.1,352170,5482360,9.816362,24298.0,24350.0,24200,ATM+1,CALL,24150,2026-07-17
2026-07-17 14:35:00+05:30,88.0,88.55,86.4,86.8,333840,5510830,9.659722,24298.65,24350.0,24200,ATM+1,CALL,24150,2026-07-17
2026-07-17 14:36:00+05:30,86.85,86.95,83.3,85.15,509990,5526950,9.742213,24293.25,24350.0,24200,ATM+1,CALL,24150,2026-07-17
2026-07-17 14:37:00+05:30,84.65,86.4,83.55,84.55,302900,5542810,9.69296,24293.05,24350.0,24200,ATM+1,CALL,24150,2026-07-17
2026-07-17 14:38:00+05:30,84.6,88.5,82.7,87.0,505505,5517460,9.66887,24298.95,24350.0,24200,ATM+1,CALL,24150,2026-07-17
2026-07-17 14:39:00+05:30,86.9,87.55,85.15,87.4,211055,5540600,9.757188,24297.9,24350.0,24200,ATM+1,CALL,24150,2026-07-17
2026-07-17 14:40:00+05:30,87.2,89.8,87.15,87.75,566410,5574855,9.60501,24302.0,24350.0,24200,ATM+1,CALL,24150,2026-07-17
2026-07-17 14:41:00+05:30,87.85,93.5,87.0,93.5,929825,5597800,9.710491,24311.85,24350.0,24200,ATM+1,CALL,24150,2026-07-17
2026-07-17 14:42:00+05:30,93.3,93.95,90.45,93.45,1040520,5694325,9.775376,24310.4,24350.0,24200,ATM+1,CALL,24150,2026-07-17
2026-07-17 14:43:00+05:30,93.0,97.3,91.85,92.85,1235975,5669365,9.636904,24312.1,24350.0,24200,ATM+1,CALL,24150,2026-07-17
2026-07-17 14:44:00+05:30,92.9,98.1,92.85,95.7,935870,5629325,9.65148,24317.65,24350.0,24200,ATM+1,CALL,24150,2026-07-17
2026-07-17 14:45:00+05:30,96.5,96.9,94.15,95.3,800800,5604690,9.523534,24319.5,24350.0,24200,ATM+1,CALL,24150,2026-07-17
2026-07-17 14:46:00+05:30,74.85,77.6,72.75,76.7,978510,7659990,9.685914,24325.05,24400.0,24200,ATM+1,CALL,24150,2026-07-17
2026-07-17 14:47:00+05:30,97.95,98.65,95.4,96.15,769210,5678985,9.506465,24321.6,24350.0,24200,ATM+1,CALL,24150,2026-07-17
2026-07-17 14:48:00+05:30,96.05,96.8,93.5,96.8,744965,5623605,9.637284,24320.25,24350.0,24200,ATM+1,CALL,24150,2026-07-17
2026-07-17 14:49:00+05:30,96.15,97.65,95.3,95.35,507325,5683210,9.31201,24324.0,24350.0,24200,ATM+1,CALL,24150,2026-07-17
2026-07-17 14:50:00+05:30,95.4,96.4,91.9,94.6,841685,5721430,9.435712,24320.0,24350.0,24200,ATM+1,CALL,24150,2026-07-17
2026-07-17 14:51:00+05:30,94.45,96.5,92.05,92.95,581815,5670470,9.417924,24317.05,24350.0,24200,ATM+1,CALL,24150,2026-07-17
2026-07-17 14:52:00+05:30,92.9,95.1,92.85,93.65,300625,5665985,9.364034,24319.6,24350.0,24200,ATM+1,CALL,24150,2026-07-17
2026-07-17 14:53:00+05:30,93.3,93.65,89.4,92.9,686595,5690620,9.24757,24320.5,24350.0,24200,ATM+1,CALL,24150,2026-07-17
2026-07-17 14:54:00+05:30,92.95,93.3,90.05,93.25,439205,5620030,9.26096,24320.95,24350.0,24200,ATM+1,CALL,24150,2026-07-17
2026-07-17 14:55:00+05:30,72.6,75.5,71.3,75.45,633230,7666880,9.470373,24327.4,24400.0,24200,ATM+1,CALL,24150,2026-07-17
2026-07-17 14:56:00+05:30,98.2,100.95,93.0,95.45,1893125,5703165,9.284504,24324.9,24350.0,24200,ATM+1,CALL,24150,2026-07-17
2026-07-17 14:57:00+05:30,95.05,96.25,92.6,93.7,529750,5753020,9.276384,24321.6,24350.0,24200,ATM+1,CALL,24150,2026-07-17
2026-07-17 14:58:00+05:30,93.7,94.25,90.75,92.75,645255,5752110,9.463378,24315.85,24350.0,24200,ATM+1,CALL,24150,2026-07-17
2026-07-17 14:59:00+05:30,93.0,93.25,88.8,89.15,759590,5650450,9.306561,24311.75,24350.0,24200,ATM+1,CALL,24150,2026-07-17
2026-07-17 15:00:00+05:30,90.15,96.0,86.6,94.9,2234505,5556655,9.293981,24323.7,24350.0,24200,ATM+1,CALL,24150,2026-07-17
2026-07-17 15:01:00+05:30,74.85,80.05,72.7,75.35,2082145,7446140,9.543057,24325.6,24400.0,24200,ATM+1,CALL,24150,2026-07-17
2026-07-17 15:02:00+05:30,96.0,97.7,92.4,94.65,688285,5494580,9.239355,24324.35,24350.0,24200,ATM+1,CALL,24150,2026-07-17
2026-07-17 15:03:00+05:30,94.65,96.15,90.5,91.35,607555,5497050,9.22958,24317.95,24350.0,24200,ATM+1,CALL,24150,2026-07-17
2026-07-17 15:04:00+05:30,90.7,93.95,89.8,93.05,728195,5461300,9.197633,24322.05,24350.0,24200,ATM+1,CALL,24150,2026-07-17
2026-07-17 15:05:00+05:30,72.4,76.2,72.15,75.9,942955,7261280,9.519063,24327.55,24400.0,24200,ATM+1,CALL,24150,2026-07-17
2026-07-17 15:06:00+05:30,76.15,77.9,75.15,76.35,672295,7225660,9.45143,24330.2,24400.0,24200,ATM+1,CALL,24150,2026-07-17
2026-07-17 15:07:00+05:30,76.4,78.5,75.55,77.95,705185,7158840,9.434342,24334.3,24400.0,24200,ATM+1,CALL,24150,2026-07-17
2026-07-17 15:08:00+05:30,76.55,77.95,74.55,74.85,692900,7155525,9.222113,24332.1,24400.0,24200,ATM+1,CALL,24150,2026-07-17
2026-07-17 15:09:00+05:30,74.4,76.6,73.15,75.45,540475,7118540,9.22021,24333.55,24400.0,24200,ATM+1,CALL,24150,2026-07-17
2026-07-17 15:10:00+05:30,75.05,75.75,73.0,74.05,459160,7063940,9.159429,24331.75,24400.0,24200,ATM+1,CALL,24150,2026-07-17
2026-07-17 15:11:00+05:30,74.4,75.65,73.85,74.95,288665,7057375,9.2286,24332.25,24400.0,24200,ATM+1,CALL,24150,2026-07-17
2026-07-17 15:12:00+05:30,74.95,77.55,74.75,76.15,520000,7012720,9.184147,24336.05,24400.0,24200,ATM+1,CALL,24150,2026-07-17
2026-07-17 15:13:00+05:30,76.3,76.3,73.75,74.95,394940,6940570,9.115852,24334.9,24400.0,24200,ATM+1,CALL,24150,2026-07-17
2026-07-17 15:14:00+05:30,74.55,75.45,71.55,71.65,655785,6893835,9.052083,24328.75,24400.0,24200,ATM+1,CALL,24150,2026-07-17
2026-07-17 15:15:00+05:30,92.15,92.9,88.5,89.9,1276210,4788355,8.810415,24323.85,24350.0,24200,ATM+1,CALL,24150,2026-07-17
2026-07-17 15:16:00+05:30,89.5,90.65,87.75,90.1,732875,4744805,8.87797,24322.9,24350.0,24200,ATM+1,CALL,24150,2026-07-17
2026-07-17 15:17:00+05:30,69.2,71.75,69.2,70.85,519480,6729385,9.110517,24325.55,24400.0,24200,ATM+1,CALL,24150,2026-07-17
2026-07-17 15:18:00+05:30,70.9,71.5,68.45,68.5,383825,6747650,8.738439,24328.8,24400.0,24200,ATM+1,CALL,24150,2026-07-17
2026-07-17 15:19:00+05:30,68.45,70.05,68.25,69.8,440115,6712160,8.861138,24329.0,24400.0,24200,ATM+1,CALL,24150,2026-07-17
2026-07-17 15:20:00+05:30,70.0,72.25,69.75,71.3,586885,6646965,8.843198,24332.95,24400.0,24200,ATM+1,CALL,24150,2026-07-17
2026-07-17 15:21:00+05:30,71.25,75.45,70.95,75.45,854035,6488365,9.249519,24333.15,24400.0,24200,ATM+1,CALL,24150,2026-07-17
2026-07-17 15:22:00+05:30,74.75,76.95,74.75,76.35,806845,6351865,9.179033,24336.85,24400.0,24200,ATM+1,CALL,24150,2026-07-17
2026-07-17 15:23:00+05:30,76.1,80.5,76.1,79.0,1304095,6547255,9.395124,24337.95,24400.0,24200,ATM+1,CALL,24150,2026-07-17
2026-07-17 15:24:00+05:30,79.85,84.8,79.0,83.2,1051310,6503835,9.597207,24342.8,24400.0,24200,ATM+1,CALL,24150,2026-07-17
2026-07-17 15:25:00+05:30,83.9,88.9,83.2,87.0,1300390,6345430,9.875235,24345.0,24400.0,24200,ATM+1,CALL,24150,2026-07-17
2026-07-17 15:26:00+05:30,86.5,87.7,84.35,84.65,801710,6282770,9.742878,24342.8,24400.0,24200,ATM+1,CALL,24150,2026-07-17
2026-07-17 15:27:00+05:30,85.5,86.95,84.65,86.8,684515,6197295,9.902755,24344.0,24400.0,24200,ATM+1,CALL,24150,2026-07-17
2026-07-17 15:28:00+05:30,86.2,89.0,86.0,87.3,912600,6085300,10.159737,24339.4,24400.0,24200,ATM+1,CALL,24150,2026-07-17
2026-07-17 15:29:00+05:30,88.0,91.95,86.8,89.35,1322945,5772975,10.034688,24346.7,24400.0,24200,ATM+1,CALL,24150,2026-07-17
2026-07-17 09:15:00+05:30,191.0,200.7,166.8,166.8,1221350,3068520,15.012435,24151.25,24200.0,24200,ATM+1,PUT,24150,2026-07-17
2026-07-17 09:16:00+05:30,162.6,166.85,153.35,153.35,1517880,3408275,14.684637,24171.0,24200.0,24200,ATM+1,PUT,24150,2026-07-17
2026-07-17 09:17:00+05:30,180.8,183.6,177.6,180.3,318565,710190,15.004485,24176.15,24250.0,24200,ATM+1,PUT,24150,2026-07-17
2026-07-17 09:18:00+05:30,179.1,180.3,170.7,170.7,294255,867425,14.66326,24187.4,24250.0,24200,ATM+1,PUT,24150,2026-07-17
2026-07-17 09:19:00+05:30,171.05,174.45,168.4,172.2,350415,1046760,14.831676,24187.85,24250.0,24200,ATM+1,PUT,24150,2026-07-17
2026-07-17 09:20:00+05:30,172.05,172.8,166.75,170.45,310375,1211925,14.659042,24187.75,24250.0,24200,ATM+1,PUT,24150,2026-07-17
2026-07-17 09:21:00+05:30,169.85,173.7,169.6,171.8,268775,1306890,14.687313,24185.75,24250.0,24200,ATM+1,PUT,24150,2026-07-17
2026-07-17 09:22:00+05:30,171.25,173.35,169.65,170.0,200070,1372280,14.668821,24188.75,24250.0,24200,ATM+1,PUT,24150,2026-07-17
2026-07-17 09:23:00+05:30,170.4,172.3,169.4,172.0,199355,1466205,14.729077,24186.15,24250.0,24200,ATM+1,PUT,24150,2026-07-17
2026-07-17 09:24:00+05:30,172.3,172.7,166.75,167.25,196625,1523730,14.566629,24191.9,24250.0,24200,ATM+1,PUT,24150,2026-07-17
2026-07-17 09:25:00+05:30,168.1,168.1,162.6,164.7,304330,1603225,14.67283,24198.85,24250.0,24200,ATM+1,PUT,24150,2026-07-17
2026-07-17 09:26:00+05:30,164.0,166.4,162.9,165.85,246675,1701050,14.831771,24199.8,24250.0,24200,ATM+1,PUT,24150,2026-07-17
2026-07-17 09:27:00+05:30,165.55,167.0,161.05,162.6,275275,1823640,14.672302,24202.85,24250.0,24200,ATM+1,PUT,24150,2026-07-17
2026-07-17 09:28:00+05:30,162.9,164.35,162.3,162.4,215930,1930955,14.750594,24204.8,24250.0,24200,ATM+1,PUT,24150,2026-07-17
2026-07-17 09:29:00+05:30,163.15,163.3,159.4,159.4,246935,2049060,14.719023,24210.0,24250.0,24200,ATM+1,PUT,24150,2026-07-17
2026-07-17 09:30:00+05:30,159.35,164.7,157.4,162.45,549640,2186730,14.702934,24203.7,24250.0,24200,ATM+1,PUT,24150,2026-07-17
2026-07-17 09:31:00+05:30,162.6,166.8,161.8,166.15,504400,2433925,14.717721,24196.85,24250.0,24200,ATM+1,PUT,24150,2026-07-17
2026-07-17 09:32:00+05:30,166.1,168.35,161.95,162.0,424190,2492880,14.735831,24205.2,24250.0,24200,ATM+1,PUT,24150,2026-07-17
2026-07-17 09:33:00+05:30,161.05,163.0,157.75,158.85,322010,2588755,14.704306,24210.7,24250.0,24200,ATM+1,PUT,24150,2026-07-17
2026-07-17 09:34:00+05:30,158.2,163.5,155.4,162.2,618540,2702440,14.826014,24206.6,24250.0,24200,ATM+1,PUT,24150,2026-07-17
2026-07-17 09:35:00+05:30,162.4,163.15,160.65,162.45,273000,2857270,14.873149,24207.05,24250.0,24200,ATM+1,PUT,24150,2026-07-17
2026-07-17 09:36:00+05:30,161.4,164.65,160.25,160.3,337090,2991820,14.782931,24209.4,24250.0,24200,ATM+1,PUT,24150,2026-07-17
2026-07-17 09:37:00+05:30,159.85,160.9,156.2,156.2,309400,3131700,14.723136,24216.25,24250.0,24200,ATM+1,PUT,24150,2026-07-17
2026-07-17 09:38:00+05:30,156.0,157.25,153.85,155.0,582335,3203525,14.863213,24221.55,24250.0,24200,ATM+1,PUT,24150,2026-07-17
2026-07-17 09:39:00+05:30,154.1,157.4,153.5,156.7,355615,3373825,14.912592,24219.15,24250.0,24200,ATM+1,PUT,24150,2026-07-17
2026-07-17 09:40:00+05:30,156.65,158.0,154.6,156.1,311155,3514745,14.946924,24221.05,24250.0,24200,ATM+1,PUT,24150,2026-07-17
2026-07-17 09:41:00+05:30,155.65,157.35,154.35,156.4,209365,3649555,15.031594,24222.2,24250.0,24200,ATM+1,PUT,24150,2026-07-17
2026-07-17 09:42:00+05:30,155.25,156.65,154.0,154.85,278915,3728530,15.002631,24224.7,24250.0,24200,ATM+1,PUT,24150,2026-07-17
2026-07-17 09:43:00+05:30,183.15,184.0,180.7,181.85,195455,3692650,15.099317,24225.15,24300.0,24200,ATM+1,PUT,24150,2026-07-17
2026-07-17 09:44:00+05:30,180.65,185.55,178.65,180.5,423410,3741595,15.290754,24231.3,24300.0,24200,ATM+1,PUT,24150,2026-07-17
2026-07-17 09:45:00+05:30,180.3,180.5,173.25,178.45,715520,3787550,15.259359,24234.5,24300.0,24200,ATM+1,PUT,24150,2026-07-17
2026-07-17 09:46:00+05:30,177.4,180.7,175.6,176.55,284180,3955510,15.432249,24241.45,24300.0,24200,ATM+1,PUT,24150,2026-07-17
2026-07-17 09:47:00+05:30,176.65,179.5,174.1,179.4,323050,4095715,15.447825,24236.35,24300.0,24200,ATM+1,PUT,24150,2026-07-17
2026-07-17 09:48:00+05:30,179.15,179.9,176.0,177.4,169455,4212065,15.445051,24240.05,24300.0,24200,ATM+1,PUT,24150,2026-07-17
2026-07-17 09:49:00+05:30,177.55,180.95,177.25,179.2,247780,4285060,15.456205,24236.85,24300.0,24200,ATM+1,PUT,24150,2026-07-17
2026-07-17 09:50:00+05:30,179.0,179.2,175.6,176.65,214370,4394130,15.534476,24243.2,24300.0,24200,ATM+1,PUT,24150,2026-07-17
2026-07-17 09:51:00+05:30,176.1,185.0,176.1,184.3,440635,4464785,15.539895,24228.9,24300.0,24200,ATM+1,PUT,24150,2026-07-17
2026-07-17 09:52:00+05:30,182.8,185.1,182.75,184.25,463775,4503135,15.590635,24229.95,24300.0,24200,ATM+1,PUT,24150,2026-07-17
2026-07-17 09:53:00+05:30,184.05,184.55,181.0,181.0,221455,4574700,15.441138,24233.1,24300.0,24200,ATM+1,PUT,24150,2026-07-17
2026-07-17 09:54:00+05:30,180.5,181.75,176.0,178.5,355225,4651790,15.554575,24240.0,24300.0,24200,ATM+1,PUT,24150,2026-07-17
2026-07-17 09:55:00+05:30,178.05,184.9,178.05,183.65,313820,4705285,15.548809,24230.2,24300.0,24200,ATM+1,PUT,24150,2026-07-17
2026-07-17 09:56:00+05:30,156.25,159.1,155.15,157.6,1023815,5593250,15.20499,24223.1,24250.0,24200,ATM+1,PUT,24150,2026-07-17
2026-07-17 09:57:00+05:30,157.5,161.2,157.5,159.65,831935,5517525,15.223769,24219.35,24250.0,24200,ATM+1,PUT,24150,2026-07-17
2026-07-17 09:58:00+05:30,188.45,190.0,183.25,183.4,312715,4539405,15.468018,24229.05,24300.0,24200,ATM+1,PUT,24150,2026-07-17
2026-07-17 09:59:00+05:30,183.1,185.5,182.0,182.4,211185,4550000,15.362053,24228.85,24300.0,24200,ATM+1,PUT,24150,2026-07-17
2026-07-17 10:00:00+05:30,153.15,160.6,151.2,160.15,792090,5477940,15.385089,24221.65,24250.0,24200,ATM+1,PUT,24150,2026-07-17
2026-07-17 10:01:00+05:30,160.05,164.9,156.8,162.95,830505,5600205,15.206718,24212.35,24250.0,24200,ATM+1,PUT,24150,2026-07-17
2026-07-17 10:02:00+05:30,162.25,163.55,160.7,161.6,549835,5414500,15.250193,24215.9,24250.0,24200,ATM+1,PUT,24150,2026-07-17
2026-07-17 10:03:00+05:30,161.3,162.35,160.3,160.55,397085,5430620,15.104209,24214.95,24250.0,24200,ATM+1,PUT,24150,2026-07-17
2026-07-17 10:04:00+05:30,160.25,162.4,160.0,161.7,325910,5468645,15.194047,24214.5,24250.0,24200,ATM+1,PUT,24150,2026-07-17
2026-07-17 10:05:00+05:30,161.6,162.85,156.7,157.5,486135,5476185,15.118648,24221.3,24250.0,24200,ATM+1,PUT,24150,2026-07-17
2026-07-17 10:06:00+05:30,158.45,158.9,155.5,158.7,362050,5456295,15.301997,24222.7,24250.0,24200,ATM+1,PUT,24150,2026-07-17
2026-07-17 10:07:00+05:30,187.95,188.85,186.0,186.6,130585,4631510,15.608998,24225.65,24300.0,24200,ATM+1,PUT,24150,2026-07-17
2026-07-17 10:08:00+05:30,186.5,188.7,184.4,184.75,159770,4660630,15.533162,24227.6,24300.0,24200,ATM+1,PUT,24150,2026-07-17
2026-07-17 10:09:00+05:30,184.3,184.9,180.2,184.25,393510,4581590,15.711943,24231.95,24300.0,24200,ATM+1,PUT,24150,2026-07-17
2026-07-17 10:10:00+05:30,183.7,186.25,183.25,185.65,161590,4662060,15.780907,24230.65,24300.0,24200,ATM+1,PUT,24150,2026-07-17
2026-07-17 10:11:00+05:30,185.8,186.5,184.05,184.05,104260,4680650,15.761863,24233.25,24300.0,24200,ATM+1,PUT,24150,2026-07-17
2026-07-17 10:12:00+05:30,184.0,184.6,177.95,178.15,363740,4704310,15.534475,24239.9,24300.0,24200,ATM+1,PUT,24150,2026-07-17
2026-07-17 10:13:00+05:30,178.45,178.65,176.15,178.4,355290,4711070,15.873118,24246.1,24300.0,24200,ATM+1,PUT,24150,2026-07-17
2026-07-17 10:14:00+05:30,177.9,181.75,177.9,180.75,267865,4814355,15.78471,24239.85,24300.0,24200,ATM+1,PUT,24150,2026-07-17
2026-07-17 10:15:00+05:30,180.95,181.15,177.3,177.3,203450,4909320,15.749211,24245.7,24300.0,24200,ATM+1,PUT,24150,2026-07-17
2026-07-17 10:16:00+05:30,177.3,177.5,175.1,176.4,202865,5002270,15.736407,24247.15,24300.0,24200,ATM+1,PUT,24150,2026-07-17
2026-07-17 10:17:00+05:30,176.0,176.3,170.0,170.95,663325,5067790,15.536769,24253.65,24300.0,24200,ATM+1,PUT,24150,2026-07-17
2026-07-17 10:18:00+05:30,171.7,172.2,156.05,156.05,1264640,5088655,15.114289,24274.45,24300.0,24200,ATM+1,PUT,24150,2026-07-17
2026-07-17 10:19:00+05:30,159.15,163.8,156.05,162.4,1244165,5314140,15.701784,24273.95,24300.0,24200,ATM+1,PUT,24150,2026-07-17
2026-07-17 10:20:00+05:30,162.15,165.85,160.7,165.45,806910,5781230,15.651228,24266.75,24300.0,24200,ATM+1,PUT,24150,2026-07-17
2026-07-17 10:21:00+05:30,165.7,166.4,162.85,165.4,578955,5994950,15.722136,24268.3,24300.0,24200,ATM+1,PUT,24150,2026-07-17
2026-07-17 10:22:00+05:30,165.25,166.35,163.8,166.0,392860,6142175,15.522215,24262.95,24300.0,24200,ATM+1,PUT,24150,2026-07-17
2026-07-17 10:23:00+05:30,166.05,168.15,166.0,167.7,521560,6244355,15.484149,24258.8,24300.0,24200,ATM+1,PUT,24150,2026-07-17
2026-07-17 10:24:00+05:30,167.0,168.8,166.6,167.0,301080,6308445,15.260334,24255.6,24300.0,24200,ATM+1,PUT,24150,2026-07-17
2026-07-17 10:25:00+05:30,166.6,168.5,164.7,165.3,442715,6350240,15.504197,24263.9,24300.0,24200,ATM+1,PUT,24150,2026-07-17
2026-07-17 10:26:00+05:30,165.7,167.05,165.0,165.8,276120,6445855,15.642974,24265.75,24300.0,24200,ATM+1,PUT,24150,2026-07-17
2026-07-17 10:27:00+05:30,165.2,166.35,163.0,165.1,258765,6511115,15.668417,24267.65,24300.0,24200,ATM+1,PUT,24150,2026-07-17
2026-07-17 10:28:00+05:30,165.25,165.25,161.2,162.0,376025,6567470,15.64202,24273.3,24300.0,24200,ATM+1,PUT,24150,2026-07-17
2026-07-17 10:29:00+05:30,190.1,190.55,185.4,185.9,94120,1371500,15.842235,24281.55,24350.0,24200,ATM+1,PUT,24150,2026-07-17
2026-07-17 10:30:00+05:30,185.65,188.4,185.45,186.3,90415,1409850,15.770507,24279.4,24350.0,24200,ATM+1,PUT,24150,2026-07-17
2026-07-17 10:31:00+05:30,186.0,186.3,184.3,184.6,99255,1454440,15.798908,24283.1,24350.0,24200,ATM+1,PUT,24150,2026-07-17
2026-07-17 10:32:00+05:30,185.4,185.6,181.3,184.8,124410,1482520,15.927263,24285.2,24350.0,24200,ATM+1,PUT,24150,2026-07-17
2026-07-17 10:33:00+05:30,186.0,189.8,184.8,187.55,141375,1525095,15.907424,24279.65,24350.0,24200,ATM+1,PUT,24150,2026-07-17
2026-07-17 10:34:00+05:30,188.0,188.5,185.7,185.8,66625,1556880,15.97968,24284.3,24350.0,24200,ATM+1,PUT,24150,2026-07-17
2026-07-17 10:35:00+05:30,158.9,165.0,158.4,164.7,627120,7657260,15.856818,24272.2,24300.0,24200,ATM+1,PUT,24150,2026-07-17
2026-07-17 10:36:00+05:30,164.7,165.1,163.1,164.45,609570,7713420,15.848176,24272.5,24300.0,24200,ATM+1,PUT,24150,2026-07-17
2026-07-17 10:37:00+05:30,164.25,166.5,163.45,166.3,445185,7761390,15.775316,24267.25,24300.0,24200,ATM+1,PUT,24150,2026-07-17
2026-07-17 10:38:00+05:30,166.9,168.0,164.2,165.0,602745,7756970,15.677774,24267.8,24300.0,24200,ATM+1,PUT,24150,2026-07-17
2026-07-17 10:39:00+05:30,164.35,166.4,163.8,166.4,269815,7803380,15.7871,24267.25,24300.0,24200,ATM+1,PUT,24150,2026-07-17
2026-07-17 10:40:00+05:30,166.45,167.35,164.0,164.0,279435,7837050,15.614957,24268.45,24300.0,24200,ATM+1,PUT,24150,2026-07-17
2026-07-17 10:41:00+05:30,164.85,165.5,163.65,163.8,165100,7846085,15.707283,24270.75,24300.0,24200,ATM+1,PUT,24150,2026-07-17
2026-07-17 10:42:00+05:30,163.55,165.7,163.2,164.65,196365,7852390,15.718178,24269.25,24300.0,24200,ATM+1,PUT,24150,2026-07-17
2026-07-17 10:43:00+05:30,164.55,174.1,164.55,174.1,698945,7908875,15.593414,24248.15,24300.0,24200,ATM+1,PUT,24150,2026-07-17
2026-07-17 10:44:00+05:30,172.45,174.1,168.75,170.2,844935,7694180,15.76187,24259.1,24300.0,24200,ATM+1,PUT,24150,2026-07-17
2026-07-17 10:45:00+05:30,170.3,174.9,169.2,174.9,705835,7653620,15.929795,24253.3,24300.0,24200,ATM+1,PUT,24150,2026-07-17
2026-07-17 10:46:00+05:30,174.7,175.6,171.95,173.5,721500,7489820,15.756085,24252.5,24300.0,24200,ATM+1,PUT,24150,2026-07-17
2026-07-17 10:47:00+05:30,173.25,173.6,169.65,170.05,368225,7421765,15.518736,24254.4,24300.0,24200,ATM+1,PUT,24150,2026-07-17
2026-07-17 10:48:00+05:30,170.9,173.65,170.05,173.65,256035,7403630,15.827363,24253.6,24300.0,24200,ATM+1,PUT,24150,2026-07-17
2026-07-17 10:49:00+05:30,173.75,174.9,172.3,174.5,323570,7382180,15.726084,24249.9,24300.0,24200,ATM+1,PUT,24150,2026-07-17
2026-07-17 10:50:00+05:30,174.5,174.95,171.25,173.3,303680,7395180,15.668798,24251.05,24300.0,24200,ATM+1,PUT,24150,2026-07-17
2026-07-17 10:51:00+05:30,173.8,175.4,173.3,174.95,246610,7347730,15.72158,24248.9,24300.0,24200,ATM+1,PUT,24150,2026-07-17
2026-07-17 10:52:00+05:30,174.95,176.45,172.55,172.55,459810,7347340,15.633456,24251.75,24300.0,24200,ATM+1,PUT,24150,2026-07-17
2026-07-17 10:53:00+05:30,172.0,172.6,168.65,170.15,491790,7249320,15.623841,24256.2,24300.0,24200,ATM+1,PUT,24150,2026-07-17
2026-07-17 10:54:00+05:30,170.0,175.35,169.2,173.3,321360,7191015,15.8967,24255.55,24300.0,24200,ATM+1,PUT,24150,2026-07-17
2026-07-17 10:55:00+05:30,173.6,175.85,172.5,172.7,240435,7217535,15.899177,24256.75,24300.0,24200,ATM+1,PUT,24150,2026-07-17
2026-07-17 10:56:00+05:30,172.0,174.25,169.1,171.45,269815,7177560,15.735175,24255.85,24300.0,24200,ATM+1,PUT,24150,2026-07-17
2026-07-17 10:57:00+05:30,170.3,173.4,170.3,171.5,175825,7205445,15.773204,24256.5,24300.0,24200,ATM+1,PUT,24150,2026-07-17
2026-07-17 10:58:00+05:30,171.3,172.3,169.0,169.15,191295,7200505,15.609171,24257.75,24300.0,24200,ATM+1,PUT,24150,2026-07-17
2026-07-17 10:59:00+05:30,169.35,171.5,169.15,170.2,132665,7270575,15.674575,24257.0,24300.0,24200,ATM+1,PUT,24150,2026-07-17
2026-07-17 11:00:00+05:30,170.1,170.95,166.5,168.45,358345,7262775,15.64951,24259.9,24300.0,24200,ATM+1,PUT,24150,2026-07-17
2026-07-17 11:01:00+05:30,168.55,171.95,167.55,171.3,230230,7263165,15.763146,24256.6,24300.0,24200,ATM+1,PUT,24150,2026-07-17
2026-07-17 11:02:00+05:30,171.25,175.65,171.25,175.2,492245,7311525,15.739926,24248.55,24300.0,24200,ATM+1,PUT,24150,2026-07-17
2026-07-17 11:03:00+05:30,174.85,175.2,172.1,172.5,252005,7338825,15.560309,24250.15,24300.0,24200,ATM+1,PUT,24150,2026-07-17
2026-07-17 11:04:00+05:30,172.0,172.75,169.4,169.45,249470,7366515,15.664242,24258.15,24300.0,24200,ATM+1,PUT,24150,2026-07-17
2026-07-17 11:05:00+05:30,169.35,169.9,167.0,169.15,307645,7410195,15.835088,24262.2,24300.0,24200,ATM+1,PUT,24150,2026-07-17
2026-07-17 11:06:00+05:30,170.0,171.55,168.0,168.0,251160,7487545,15.710503,24261.9,24300.0,24200,ATM+1,PUT,24150,2026-07-17
2026-07-17 11:07:00+05:30,167.75,176.95,167.75,176.6,528710,7461350,15.759792,24246.15,24300.0,24200,ATM+1,PUT,24150,2026-07-17
2026-07-17 11:08:00+05:30,176.9,181.7,176.25,178.85,1068080,7382635,15.581493,24238.35,24300.0,24200,ATM+1,PUT,24150,2026-07-17
2026-07-17 11:09:00+05:30,178.85,180.35,176.25,177.0,416325,7240610,15.585003,24241.9,24300.0,24200,ATM+1,PUT,24150,2026-07-17
2026-07-17 11:10:00+05:30,177.45,181.45,177.0,180.3,473135,7277985,15.752336,24238.9,24300.0,24200,ATM+1,PUT,24150,2026-07-17
2026-07-17 11:11:00+05:30,180.3,180.8,177.15,178.45,294255,7277400,15.668855,24240.75,24300.0,24200,ATM+1,PUT,24150,2026-07-17
2026-07-17 11:12:00+05:30,178.65,179.95,177.65,178.05,198510,7314970,15.679669,24241.7,24300.0,24200,ATM+1,PUT,24150,2026-07-17
2026-07-17 11:13:00+05:30,178.8,183.4,178.0,181.9,631150,7295730,15.859307,24237.9,24300.0,24200,ATM+1,PUT,24150,2026-07-17
2026-07-17 11:14:00+05:30,181.9,182.9,177.15,179.65,535210,7204665,15.528834,24235.7,24300.0,24200,ATM+1,PUT,24150,2026-07-17
2026-07-17 11:15:00+05:30,180.0,181.0,178.1,179.75,323310,7182435,15.706936,24238.95,24300.0,24200,ATM+1,PUT,24150,2026-07-17
2026-07-17 11:16:00+05:30,179.35,183.65,179.0,182.75,447590,7129655,15.813619,24235.35,24300.0,24200,ATM+1,PUT,24150,2026-07-17
2026-07-17 11:17:00+05:30,182.95,182.95,178.75,181.2,318630,7090330,15.877825,24239.5,24300.0,24200,ATM+1,PUT,24150,2026-07-17
2026-07-17 11:18:00+05:30,181.35,183.85,180.8,183.7,277680,7046065,15.987851,24236.9,24300.0,24200,ATM+1,PUT,24150,2026-07-17
2026-07-17 11:19:00+05:30,183.8,184.0,179.5,180.75,332800,6939660,15.946233,24241.65,24300.0,24200,ATM+1,PUT,24150,2026-07-17
2026-07-17 11:20:00+05:30,180.15,181.9,179.45,181.0,196950,6898775,15.976645,24241.75,24300.0,24200,ATM+1,PUT,24150,2026-07-17
2026-07-17 11:21:00+05:30,180.85,181.95,179.8,180.05,118105,6869330,15.883114,24241.7,24300.0,24200,ATM+1,PUT,24150,2026-07-17
2026-07-17 11:22:00+05:30,180.0,180.15,174.3,176.85,523185,6751095,15.966358,24249.45,24300.0,24200,ATM+1,PUT,24150,2026-07-17
2026-07-17 11:23:00+05:30,177.7,183.15,176.85,182.0,348530,6725810,15.908057,24238.45,24300.0,24200,ATM+1,PUT,24150,2026-07-17
2026-07-17 11:24:00+05:30,181.6,183.55,176.55,177.9,288210,6722560,15.906515,24246.2,24300.0,24200,ATM+1,PUT,24150,2026-07-17
2026-07-17 11:25:00+05:30,177.9,180.8,176.8,180.5,201825,6769425,15.982031,24242.7,24300.0,24200,ATM+1,PUT,24150,2026-07-17
2026-07-17 11:26:00+05:30,179.85,182.5,179.0,179.25,211250,6776250,15.795648,24241.4,24300.0,24200,ATM+1,PUT,24150,2026-07-17
2026-07-17 11:27:00+05:30,178.55,179.75,177.0,178.7,189735,6822985,15.850417,24243.5,24300.0,24200,ATM+1,PUT,24150,2026-07-17
2026-07-17 11:28:00+05:30,178.0,180.0,177.5,178.55,141765,6818500,15.923248,24245.2,24300.0,24200,ATM+1,PUT,24150,2026-07-17
2026-07-17 11:29:00+05:30,178.75,179.5,175.0,179.45,218855,6801080,15.89986,24243.0,24300.0,24200,ATM+1,PUT,24150,2026-07-17
2026-07-17 11:30:00+05:30,179.35,179.45,176.55,178.05,157430,6817330,15.823684,24244.15,24300.0,24200,ATM+1,PUT,24150,2026-07-17
2026-07-17 11:31:00+05:30,178.4,179.5,177.0,177.45,119795,6832605,15.870528,24246.2,24300.0,24200,ATM+1,PUT,24150,2026-07-17
2026-07-17 11:32:00+05:30,177.05,179.4,176.5,178.2,116870,6843785,15.774245,24242.85,24300.0,24200,ATM+1,PUT,24150,2026-07-17
2026-07-17 11:33:00+05:30,177.65,179.6,175.3,176.0,159965,6855095,15.870919,24248.95,24300.0,24200,ATM+1,PUT,24150,2026-07-17
2026-07-17 11:34:00+05:30,175.65,176.0,170.85,174.05,550745,6719115,15.866083,24252.6,24300.0,24200,ATM+1,PUT,24150,2026-07-17
2026-07-17 11:35:00+05:30,174.2,174.45,170.45,171.45,250575,6728215,15.910872,24258.55,24300.0,24200,ATM+1,PUT,24150,2026-07-17
2026-07-17 11:36:00+05:30,171.25,176.1,169.65,175.8,524875,6769620,15.950228,24250.85,24300.0,24200,ATM+1,PUT,24150,2026-07-17
2026-07-17 11:37:00+05:30,175.5,178.6,173.95,177.65,334750,6828575,15.931841,24246.9,24300.0,24200,ATM+1,PUT,24150,2026-07-17
2026-07-17 11:38:00+05:30,177.15,177.8,172.9,173.0,161980,6853925,15.698633,24251.2,24300.0,24200,ATM+1,PUT,24150,2026-07-17
2026-07-17 11:39:00+05:30,172.75,173.75,171.0,171.0,204295,6837805,15.797502,24257.05,24300.0,24200,ATM+1,PUT,24150,2026-07-17
2026-07-17 11:40:00+05:30,171.0,173.7,170.45,170.55,192790,6895135,15.826736,24258.5,24300.0,24200,ATM+1,PUT,24150,2026-07-17
2026-07-17 11:41:00+05:30,170.65,171.3,168.2,168.8,342225,6955585,15.894347,24263.3,24300.0,24200,ATM+1,PUT,24150,2026-07-17
2026-07-17 11:42:00+05:30,168.65,170.95,167.45,170.75,310180,7047950,15.991109,24261.4,24300.0,24200,ATM+1,PUT,24150,2026-07-17
2026-07-17 11:43:00+05:30,170.2,170.75,168.2,169.05,165555,7085780,15.861967,24262.1,24300.0,24200,ATM+1,PUT,24150,2026-07-17
2026-07-17 11:44:00+05:30,168.9,169.05,165.0,166.6,433225,7074600,15.874764,24267.2,24300.0,24200,ATM+1,PUT,24150,2026-07-17
2026-07-17 11:45:00+05:30,166.9,166.95,164.4,164.6,361530,7120295,15.892593,24271.55,24300.0,24200,ATM+1,PUT,24150,2026-07-17
2026-07-17 11:46:00+05:30,164.85,167.7,164.5,166.55,276705,7245160,15.961796,24269.05,24300.0,24200,ATM+1,PUT,24150,2026-07-17
2026-07-17 11:47:00+05:30,166.1,169.05,165.5,167.55,307320,7373405,15.928727,24266.35,24300.0,24200,ATM+1,PUT,24150,2026-07-17
2026-07-17 11:48:00+05:30,168.3,168.4,165.1,166.55,194870,7459140,15.896166,24267.65,24300.0,24200,ATM+1,PUT,24150,2026-07-17
2026-07-17 11:49:00+05:30,166.4,167.15,165.25,166.35,129610,7511920,15.877902,24267.65,24300.0,24200,ATM+1,PUT,24150,2026-07-17
2026-07-17 11:50:00+05:30,166.0,167.15,165.15,165.2,151905,7582640,15.910409,24270.6,24300.0,24200,ATM+1,PUT,24150,2026-07-17
2026-07-17 11:51:00+05:30,165.5,165.5,163.4,164.7,300430,7591870,15.947402,24272.35,24300.0,24200,ATM+1,PUT,24150,2026-07-17
2026-07-17 11:52:00+05:30,164.4,164.9,161.3,161.3,326430,7645885,15.691282,24273.85,24300.0,24200,ATM+1,PUT,24150,2026-07-17
2026-07-17 11:53:00+05:30,190.0,192.75,188.15,190.8,90480,1515345,16.260359,24278.7,24350.0,24200,ATM+1,PUT,24150,2026-07-17
2026-07-17 11:54:00+05:30,190.5,191.5,189.3,190.95,42315,1528020,16.291755,24279.0,24350.0,24200,ATM+1,PUT,24150,2026-07-17
2026-07-17 11:55:00+05:30,161.8,164.8,161.2,164.45,366600,7881055,16.045209,24274.8,24300.0,24200,ATM+1,PUT,24150,2026-07-17
2026-07-17 11:56:00+05:30,193.85,195.65,189.35,191.0,80990,1580020,16.369324,24280.35,24350.0,24200,ATM+1,PUT,24150,2026-07-17
2026-07-17 11:57:00+05:30,190.6,192.0,189.65,192.0,55380,1574040,16.415537,24279.35,24350.0,24200,ATM+1,PUT,24150,2026-07-17
2026-07-17 11:58:00+05:30,163.3,165.15,162.0,164.85,304005,8184280,16.096901,24275.0,24300.0,24200,ATM+1,PUT,24150,2026-07-17
2026-07-17 11:59:00+05:30,194.05,194.1,191.8,192.35,36270,1610245,16.373392,24277.85,24350.0,24200,ATM+1,PUT,24150,2026-07-17
2026-07-17 12:00:00+05:30,164.35,168.15,162.5,167.45,410020,8285875,16.154012,24270.9,24300.0,24200,ATM+1,PUT,24150,2026-07-17
2026-07-17 12:01:00+05:30,167.65,168.65,166.2,167.4,541840,8353930,16.017188,24268.15,24300.0,24200,ATM+1,PUT,24150,2026-07-17
2026-07-17 12:02:00+05:30,167.9,168.55,167.25,167.5,328770,8385650,15.986706,24267.3,24300.0,24200,ATM+1,PUT,24150,2026-07-17
2026-07-17 12:03:00+05:30,197.4,198.2,193.05,193.05,69160,1633580,16.322588,24275.5,24350.0,24200,ATM+1,PUT,24150,2026-07-17
2026-07-17 12:04:00+05:30,163.8,165.0,163.15,164.9,207025,8461635,16.101308,24274.85,24300.0,24200,ATM+1,PUT,24150,2026-07-17
2026-07-17 12:05:00+05:30,165.75,167.15,164.9,166.1,244465,8509150,16.190004,24274.25,24300.0,24200,ATM+1,PUT,24150,2026-07-17
2026-07-17 12:06:00+05:30,166.5,169.3,166.0,168.3,351975,8574540,16.093043,24267.8,24300.0,24200,ATM+1,PUT,24150,2026-07-17
2026-07-17 12:07:00+05:30,168.25,171.0,167.65,170.7,541190,8562385,16.109769,24263.35,24300.0,24200,ATM+1,PUT,24150,2026-07-17
2026-07-17 12:08:00+05:30,170.25,171.2,167.35,167.4,503035,8602165,16.022571,24268.1,24300.0,24200,ATM+1,PUT,24150,2026-07-17
2026-07-17 12:09:00+05:30,167.35,167.6,164.8,165.45,388310,8542430,16.129099,24274.2,24300.0,24200,ATM+1,PUT,24150,2026-07-17
2026-07-17 12:10:00+05:30,165.4,165.75,163.15,165.75,337935,8541390,16.149724,24274.0,24300.0,24200,ATM+1,PUT,24150,2026-07-17
2026-07-17 12:11:00+05:30,165.8,167.5,165.3,167.0,247390,8607495,16.154164,24271.55,24300.0,24200,ATM+1,PUT,24150,2026-07-17
2026-07-17 12:12:00+05:30,196.65,197.7,194.0,195.1,36205,1668485,16.553607,24275.9,24350.0,24200,ATM+1,PUT,24150,2026-07-17
2026-07-17 12:13:00+05:30,165.2,167.95,164.1,167.4,174135,8668270,16.144503,24270.5,24300.0,24200,ATM+1,PUT,24150,2026-07-17
2026-07-17 12:14:00+05:30,197.45,197.45,193.1,193.75,31785,1689610,16.458478,24276.55,24350.0,24200,ATM+1,PUT,24150,2026-07-17
2026-07-17 12:15:00+05:30,193.5,194.55,192.75,193.0,31785,1702740,16.593371,24280.5,24350.0,24200,ATM+1,PUT,24150,2026-07-17
2026-07-17 12:16:00+05:30,163.75,168.55,162.75,167.65,395915,8709610,16.355291,24274.3,24300.0,24200,ATM+1,PUT,24150,2026-07-17
2026-07-17 12:17:00+05:30,167.05,170.6,166.9,167.95,410085,8743995,16.284504,24272.2,24300.0,24200,ATM+1,PUT,24150,2026-07-17
2026-07-17 12:18:00+05:30,197.7,198.75,194.25,194.55,34645,1700010,16.493659,24275.65,24350.0,24200,ATM+1,PUT,24150,2026-07-17
2026-07-17 12:19:00+05:30,195.35,197.1,194.45,197.1,25090,1700010,16.732991,24275.45,24350.0,24200,ATM+1,PUT,24150,2026-07-17
2026-07-17 12:20:00+05:30,197.2,197.2,194.55,194.65,26130,1696760,16.772884,24280.75,24350.0,24200,ATM+1,PUT,24150,2026-07-17
2026-07-17 12:21:00+05:30,194.8,196.65,194.65,196.3,25155,1703130,16.869624,24279.5,24350.0,24200,ATM+1,PUT,24150,2026-07-17
2026-07-17 12:22:00+05:30,166.3,168.7,166.3,167.05,265395,8794240,16.188364,24271.9,24300.0,24200,ATM+1,PUT,24150,2026-07-17
2026-07-17 12:23:00+05:30,195.85,196.15,192.2,192.85,56940,1741610,16.616639,24281.05,24350.0,24200,ATM+1,PUT,24150,2026-07-17
2026-07-17 12:24:00+05:30,192.85,194.45,192.1,192.95,50895,1749345,16.663991,24281.75,24350.0,24200,ATM+1,PUT,24150,2026-07-17
2026-07-17 12:25:00+05:30,192.9,194.4,189.6,193.4,126490,1759420,16.549754,24278.7,24350.0,24200,ATM+1,PUT,24150,2026-07-17
2026-07-17 12:26:00+05:30,193.95,194.95,192.8,194.9,63310,1788995,16.623764,24277.3,24350.0,24200,ATM+1,PUT,24150,2026-07-17
2026-07-17 12:27:00+05:30,194.8,194.9,191.9,193.4,74555,1797575,16.544187,24278.55,24350.0,24200,ATM+1,PUT,24150,2026-07-17
2026-07-17 12:28:00+05:30,193.0,194.3,192.05,193.3,23920,1818960,16.501476,24277.9,24350.0,24200,ATM+1,PUT,24150,2026-07-17
2026-07-17 12:29:00+05:30,193.3,196.4,193.3,195.25,72930,1823445,16.679747,24277.65,24350.0,24200,ATM+1,PUT,24150,2026-07-17
2026-07-17 12:30:00+05:30,166.75,168.0,165.7,166.8,402350,9249370,16.300843,24274.55,24300.0,24200,ATM+1,PUT,24150,2026-07-17
2026-07-17 12:31:00+05:30,195.95,196.8,194.0,194.0,54470,1855945,16.531177,24277.1,24350.0,24200,ATM+1,PUT,24150,2026-07-17
2026-07-17 12:32:00+05:30,164.8,167.0,164.15,166.95,223665,9205950,16.279231,24273.75,24300.0,24200,ATM+1,PUT,24150,2026-07-17
2026-07-17 12:33:00+05:30,195.8,196.65,193.0,193.2,53885,1834625,16.630998,24280.45,24350.0,24200,ATM+1,PUT,24150,2026-07-17
2026-07-17 12:34:00+05:30,192.65,193.5,191.45,193.5,64675,1812980,16.697945,24281.15,24350.0,24200,ATM+1,PUT,24150,2026-07-17
2026-07-17 12:35:00+05:30,193.9,194.0,192.3,193.9,24050,1816880,16.745937,24281.3,24350.0,24200,ATM+1,PUT,24150,2026-07-17
2026-07-17 12:36:00+05:30,193.15,194.0,192.2,193.45,30485,1812850,16.721454,24281.65,24350.0,24200,ATM+1,PUT,24150,2026-07-17
2026-07-17 12:37:00+05:30,193.2,195.0,191.95,194.8,22035,1803750,16.710663,24278.9,24350.0,24200,ATM+1,PUT,24150,2026-07-17
2026-07-17 12:38:00+05:30,194.7,196.05,193.5,194.9,47515,1805895,16.70062,24278.5,24350.0,24200,ATM+1,PUT,24150,2026-07-17
2026-07-17 12:39:00+05:30,193.8,195.3,193.0,195.0,28275,1809860,16.672184,24277.75,24350.0,24200,ATM+1,PUT,24150,2026-07-17
2026-07-17 12:40:00+05:30,165.4,168.95,165.1,168.95,493090,9263475,16.133578,24266.55,24300.0,24200,ATM+1,PUT,24150,2026-07-17
2026-07-17 12:41:00+05:30,168.5,170.95,166.25,166.25,757185,9286745,15.993981,24269.05,24300.0,24200,ATM+1,PUT,24150,2026-07-17
2026-07-17 12:42:00+05:30,195.9,196.45,192.75,192.9,71110,1809015,16.596445,24280.15,24350.0,24200,ATM+1,PUT,24150,2026-07-17
2026-07-17 12:43:00+05:30,163.0,167.25,163.0,166.4,284440,9254505,16.298524,24275.0,24300.0,24200,ATM+1,PUT,24150,2026-07-17
2026-07-17 12:44:00+05:30,195.75,196.2,193.25,193.55,35880,1808495,16.499489,24277.05,24350.0,24200,ATM+1,PUT,24150,2026-07-17
2026-07-17 12:45:00+05:30,193.45,193.55,189.0,189.6,119340,1817270,16.452611,24283.5,24350.0,24200,ATM+1,PUT,24150,2026-07-17
2026-07-17 12:46:00+05:30,189.75,192.5,189.6,191.7,47840,1846390,16.593595,24282.25,24350.0,24200,ATM+1,PUT,24150,2026-07-17
2026-07-17 12:47:00+05:30,191.75,192.55,190.3,190.4,34580,1859065,16.691067,24286.55,24350.0,24200,ATM+1,PUT,24150,2026-07-17
2026-07-17 12:48:00+05:30,190.35,191.5,188.4,188.85,69810,1870440,16.577243,24287.25,24350.0,24200,ATM+1,PUT,24150,2026-07-17
2026-07-17 12:49:00+05:30,185.85,188.85,175.35,181.0,442065,1841255,16.159865,24294.0,24350.0,24200,ATM+1,PUT,24150,2026-07-17
2026-07-17 12:50:00+05:30,181.5,190.8,181.0,190.8,225160,1818765,16.580668,24283.6,24350.0,24200,ATM+1,PUT,24150,2026-07-17
2026-07-17 12:51:00+05:30,192.0,193.2,189.05,190.55,171340,1849445,16.440088,24281.35,24350.0,24200,ATM+1,PUT,24150,2026-07-17
2026-07-17 12:52:00+05:30,190.0,192.7,189.6,192.25,64415,1883375,16.523542,24279.75,24350.0,24200,ATM+1,PUT,24150,2026-07-17
2026-07-17 12:53:00+05:30,163.25,166.85,162.6,165.0,748150,9666150,16.053172,24272.5,24300.0,24200,ATM+1,PUT,24150,2026-07-17
2026-07-17 12:54:00+05:30,165.45,168.25,165.0,167.4,758680,9643270,16.35555,24273.9,24300.0,24200,ATM+1,PUT,24150,2026-07-17
2026-07-17 12:55:00+05:30,166.7,169.0,163.95,169.0,615485,9671935,16.381925,24271.2,24300.0,24200,ATM+1,PUT,24150,2026-07-17
2026-07-17 12:56:00+05:30,168.45,169.1,165.1,165.95,450645,9718865,16.248019,24274.55,24300.0,24200,ATM+1,PUT,24150,2026-07-17
2026-07-17 12:57:00+05:30,195.05,195.05,189.6,192.15,127010,1913860,16.550973,24280.35,24350.0,24200,ATM+1,PUT,24150,2026-07-17
2026-07-17 12:58:00+05:30,192.85,194.0,190.2,193.9,46410,1913015,16.649783,24278.95,24350.0,24200,ATM+1,PUT,24150,2026-07-17
2026-07-17 12:59:00+05:30,192.85,193.9,189.8,190.3,60060,1932255,16.526629,24283.3,24350.0,24200,ATM+1,PUT,24150,2026-07-17
2026-07-17 13:00:00+05:30,187.7,191.4,187.0,190.2,76180,1936220,16.491949,24282.8,24350.0,24200,ATM+1,PUT,24150,2026-07-17
2026-07-17 13:01:00+05:30,190.45,190.65,186.4,188.8,83590,1949870,16.405833,24283.75,24350.0,24200,ATM+1,PUT,24150,2026-07-17
2026-07-17 13:02:00+05:30,189.0,191.7,188.3,191.7,42250,1956565,16.423452,24278.65,24350.0,24200,ATM+1,PUT,24150,2026-07-17
2026-07-17 13:03:00+05:30,191.4,193.45,190.1,191.5,59540,1974440,16.51269,24280.7,24350.0,24200,ATM+1,PUT,24150,2026-07-17
2026-07-17 13:04:00+05:30,191.05,191.55,189.1,191.05,28990,1987960,16.42524,24279.85,24350.0,24200,ATM+1,PUT,24150,2026-07-17
2026-07-17 13:05:00+05:30,191.25,192.8,190.8,191.15,36335,1996085,16.501717,24281.1,24350.0,24200,ATM+1,PUT,24150,2026-07-17
2026-07-17 13:06:00+05:30,191.3,192.3,189.05,189.65,46150,2007460,16.505056,24283.95,24350.0,24200,ATM+1,PUT,24150,2026-07-17
2026-07-17 13:07:00+05:30,189.9,194.85,188.4,194.8,78000,1999595,16.616621,24276.45,24350.0,24200,ATM+1,PUT,24150,2026-07-17
2026-07-17 13:08:00+05:30,194.25,194.8,192.1,192.75,60320,1989195,16.590911,24279.75,24350.0,24200,ATM+1,PUT,24150,2026-07-17
2026-07-17 13:09:00+05:30,192.75,193.8,192.0,193.3,36140,1998490,16.553855,24278.0,24350.0,24200,ATM+1,PUT,24150,2026-07-17
2026-07-17 13:10:00+05:30,193.8,193.9,191.4,192.2,48815,2009215,16.526273,24279.5,24350.0,24200,ATM+1,PUT,24150,2026-07-17
2026-07-17 13:11:00+05:30,192.15,193.0,190.35,193.0,32890,2006875,16.595218,24279.3,24350.0,24200,ATM+1,PUT,24150,2026-07-17
2026-07-17 13:12:00+05:30,192.25,194.7,191.3,194.35,39390,2006680,16.625876,24277.35,24350.0,24200,ATM+1,PUT,24150,2026-07-17
2026-07-17 13:13:00+05:30,195.6,195.6,191.4,192.0,64870,1989845,16.349242,24276.45,24350.0,24200,ATM+1,PUT,24150,2026-07-17
2026-07-17 13:14:00+05:30,191.4,192.9,189.8,191.8,51415,1999465,16.651553,24282.55,24350.0,24200,ATM+1,PUT,24150,2026-07-17
2026-07-17 13:15:00+05:30,162.6,169.65,162.0,168.15,723515,10113090,16.356228,24271.9,24300.0,24200,ATM+1,PUT,24150,2026-07-17
2026-07-17 13:16:00+05:30,166.65,167.75,165.6,165.9,381810,10073830,16.181566,24272.8,24300.0,24200,ATM+1,PUT,24150,2026-07-17
2026-07-17 13:17:00+05:30,196.0,197.7,195.0,195.3,47840,1984970,16.621663,24275.4,24350.0,24200,ATM+1,PUT,24150,2026-07-17
2026-07-17 13:18:00+05:30,166.0,167.15,163.8,166.05,285025,10048805,16.186377,24272.55,24300.0,24200,ATM+1,PUT,24150,2026-07-17
2026-07-17 13:19:00+05:30,165.85,168.0,165.45,167.65,232440,10024170,16.4307,24274.35,24300.0,24200,ATM+1,PUT,24150,2026-07-17
2026-07-17 13:20:00+05:30,197.35,198.05,194.0,195.75,65585,1977430,16.769746,24277.3,24350.0,24200,ATM+1,PUT,24150,2026-07-17
2026-07-17 13:21:00+05:30,196.0,197.55,195.0,197.15,47450,1993550,16.916035,24277.45,24350.0,24200,ATM+1,PUT,24150,2026-07-17
2026-07-17 13:22:00+05:30,166.1,167.4,165.55,165.9,184600,10056670,16.263444,24274.35,24300.0,24200,ATM+1,PUT,24150,2026-07-17
2026-07-17 13:23:00+05:30,166.15,168.8,165.0,168.7,225550,10057970,16.280467,24269.05,24300.0,24200,ATM+1,PUT,24150,2026-07-17
2026-07-17 13:24:00+05:30,167.7,171.3,166.4,171.1,746980,10049910,16.388656,24266.45,24300.0,24200,ATM+1,PUT,24150,2026-07-17
2026-07-17 13:25:00+05:30,171.1,173.5,166.95,167.3,1100515,10052055,16.126572,24268.65,24300.0,24200,ATM+1,PUT,24150,2026-07-17
2026-07-17 13:26:00+05:30,166.2,171.5,165.8,170.4,605865,10176010,16.251371,24265.0,24300.0,24200,ATM+1,PUT,24150,2026-07-17
2026-07-17 13:27:00+05:30,170.6,173.45,170.4,173.45,548600,10152090,16.39489,24261.85,24300.0,24200,ATM+1,PUT,24150,2026-07-17
2026-07-17 13:28:00+05:30,172.7,173.45,171.25,172.4,693030,10146825,16.233969,24260.65,24300.0,24200,ATM+1,PUT,24150,2026-07-17
2026-07-17 13:29:00+05:30,172.15,172.4,167.55,170.9,642200,10010650,16.416626,24267.3,24300.0,24200,ATM+1,PUT,24150,2026-07-17
2026-07-17 13:30:00+05:30,170.5,170.95,168.1,168.95,254280,9950525,16.347139,24269.75,24300.0,24200,ATM+1,PUT,24150,2026-07-17
2026-07-17 13:31:00+05:30,168.55,170.8,166.2,170.3,462020,9929725,16.397088,24268.05,24300.0,24200,ATM+1,PUT,24150,2026-07-17
2026-07-17 13:32:00+05:30,169.85,172.75,169.0,170.75,489970,9968270,16.366231,24266.5,24300.0,24200,ATM+1,PUT,24150,2026-07-17
2026-07-17 13:33:00+05:30,171.05,172.8,170.75,171.35,310505,10038860,16.300493,24263.95,24300.0,24200,ATM+1,PUT,24150,2026-07-17
2026-07-17 13:34:00+05:30,170.9,172.45,169.35,169.8,305370,10000640,16.236417,24265.7,24300.0,24200,ATM+1,PUT,24150,2026-07-17
2026-07-17 13:35:00+05:30,169.2,169.8,167.25,168.45,256230,10013445,16.198952,24267.6,24300.0,24200,ATM+1,PUT,24150,2026-07-17
2026-07-17 13:36:00+05:30,168.35,168.55,164.2,167.95,658255,9957415,16.25885,24269.8,24300.0,24200,ATM+1,PUT,24150,2026-07-17
2026-07-17 13:37:00+05:30,168.35,172.0,167.0,171.9,460850,9805900,16.395877,24264.7,24300.0,24200,ATM+1,PUT,24150,2026-07-17
2026-07-17 13:38:00+05:30,171.0,172.3,169.75,171.5,372710,9815390,16.412108,24265.8,24300.0,24200,ATM+1,PUT,24150,2026-07-17
2026-07-17 13:39:00+05:30,171.5,171.75,169.0,169.8,200655,9846785,16.428474,24269.5,24300.0,24200,ATM+1,PUT,24150,2026-07-17
2026-07-17 13:40:00+05:30,170.1,176.7,169.8,175.5,1040585,9773205,16.431408,24258.25,24300.0,24200,ATM+1,PUT,24150,2026-07-17
2026-07-17 13:41:00+05:30,175.3,180.1,173.3,173.3,1197430,9631960,16.036835,24254.65,24300.0,24200,ATM+1,PUT,24150,2026-07-17
2026-07-17 13:42:00+05:30,172.95,179.9,172.95,177.85,691600,9720750,16.309201,24251.2,24300.0,24200,ATM+1,PUT,24150,2026-07-17
2026-07-17 13:43:00+05:30,178.0,179.8,176.05,176.1,723580,9646000,15.994078,24248.35,24300.0,24200,ATM+1,PUT,24150,2026-07-17
2026-07-17 13:44:00+05:30,176.45,179.65,174.25,175.55,561860,9513465,16.240357,24254.25,24300.0,24200,ATM+1,PUT,24150,2026-07-17
2026-07-17 13:45:00+05:30,176.85,179.0,175.55,176.6,366470,9484605,16.250968,24252.4,24300.0,24200,ATM+1,PUT,24150,2026-07-17
2026-07-17 13:46:00+05:30,176.9,183.05,175.65,183.05,957515,9428640,16.512552,24245.1,24300.0,24200,ATM+1,PUT,24150,2026-07-17
2026-07-17 13:47:00+05:30,182.85,186.4,182.35,184.6,1454700,9181575,16.335539,24238.7,24300.0,24200,ATM+1,PUT,24150,2026-07-17
2026-07-17 13:48:00+05:30,183.35,184.8,180.0,180.05,715520,8872565,16.320542,24247.05,24300.0,24200,ATM+1,PUT,24150,2026-07-17
2026-07-17 13:49:00+05:30,180.95,184.5,179.8,184.5,370955,8791640,16.39289,24239.95,24300.0,24200,ATM+1,PUT,24150,2026-07-17
2026-07-17 13:50:00+05:30,183.75,188.45,183.3,187.45,1158040,8658260,16.006101,24227.05,24300.0,24200,ATM+1,PUT,24150,2026-07-17
2026-07-17 13:51:00+05:30,158.25,163.75,157.25,161.85,2314715,10674885,15.519634,24215.95,24250.0,24200,ATM+1,PUT,24150,2026-07-17
2026-07-17 13:52:00+05:30,161.65,161.85,157.65,160.2,1050140,10253880,15.673054,24222.35,24250.0,24200,ATM+1,PUT,24150,2026-07-17
2026-07-17 13:53:00+05:30,190.45,190.8,186.75,188.0,477815,8013850,16.180642,24229.25,24300.0,24200,ATM+1,PUT,24150,2026-07-17
2026-07-17 13:54:00+05:30,186.8,188.35,183.0,184.6,549315,7948135,15.99258,24232.0,24300.0,24200,ATM+1,PUT,24150,2026-07-17
2026-07-17 13:55:00+05:30,185.0,187.65,180.0,181.95,659165,7858045,15.96955,24236.5,24300.0,24200,ATM+1,PUT,24150,2026-07-17
2026-07-17 13:56:00+05:30,183.35,186.0,181.95,183.6,329550,7791615,15.935974,24232.75,24300.0,24200,ATM+1,PUT,24150,2026-07-17
2026-07-17 13:57:00+05:30,182.7,184.55,181.0,181.55,289835,7739030,15.785407,24233.7,24300.0,24200,ATM+1,PUT,24150,2026-07-17
2026-07-17 13:58:00+05:30,181.75,183.6,180.25,181.35,523770,7917585,15.971417,24237.6,24300.0,24200,ATM+1,PUT,24150,2026-07-17
2026-07-17 13:59:00+05:30,180.55,181.35,168.5,171.25,1089075,7825870,15.625588,24250.1,24300.0,24200,ATM+1,PUT,24150,2026-07-17
2026-07-17 14:00:00+05:30,172.25,175.2,170.95,172.55,482820,7716475,15.687895,24248.8,24300.0,24200,ATM+1,PUT,24150,2026-07-17
2026-07-17 14:01:00+05:30,172.25,176.0,170.9,174.3,362375,7721090,15.758358,24246.8,24300.0,24200,ATM+1,PUT,24150,2026-07-17
2026-07-17 14:02:00+05:30,174.6,177.85,174.15,176.25,359905,7611890,15.786256,24243.6,24300.0,24200,ATM+1,PUT,24150,2026-07-17
2026-07-17 14:03:00+05:30,176.0,176.85,173.75,173.75,249600,7670780,15.678331,24246.25,24300.0,24200,ATM+1,PUT,24150,2026-07-17
2026-07-17 14:04:00+05:30,173.45,173.8,170.85,172.25,335920,7681050,15.741952,24250.35,24300.0,24200,ATM+1,PUT,24150,2026-07-17
2026-07-17 14:05:00+05:30,172.55,172.55,167.8,169.85,456950,7729085,15.72823,24254.7,24300.0,24200,ATM+1,PUT,24150,2026-07-17
2026-07-17 14:06:00+05:30,169.85,174.3,169.65,174.3,351000,7689175,15.909701,24249.65,24300.0,24200,ATM+1,PUT,24150,2026-07-17
2026-07-17 14:07:00+05:30,173.8,174.6,171.5,171.95,297245,7786740,15.751477,24251.05,24300.0,24200,ATM+1,PUT,24150,2026-07-17
2026-07-17 14:08:00+05:30,172.55,175.5,170.85,173.45,220610,7796685,15.902358,24251.1,24300.0,24200,ATM+1,PUT,24150,2026-07-17
2026-07-17 14:09:00+05:30,173.4,173.7,171.5,172.0,127660,7846930,15.855093,24252.95,24300.0,24200,ATM+1,PUT,24150,2026-07-17
2026-07-17 14:10:00+05:30,172.6,172.6,170.1,170.7,209430,7824115,15.781803,24254.0,24300.0,24200,ATM+1,PUT,24150,2026-07-17
2026-07-17 14:11:00+05:30,170.4,170.7,163.0,163.0,807690,7696455,15.590465,24265.25,24300.0,24200,ATM+1,PUT,24150,2026-07-17
2026-07-17 14:12:00+05:30,163.3,164.5,158.0,158.4,870675,7734090,15.452741,24271.6,24300.0,24200,ATM+1,PUT,24150,2026-07-17
2026-07-17 14:13:00+05:30,189.05,189.4,181.55,183.1,181675,1453855,15.583952,24277.25,24350.0,24200,ATM+1,PUT,24150,2026-07-17
2026-07-17 14:14:00+05:30,181.9,184.45,178.8,180.0,165230,1493115,15.455504,24280.55,24350.0,24200,ATM+1,PUT,24150,2026-07-17
2026-07-17 14:15:00+05:30,211.9,212.65,164.9,165.0,574990,1856920,14.732513,24345.4,24400.0,24200,ATM+1,PUT,24150,2026-07-17
2026-07-17 14:16:00+05:30,160.55,172.35,154.4,158.2,855855,1908400,14.952592,24362.9,24400.0,24200,ATM+1,PUT,24150,2026-07-17
2026-07-17 14:17:00+05:30,158.3,168.45,156.35,167.8,1025050,2308735,15.114031,24347.45,24400.0,24200,ATM+1,PUT,24150,2026-07-17
2026-07-17 14:18:00+05:30,173.6,177.55,167.8,173.55,658515,2423005,14.911046,24332.7,24400.0,24200,ATM+1,PUT,24150,2026-07-17
2026-07-17 14:19:00+05:30,148.4,159.65,147.5,159.65,1469585,3003910,14.903574,24308.45,24350.0,24200,ATM+1,PUT,24150,2026-07-17
2026-07-17 14:20:00+05:30,158.25,161.3,152.45,161.1,907010,2854670,15.261265,24312.75,24350.0,24200,ATM+1,PUT,24150,2026-07-17
2026-07-17 14:21:00+05:30,161.5,166.7,158.55,164.9,888355,2761005,15.465055,24309.35,24350.0,24200,ATM+1,PUT,24150,2026-07-17
2026-07-17 14:22:00+05:30,164.95,170.85,164.9,170.45,670800,2679625,15.586394,24300.95,24350.0,24200,ATM+1,PUT,24150,2026-07-17
2026-07-17 14:23:00+05:30,174.05,176.55,170.1,176.25,708500,2545400,15.733458,24292.7,24350.0,24200,ATM+1,PUT,24150,2026-07-17
2026-07-17 14:24:00+05:30,176.65,176.85,170.25,171.2,388180,2464020,15.526934,24298.3,24350.0,24200,ATM+1,PUT,24150,2026-07-17
2026-07-17 14:25:00+05:30,171.25,171.3,159.85,164.1,480545,2414490,15.288223,24307.3,24350.0,24200,ATM+1,PUT,24150,2026-07-17
2026-07-17 14:26:00+05:30,163.95,164.85,159.6,161.05,276380,2390700,15.188158,24311.25,24350.0,24200,ATM+1,PUT,24150,2026-07-17
2026-07-17 14:27:00+05:30,162.2,163.05,158.25,159.3,243035,2429700,15.002776,24310.95,24350.0,24200,ATM+1,PUT,24150,2026-07-17
2026-07-17 14:28:00+05:30,157.95,159.6,154.3,159.5,306280,2466035,14.950924,24309.5,24350.0,24200,ATM+1,PUT,24150,2026-07-17
2026-07-17 14:29:00+05:30,159.0,175.65,158.85,172.2,643240,2485405,15.065428,24287.4,24350.0,24200,ATM+1,PUT,24150,2026-07-17
2026-07-17 14:30:00+05:30,171.15,172.2,161.3,162.95,371020,2477865,15.047137,24304.65,24350.0,24200,ATM+1,PUT,24150,2026-07-17
2026-07-17 14:31:00+05:30,162.25,167.35,161.35,166.55,214045,2499835,15.180328,24300.3,24350.0,24200,ATM+1,PUT,24150,2026-07-17
2026-07-17 14:32:00+05:30,166.95,167.9,164.65,165.85,171600,2536235,15.053841,24299.15,24350.0,24200,ATM+1,PUT,24150,2026-07-17
2026-07-17 14:33:00+05:30,166.6,168.2,165.0,165.9,123435,2527135,14.874597,24295.55,24350.0,24200,ATM+1,PUT,24150,2026-07-17
2026-07-17 14:34:00+05:30,166.45,167.25,163.8,165.2,126880,2552745,14.933094,24298.0,24350.0,24200,ATM+1,PUT,24150,2026-07-17
2026-07-17 14:35:00+05:30,164.75,166.8,164.05,166.3,80665,2558075,15.075576,24298.65,24350.0,24200,ATM+1,PUT,24150,2026-07-17
2026-07-17 14:36:00+05:30,165.95,170.25,165.8,169.05,189345,2557100,15.068322,24293.25,24350.0,24200,ATM+1,PUT,24150,2026-07-17
2026-07-17 14:37:00+05:30,169.05,170.55,166.0,169.4,122850,2545010,15.093419,24293.05,24350.0,24200,ATM+1,PUT,24150,2026-07-17
2026-07-17 14:38:00+05:30,168.95,171.3,164.1,166.0,149565,2547155,15.064658,24298.95,24350.0,24200,ATM+1,PUT,24150,2026-07-17
2026-07-17 14:39:00+05:30,165.75,167.65,164.95,165.25,61555,2543060,14.938088,24297.9,24350.0,24200,ATM+1,PUT,24150,2026-07-17
2026-07-17 14:40:00+05:30,165.25,165.9,162.35,165.15,111605,2538965,15.139141,24302.0,24350.0,24200,ATM+1,PUT,24150,2026-07-17
2026-07-17 14:41:00+05:30,164.8,166.5,158.7,158.7,202735,2561455,15.003648,24311.85,24350.0,24200,ATM+1,PUT,24150,2026-07-17
2026-07-17 14:42:00+05:30,158.3,162.1,158.3,159.25,183495,2571920,14.986206,24310.4,24350.0,24200,ATM+1,PUT,24150,2026-07-17
2026-07-17 14:43:00+05:30,159.5,159.5,155.0,159.15,273065,2597790,15.062389,24312.1,24350.0,24200,ATM+1,PUT,24150,2026-07-17
2026-07-17 14:44:00+05:30,159.0,159.15,153.45,154.65,240565,2618135,14.897188,24317.65,24350.0,24200,ATM+1,PUT,24150,2026-07-17
2026-07-17 14:45:00+05:30,154.3,156.4,153.6,155.8,205075,2686125,15.102064,24319.5,24350.0,24200,ATM+1,PUT,24150,2026-07-17
2026-07-17 14:46:00+05:30,184.05,187.0,180.0,180.95,234585,2333435,15.260574,24325.05,24400.0,24200,ATM+1,PUT,24150,2026-07-17
2026-07-17 14:47:00+05:30,152.35,154.6,151.4,153.6,216515,2809495,14.991298,24321.6,24350.0,24200,ATM+1,PUT,24150,2026-07-17
2026-07-17 14:48:00+05:30,153.4,156.7,152.2,152.2,285350,2873000,14.788899,24320.25,24350.0,24200,ATM+1,PUT,24150,2026-07-17
2026-07-17 14:49:00+05:30,153.35,153.35,149.6,152.45,244920,2907970,14.997672,24324.0,24350.0,24200,ATM+1,PUT,24150,2026-07-17
2026-07-17 14:50:00+05:30,152.15,156.5,151.0,154.3,302250,2955355,14.984786,24320.0,24350.0,24200,ATM+1,PUT,24150,2026-07-17
2026-07-17 14:51:00+05:30,154.3,156.45,151.0,154.95,183105,3012360,14.904387,24317.05,24350.0,24200,ATM+1,PUT,24150,2026-07-17
2026-07-17 14:52:00+05:30,155.4,155.5,153.3,154.7,143000,3058900,15.006523,24319.6,24350.0,24200,ATM+1,PUT,24150,2026-07-17
2026-07-17 14:53:00+05:30,155.0,158.3,152.7,153.45,277940,3012035,14.929077,24320.5,24350.0,24200,ATM+1,PUT,24150,2026-07-17
2026-07-17 14:54:00+05:30,153.9,157.65,153.45,154.0,171600,3062995,15.006182,24320.95,24350.0,24200,ATM+1,PUT,24150,2026-07-17
2026-07-17 14:55:00+05:30,183.5,184.9,180.1,180.1,140400,2412670,15.312582,24327.4,24400.0,24200,ATM+1,PUT,24150,2026-07-17
2026-07-17 14:56:00+05:30,149.4,154.15,146.0,152.95,575510,3027245,15.097994,24324.9,24350.0,24200,ATM+1,PUT,24150,2026-07-17
2026-07-17 14:57:00+05:30,152.35,155.25,151.5,153.95,234585,3052985,15.036302,24321.6,24350.0,24200,ATM+1,PUT,24150,2026-07-17
2026-07-17 14:58:00+05:30,154.25,157.2,153.65,155.45,295425,3055390,14.901485,24315.85,24350.0,24200,ATM+1,PUT,24150,2026-07-17
2026-07-17 14:59:00+05:30,155.0,158.9,154.35,158.9,376740,3073200,15.03739,24311.75,24350.0,24200,ATM+1,PUT,24150,2026-07-17
2026-07-17 15:00:00+05:30,157.5,159.95,148.0,149.45,887120,3049150,14.700193,24323.7,24350.0,24200,ATM+1,PUT,24150,2026-07-17
2026-07-17 15:01:00+05:30,176.75,180.65,170.3,177.3,357890,2420210,14.945401,24325.6,24400.0,24200,ATM+1,PUT,24150,2026-07-17
2026-07-17 15:02:00+05:30,149.9,153.15,147.4,151.0,406055,3087695,14.886175,24324.35,24350.0,24200,ATM+1,PUT,24150,2026-07-17
2026-07-17 15:03:00+05:30,151.0,155.0,149.5,154.4,267800,3123965,14.907481,24317.95,24350.0,24200,ATM+1,PUT,24150,2026-07-17
2026-07-17 15:04:00+05:30,155.0,156.0,152.0,153.4,367835,3078010,15.011788,24322.05,24350.0,24200,ATM+1,PUT,24150,2026-07-17
2026-07-17 15:05:00+05:30,182.0,182.9,176.65,177.85,147745,2406235,15.109024,24327.55,24400.0,24200,ATM+1,PUT,24150,2026-07-17
2026-07-17 15:06:00+05:30,177.75,178.7,174.8,176.55,151450,2401425,15.123681,24330.2,24400.0,24200,ATM+1,PUT,24150,2026-07-17
2026-07-17 15:07:00+05:30,176.7,177.5,172.05,174.1,181025,2387450,15.101067,24334.3,24400.0,24200,ATM+1,PUT,24150,2026-07-17
2026-07-17 15:08:00+05:30,174.8,178.25,174.1,176.7,128830,2374840,15.241896,24332.1,24400.0,24200,ATM+1,PUT,24150,2026-07-17
2026-07-17 15:09:00+05:30,177.55,178.5,174.8,176.85,92040,2365220,15.334747,24333.55,24400.0,24200,ATM+1,PUT,24150,2026-07-17
2026-07-17 15:10:00+05:30,177.0,178.2,176.05,176.5,91260,2357225,15.205665,24331.75,24400.0,24200,ATM+1,PUT,24150,2026-07-17
2026-07-17 15:11:00+05:30,176.35,176.8,173.4,175.15,120055,2350725,15.100063,24332.25,24400.0,24200,ATM+1,PUT,24150,2026-07-17
2026-07-17 15:12:00+05:30,175.1,175.45,170.4,173.0,227760,2299310,15.090399,24336.05,24400.0,24200,ATM+1,PUT,24150,2026-07-17
2026-07-17 15:13:00+05:30,173.25,176.4,173.0,174.05,116155,2269670,15.134257,24334.9,24400.0,24200,ATM+1,PUT,24150,2026-07-17
2026-07-17 15:14:00+05:30,175.0,181.65,174.05,180.5,253045,2188875,15.444912,24328.75,24400.0,24200,ATM+1,PUT,24150,2026-07-17
2026-07-17 15:15:00+05:30,153.4,158.1,151.5,154.55,662675,2828865,15.224625,24323.85,24350.0,24200,ATM+1,PUT,24150,2026-07-17
2026-07-17 15:16:00+05:30,155.25,157.2,154.55,155.15,299455,2769000,15.238314,24322.9,24350.0,24200,ATM+1,PUT,24150,2026-07-17
2026-07-17 15:17:00+05:30,184.9,184.9,179.6,182.05,158210,2074800,15.429509,24325.55,24400.0,24200,ATM+1,PUT,24150,2026-07-17
2026-07-17 15:18:00+05:30,182.0,184.95,180.6,184.95,102245,2038075,15.891812,24328.8,24400.0,24200,ATM+1,PUT,24150,2026-07-17
2026-07-17 15:19:00+05:30,184.15,184.95,182.0,183.85,94835,2009930,15.794896,24329.0,24400.0,24200,ATM+1,PUT,24150,2026-07-17
2026-07-17 15:20:00+05:30,184.65,184.8,181.55,182.1,108680,1976455,15.833235,24332.95,24400.0,24200,ATM+1,PUT,24150,2026-07-17
2026-07-17 15:21:00+05:30,182.35,182.8,173.05,173.05,213005,1924260,14.951079,24333.15,24400.0,24200,ATM+1,PUT,24150,2026-07-17
2026-07-17 15:22:00+05:30,174.5,174.85,170.75,174.3,210860,1872390,15.271532,24336.85,24400.0,24200,ATM+1,PUT,24150,2026-07-17
2026-07-17 15:23:00+05:30,174.3,174.9,172.55,172.55,122915,1843400,15.157835,24337.95,24400.0,24200,ATM+1,PUT,24150,2026-07-17
2026-07-17 15:24:00+05:30,172.3,172.55,167.85,171.05,242450,1814995,15.264763,24342.8,24400.0,24200,ATM+1,PUT,24150,2026-07-17
2026-07-17 15:25:00+05:30,171.55,173.9,170.3,171.95,177840,1796470,15.468713,24345.0,24400.0,24200,ATM+1,PUT,24150,2026-07-17
2026-07-17 15:26:00+05:30,172.6,172.75,169.25,171.6,177970,1751100,15.321142,24342.8,24400.0,24200,ATM+1,PUT,24150,2026-07-17
2026-07-17 15:27:00+05:30,171.8,171.8,167.5,167.65,184860,1707940,14.995251,24344.0,24400.0,24200,ATM+1,PUT,24150,2026-07-17
2026-07-17 15:28:00+05:30,168.3,169.0,161.35,162.5,293280,1665950,14.247395,24339.4,24400.0,24200,ATM+1,PUT,24150,2026-07-17
2026-07-17 15:29:00+05:30,162.65,163.05,157.6,157.8,309790,1627015,14.166614,24346.7,24400.0,24200,ATM+1,PUT,24150,2026-07-17
2026-07-17 09:15:00+05:30,61.45,75.5,54.7,75.45,1602900,3075410,10.266109,24151.25,24250.0,24250,ATM+2,CALL,24150,2026-07-17
2026-07-17 09:16:00+05:30,78.8,82.35,75.15,82.35,1763775,3384940,10.144718,24171.0,24250.0,24250,ATM+2,CALL,24150,2026-07-17
2026-07-17 09:17:00+05:30,64.0,67.15,63.4,65.2,1712490,6451705,10.173609,24176.15,24300.0,24250,ATM+2,CALL,24150,2026-07-17
2026-07-17 09:18:00+05:30,65.6,71.85,65.1,71.05,1318070,6561815,10.344541,24187.4,24300.0,24250,ATM+2,CALL,24150,2026-07-17
2026-07-17 09:19:00+05:30,72.2,74.75,70.15,71.95,1707420,6633510,10.418789,24187.85,24300.0,24250,ATM+2,CALL,24150,2026-07-17
2026-07-17 09:20:00+05:30,71.5,74.1,68.95,70.55,1378455,6710015,10.282923,24187.75,24300.0,24250,ATM+2,CALL,24150,2026-07-17
2026-07-17 09:21:00+05:30,70.5,70.9,67.55,68.25,903565,6912165,10.128179,24185.75,24300.0,24250,ATM+2,CALL,24150,2026-07-17
2026-07-17 09:22:00+05:30,68.4,70.75,67.7,70.65,698230,7041450,10.256777,24188.75,24300.0,24250,ATM+2,CALL,24150,2026-07-17
2026-07-17 09:23:00+05:30,70.2,71.05,67.95,67.95,580190,7160985,10.084729,24186.15,24300.0,24250,ATM+2,CALL,24150,2026-07-17
2026-07-17 09:24:00+05:30,67.9,72.3,67.15,72.05,795340,7229170,10.278197,24191.9,24300.0,24250,ATM+2,CALL,24150,2026-07-17
2026-07-17 09:25:00+05:30,71.35,75.85,71.35,74.8,1661660,7330180,10.282872,24198.85,24300.0,24250,ATM+2,CALL,24150,2026-07-17
2026-07-17 09:26:00+05:30,75.0,76.7,73.25,73.55,1028235,7517380,10.122291,24199.8,24300.0,24250,ATM+2,CALL,24150,2026-07-17
2026-07-17 09:27:00+05:30,74.2,76.75,72.45,75.45,1073670,7610200,10.191505,24202.85,24300.0,24250,ATM+2,CALL,24150,2026-07-17
2026-07-17 09:28:00+05:30,75.6,76.0,74.6,75.75,447135,7652190,10.144727,24204.8,24300.0,24250,ATM+2,CALL,24150,2026-07-17
2026-07-17 09:29:00+05:30,75.25,78.65,75.0,78.45,804960,7682285,10.203516,24210.0,24300.0,24250,ATM+2,CALL,24150,2026-07-17
2026-07-17 09:30:00+05:30,78.5,79.7,73.35,75.1,1454375,7721805,10.126138,24203.7,24300.0,24250,ATM+2,CALL,24150,2026-07-17
2026-07-17 09:31:00+05:30,75.1,76.15,70.95,71.4,854100,7787455,10.02841,24196.85,24300.0,24250,ATM+2,CALL,24150,2026-07-17
2026-07-17 09:32:00+05:30,71.45,74.8,69.35,74.75,831350,7863245,10.033868,24205.2,24300.0,24250,ATM+2,CALL,24150,2026-07-17
2026-07-17 09:33:00+05:30,74.85,77.7,73.35,76.1,809575,7942415,9.94785,24210.7,24300.0,24250,ATM+2,CALL,24150,2026-07-17
2026-07-17 09:34:00+05:30,76.65,79.45,73.25,73.45,1111955,8014240,9.851437,24206.6,24300.0,24250,ATM+2,CALL,24150,2026-07-17
2026-07-17 09:35:00+05:30,74.2,74.9,73.05,73.05,414700,8066955,9.794904,24207.05,24300.0,24250,ATM+2,CALL,24150,2026-07-17
2026-07-17 09:36:00+05:30,73.05,74.4,71.1,74.0,516425,8115900,9.79593,24209.4,24300.0,24250,ATM+2,CALL,24150,2026-07-17
2026-07-17 09:37:00+05:30,74.0,77.4,72.75,77.15,705185,8156655,9.829721,24216.25,24300.0,24250,ATM+2,CALL,24150,2026-07-17
2026-07-17 09:38:00+05:30,77.5,79.45,76.25,78.7,1033435,8186880,9.764335,24221.55,24300.0,24250,ATM+2,CALL,24150,2026-07-17
2026-07-17 09:39:00+05:30,79.0,79.85,76.2,76.7,817700,8258380,9.668668,24219.15,24300.0,24250,ATM+2,CALL,24150,2026-07-17
2026-07-17 09:40:00+05:30,76.4,79.35,75.5,77.95,716560,8300435,9.713673,24221.05,24300.0,24250,ATM+2,CALL,24150,2026-07-17
2026-07-17 09:41:00+05:30,77.85,79.3,77.05,78.0,550615,8363290,9.671908,24222.2,24300.0,24250,ATM+2,CALL,24150,2026-07-17
2026-07-17 09:42:00+05:30,78.4,79.7,77.5,78.95,652730,8365045,9.661609,24224.7,24300.0,24250,ATM+2,CALL,24150,2026-07-17
2026-07-17 09:43:00+05:30,60.5,62.9,60.35,62.0,538070,2944370,9.88546,24225.15,24350.0,24250,ATM+2,CALL,24150,2026-07-17
2026-07-17 09:44:00+05:30,63.05,65.8,60.7,63.8,805935,2881580,9.84373,24231.3,24350.0,24250,ATM+2,CALL,24150,2026-07-17
2026-07-17 09:45:00+05:30,63.75,69.35,63.75,65.95,1040000,2939235,9.943616,24234.5,24350.0,24250,ATM+2,CALL,24150,2026-07-17
2026-07-17 09:46:00+05:30,66.5,69.25,64.75,67.45,583635,2979860,9.832848,24241.45,24350.0,24250,ATM+2,CALL,24150,2026-07-17
2026-07-17 09:47:00+05:30,67.75,70.25,66.05,66.65,864175,3033940,9.946772,24236.35,24350.0,24250,ATM+2,CALL,24150,2026-07-17
2026-07-17 09:48:00+05:30,66.75,69.65,66.1,68.25,288600,3082040,9.968736,24240.05,24350.0,24250,ATM+2,CALL,24150,2026-07-17
2026-07-17 09:49:00+05:30,68.6,68.7,66.3,66.9,312195,3102580,9.955126,24236.85,24350.0,24250,ATM+2,CALL,24150,2026-07-17
2026-07-17 09:50:00+05:30,67.25,70.1,66.9,69.05,348010,3109535,9.930469,24243.2,24350.0,24250,ATM+2,CALL,24150,2026-07-17
2026-07-17 09:51:00+05:30,69.05,69.05,63.95,63.95,439465,3091140,9.954961,24228.9,24350.0,24250,ATM+2,CALL,24150,2026-07-17
2026-07-17 09:52:00+05:30,64.35,65.0,62.8,63.0,336700,3093545,9.819977,24229.95,24350.0,24250,ATM+2,CALL,24150,2026-07-17
2026-07-17 09:53:00+05:30,63.15,65.9,62.55,65.8,306410,3100695,9.988849,24233.1,24350.0,24250,ATM+2,CALL,24150,2026-07-17
2026-07-17 09:54:00+05:30,65.95,70.2,65.25,68.2,512005,3051165,9.971563,24240.0,24350.0,24250,ATM+2,CALL,24150,2026-07-17
2026-07-17 09:55:00+05:30,68.0,68.2,63.55,64.5,340535,2958150,9.966797,24230.2,24350.0,24250,ATM+2,CALL,24150,2026-07-17
2026-07-17 09:56:00+05:30,82.4,82.65,77.85,79.25,1096485,8666255,9.771503,24223.1,24300.0,24250,ATM+2,CALL,24150,2026-07-17
2026-07-17 09:57:00+05:30,79.15,79.25,75.5,77.0,734565,8704410,9.70753,24219.35,24300.0,24250,ATM+2,CALL,24150,2026-07-17
2026-07-17 09:58:00+05:30,59.1,62.75,58.7,62.6,284050,2994420,9.818195,24229.05,24350.0,24250,ATM+2,CALL,24150,2026-07-17
2026-07-17 09:59:00+05:30,62.95,63.45,61.3,63.45,309530,3020160,9.91357,24228.85,24350.0,24250,ATM+2,CALL,24150,2026-07-17
2026-07-17 10:00:00+05:30,81.7,83.85,76.25,76.55,775970,8765055,9.571354,24221.65,24300.0,24250,ATM+2,CALL,24150,2026-07-17
2026-07-17 10:01:00+05:30,76.6,79.05,71.5,72.45,877695,8827390,9.54862,24212.35,24300.0,24250,ATM+2,CALL,24150,2026-07-17
2026-07-17 10:02:00+05:30,73.05,74.65,72.45,73.4,714740,8822840,9.499656,24215.9,24300.0,24250,ATM+2,CALL,24150,2026-07-17
2026-07-17 10:03:00+05:30,73.55,74.25,72.0,73.85,622830,8871590,9.5836,24214.95,24300.0,24250,ATM+2,CALL,24150,2026-07-17
2026-07-17 10:04:00+05:30,73.85,74.05,71.2,72.15,555945,8862620,9.435063,24214.5,24300.0,24250,ATM+2,CALL,24150,2026-07-17
2026-07-17 10:05:00+05:30,72.6,76.9,71.8,76.4,606060,8939580,9.576009,24221.3,24300.0,24250,ATM+2,CALL,24150,2026-07-17
2026-07-17 10:06:00+05:30,76.2,78.25,76.0,76.2,713505,8911110,9.499375,24222.7,24300.0,24250,ATM+2,CALL,24150,2026-07-17
2026-07-17 10:07:00+05:30,58.65,59.95,58.2,59.75,153400,3159325,9.658733,24225.65,24350.0,24250,ATM+2,CALL,24150,2026-07-17
2026-07-17 10:08:00+05:30,59.6,60.65,58.25,60.65,225940,3195335,9.681113,24227.6,24350.0,24250,ATM+2,CALL,24150,2026-07-17
2026-07-17 10:09:00+05:30,60.95,63.9,60.65,61.45,405860,3200015,9.603791,24231.95,24350.0,24250,ATM+2,CALL,24150,2026-07-17
2026-07-17 10:10:00+05:30,61.3,62.85,60.9,61.15,143715,3275350,9.622106,24230.65,24350.0,24250,ATM+2,CALL,24150,2026-07-17
2026-07-17 10:11:00+05:30,61.5,62.15,60.65,62.0,122915,3289390,9.613707,24233.25,24350.0,24250,ATM+2,CALL,24150,2026-07-17
2026-07-17 10:12:00+05:30,62.4,67.0,62.0,67.0,438230,3279510,9.872176,24239.9,24350.0,24250,ATM+2,CALL,24150,2026-07-17
2026-07-17 10:13:00+05:30,66.9,69.4,66.9,67.45,539110,3229200,9.680792,24246.1,24350.0,24250,ATM+2,CALL,24150,2026-07-17
2026-07-17 10:14:00+05:30,67.45,67.45,64.0,64.0,298285,3211845,9.572536,24239.85,24350.0,24250,ATM+2,CALL,24150,2026-07-17
2026-07-17 10:15:00+05:30,64.45,67.85,63.6,67.05,315380,3230305,9.657969,24245.7,24350.0,24250,ATM+2,CALL,24150,2026-07-17
2026-07-17 10:16:00+05:30,67.45,68.8,67.0,67.45,281515,3264430,9.643156,24247.15,24350.0,24250,ATM+2,CALL,24150,2026-07-17
2026-07-17 10:17:00+05:30,67.3,73.65,67.1,72.8,582140,3274570,9.924114,24253.65,24350.0,24250,ATM+2,CALL,24150,2026-07-17
2026-07-17 10:18:00+05:30,72.85,94.95,72.6,90.2,2157545,3083665,10.782286,24274.45,24350.0,24250,ATM+2,CALL,24150,2026-07-17
2026-07-17 10:19:00+05:30,90.35,93.95,84.2,86.6,1591980,3007745,10.453766,24273.95,24350.0,24250,ATM+2,CALL,24150,2026-07-17
2026-07-17 10:20:00+05:30,86.5,89.25,82.9,83.05,792805,3090815,10.40842,24266.75,24350.0,24250,ATM+2,CALL,24150,2026-07-17
2026-07-17 10:21:00+05:30,83.2,84.9,81.85,82.4,562835,3139955,10.28162,24268.3,24350.0,24250,ATM+2,CALL,24150,2026-07-17
2026-07-17 10:22:00+05:30,82.15,82.7,79.35,79.5,596895,3248830,10.217924,24262.95,24350.0,24250,ATM+2,CALL,24150,2026-07-17
2026-07-17 10:23:00+05:30,79.65,79.65,77.25,78.2,405925,3250260,10.259275,24258.8,24350.0,24250,ATM+2,CALL,24150,2026-07-17
2026-07-17 10:24:00+05:30,78.2,78.6,75.6,77.9,402675,3282240,10.359462,24255.6,24350.0,24250,ATM+2,CALL,24150,2026-07-17
2026-07-17 10:25:00+05:30,78.55,81.3,76.15,81.15,356265,3313245,10.34447,24263.9,24350.0,24250,ATM+2,CALL,24150,2026-07-17
2026-07-17 10:26:00+05:30,80.35,81.15,78.55,80.7,354770,3353155,10.225313,24265.75,24350.0,24250,ATM+2,CALL,24150,2026-07-17
2026-07-17 10:27:00+05:30,80.95,83.3,79.9,81.0,418080,3386045,10.177468,24267.65,24350.0,24250,ATM+2,CALL,24150,2026-07-17
2026-07-17 10:28:00+05:30,81.6,85.0,81.0,84.25,485615,3382275,10.261232,24273.3,24350.0,24250,ATM+2,CALL,24150,2026-07-17
2026-07-17 10:29:00+05:30,65.35,70.15,65.25,69.65,780975,7340710,10.45108,24281.55,24400.0,24250,ATM+2,CALL,24150,2026-07-17
2026-07-17 10:30:00+05:30,69.35,69.65,65.65,68.25,727935,7327450,10.390865,24279.4,24400.0,24250,ATM+2,CALL,24150,2026-07-17
2026-07-17 10:31:00+05:30,68.15,71.1,68.05,71.1,1086865,7216820,10.541248,24283.1,24400.0,24250,ATM+2,CALL,24150,2026-07-17
2026-07-17 10:32:00+05:30,70.55,74.65,70.1,70.15,1320215,7060170,10.366453,24285.2,24400.0,24250,ATM+2,CALL,24150,2026-07-17
2026-07-17 10:33:00+05:30,69.9,70.15,67.15,68.65,713375,6884410,10.425253,24279.65,24400.0,24250,ATM+2,CALL,24150,2026-07-17
2026-07-17 10:34:00+05:30,68.85,71.45,68.45,71.1,555685,6857825,10.498749,24284.3,24400.0,24250,ATM+2,CALL,24150,2026-07-17
2026-07-17 10:35:00+05:30,91.1,91.2,82.4,82.7,589615,3445130,10.163075,24272.2,24350.0,24250,ATM+2,CALL,24150,2026-07-17
2026-07-17 10:36:00+05:30,82.75,83.65,81.2,82.95,360295,3433690,10.176006,24272.5,24350.0,24250,ATM+2,CALL,24150,2026-07-17
2026-07-17 10:37:00+05:30,82.75,83.25,79.15,79.2,361205,3470870,10.027454,24267.25,24350.0,24250,ATM+2,CALL,24150,2026-07-17
2026-07-17 10:38:00+05:30,78.85,80.75,77.6,80.4,377845,3449290,10.123676,24267.8,24350.0,24250,ATM+2,CALL,24150,2026-07-17
2026-07-17 10:39:00+05:30,80.5,81.5,79.05,79.05,226655,3483610,10.014743,24267.25,24350.0,24250,ATM+2,CALL,24150,2026-07-17
2026-07-17 10:40:00+05:30,79.2,81.3,78.4,80.95,208390,3515135,10.152843,24268.45,24350.0,24250,ATM+2,CALL,24150,2026-07-17
2026-07-17 10:41:00+05:30,80.85,81.7,79.9,81.3,213785,3532100,10.092675,24270.75,24350.0,24250,ATM+2,CALL,24150,2026-07-17
2026-07-17 10:42:00+05:30,81.6,82.1,79.9,80.55,279435,3569735,10.082473,24269.25,24350.0,24250,ATM+2,CALL,24150,2026-07-17
2026-07-17 10:43:00+05:30,80.75,80.75,71.95,72.1,716755,3599635,10.09708,24248.15,24350.0,24250,ATM+2,CALL,24150,2026-07-17
2026-07-17 10:44:00+05:30,72.9,75.95,72.1,74.65,560040,3566095,9.91731,24259.1,24350.0,24250,ATM+2,CALL,24150,2026-07-17
2026-07-17 10:45:00+05:30,74.25,75.25,70.2,70.2,480285,3634150,9.706638,24253.3,24350.0,24250,ATM+2,CALL,24150,2026-07-17
2026-07-17 10:46:00+05:30,70.0,71.95,69.5,71.1,453830,3579355,9.829062,24252.5,24350.0,24250,ATM+2,CALL,24150,2026-07-17
2026-07-17 10:47:00+05:30,71.2,73.5,70.5,73.5,311285,3590860,9.994111,24254.4,24350.0,24250,ATM+2,CALL,24150,2026-07-17
2026-07-17 10:48:00+05:30,73.15,73.5,70.0,70.0,293735,3631290,9.677779,24253.6,24350.0,24250,ATM+2,CALL,24150,2026-07-17
2026-07-17 10:49:00+05:30,70.55,71.05,68.7,69.0,273845,3648125,9.723985,24249.9,24350.0,24250,ATM+2,CALL,24150,2026-07-17
2026-07-17 10:50:00+05:30,69.2,71.5,68.5,69.8,251225,3664245,9.760087,24251.05,24350.0,24250,ATM+2,CALL,24150,2026-07-17
2026-07-17 10:51:00+05:30,70.1,70.15,67.4,67.45,282945,3680690,9.609333,24248.9,24350.0,24250,ATM+2,CALL,24150,2026-07-17
2026-07-17 10:52:00+05:30,67.8,69.6,66.4,69.6,303810,3634995,9.714548,24251.75,24350.0,24250,ATM+2,CALL,24150,2026-07-17
2026-07-17 10:53:00+05:30,69.85,72.65,69.45,71.6,414830,3676335,9.739274,24256.2,24350.0,24250,ATM+2,CALL,24150,2026-07-17
2026-07-17 10:54:00+05:30,71.75,71.95,68.2,69.8,350285,3767530,9.5866,24255.55,24350.0,24250,ATM+2,CALL,24150,2026-07-17
2026-07-17 10:55:00+05:30,69.7,70.4,68.1,70.3,228280,3814460,9.589831,24256.75,24350.0,24250,ATM+2,CALL,24150,2026-07-17
2026-07-17 10:56:00+05:30,70.4,73.0,69.95,71.8,382720,3796715,9.776096,24255.85,24350.0,24250,ATM+2,CALL,24150,2026-07-17
2026-07-17 10:57:00+05:30,71.8,72.2,69.7,70.95,192920,3834155,9.666517,24256.5,24350.0,24250,ATM+2,CALL,24150,2026-07-17
2026-07-17 10:58:00+05:30,71.05,73.15,70.7,73.0,179530,3835325,9.821695,24257.75,24350.0,24250,ATM+2,CALL,24150,2026-07-17
2026-07-17 10:59:00+05:30,73.0,73.0,71.5,71.9,186355,3786120,9.74321,24257.0,24350.0,24250,ATM+2,CALL,24150,2026-07-17
2026-07-17 11:00:00+05:30,71.5,74.7,71.2,73.35,278070,3740295,9.772154,24259.9,24350.0,24250,ATM+2,CALL,24150,2026-07-17
2026-07-17 11:01:00+05:30,73.2,74.25,70.9,71.3,270335,3793205,9.701362,24256.6,24350.0,24250,ATM+2,CALL,24150,2026-07-17
2026-07-17 11:02:00+05:30,71.05,71.3,67.75,68.1,394095,3791580,9.699069,24248.55,24350.0,24250,ATM+2,CALL,24150,2026-07-17
2026-07-17 11:03:00+05:30,68.2,70.65,68.1,70.15,167700,3809845,9.843375,24250.15,24350.0,24250,ATM+2,CALL,24150,2026-07-17
2026-07-17 11:04:00+05:30,70.25,72.7,69.85,72.7,145730,3806270,9.781816,24258.15,24350.0,24250,ATM+2,CALL,24150,2026-07-17
2026-07-17 11:05:00+05:30,72.4,74.6,72.35,73.0,435695,3857360,9.649601,24262.2,24350.0,24250,ATM+2,CALL,24150,2026-07-17
2026-07-17 11:06:00+05:30,72.4,74.3,71.35,74.15,231595,3893435,9.776757,24261.9,24350.0,24250,ATM+2,CALL,24150,2026-07-17
2026-07-17 11:07:00+05:30,74.45,74.45,67.5,67.75,437840,3852225,9.762003,24246.15,24350.0,24250,ATM+2,CALL,24150,2026-07-17
2026-07-17 11:08:00+05:30,67.3,67.75,64.0,66.0,631800,3856710,9.885336,24238.35,24350.0,24250,ATM+2,CALL,24150,2026-07-17
2026-07-17 11:09:00+05:30,66.05,67.15,65.1,66.2,270790,3879655,9.771049,24241.9,24350.0,24250,ATM+2,CALL,24150,2026-07-17
2026-07-17 11:10:00+05:30,66.5,66.85,64.15,64.65,191100,3906240,9.728991,24238.9,24350.0,24250,ATM+2,CALL,24150,2026-07-17
2026-07-17 11:11:00+05:30,64.6,67.0,64.35,66.05,258635,3869190,9.80183,24240.75,24350.0,24250,ATM+2,CALL,24150,2026-07-17
2026-07-17 11:12:00+05:30,66.25,67.15,65.55,66.75,160745,3878485,9.837451,24241.7,24350.0,24250,ATM+2,CALL,24150,2026-07-17
2026-07-17 11:13:00+05:30,66.85,66.85,63.4,64.25,224640,3887325,9.729101,24237.9,24350.0,24250,ATM+2,CALL,24150,2026-07-17
2026-07-17 11:14:00+05:30,64.45,66.95,63.5,66.2,290355,3891420,10.012391,24235.7,24350.0,24250,ATM+2,CALL,24150,2026-07-17
2026-07-17 11:15:00+05:30,66.0,66.85,65.0,65.95,146510,3906370,9.864362,24238.95,24350.0,24250,ATM+2,CALL,24150,2026-07-17
2026-07-17 11:16:00+05:30,66.05,66.35,62.85,63.5,293800,3874260,9.751724,24235.35,24350.0,24250,ATM+2,CALL,24150,2026-07-17
2026-07-17 11:17:00+05:30,63.5,65.7,63.5,64.35,269750,3890315,9.682495,24239.5,24350.0,24250,ATM+2,CALL,24150,2026-07-17
2026-07-17 11:18:00+05:30,64.05,64.35,62.35,62.35,212225,3947775,9.577576,24236.9,24350.0,24250,ATM+2,CALL,24150,2026-07-17
2026-07-17 11:19:00+05:30,62.3,64.8,61.7,64.05,256685,3944590,9.572029,24241.65,24350.0,24250,ATM+2,CALL,24150,2026-07-17
2026-07-17 11:20:00+05:30,64.2,64.7,63.85,64.55,129155,3943160,9.620041,24241.75,24350.0,24250,ATM+2,CALL,24150,2026-07-17
2026-07-17 11:21:00+05:30,64.5,64.8,63.5,64.5,101920,3956030,9.617843,24241.7,24350.0,24250,ATM+2,CALL,24150,2026-07-17
2026-07-17 11:22:00+05:30,64.55,68.15,64.5,67.1,590395,4018690,9.582918,24249.45,24350.0,24250,ATM+2,CALL,24150,2026-07-17
2026-07-17 11:23:00+05:30,67.3,67.3,63.0,63.55,373100,4141020,9.646605,24238.45,24350.0,24250,ATM+2,CALL,24150,2026-07-17
2026-07-17 11:24:00+05:30,63.85,66.8,62.25,66.5,297505,4174365,9.650566,24246.2,24350.0,24250,ATM+2,CALL,24150,2026-07-17
2026-07-17 11:25:00+05:30,66.5,66.8,64.35,64.85,198445,4136080,9.619076,24242.7,24350.0,24250,ATM+2,CALL,24150,2026-07-17
2026-07-17 11:26:00+05:30,64.85,65.4,63.35,65.4,117195,4190225,9.725737,24241.4,24350.0,24250,ATM+2,CALL,24150,2026-07-17
2026-07-17 11:27:00+05:30,65.3,66.65,65.25,65.9,186420,4188600,9.696927,24243.5,24350.0,24250,ATM+2,CALL,24150,2026-07-17
2026-07-17 11:28:00+05:30,65.7,66.45,64.9,65.95,126165,4224220,9.637476,24245.2,24350.0,24250,ATM+2,CALL,24150,2026-07-17
2026-07-17 11:29:00+05:30,66.0,67.7,65.2,65.3,212160,4241250,9.657198,24243.0,24350.0,24250,ATM+2,CALL,24150,2026-07-17
2026-07-17 11:30:00+05:30,65.4,66.9,65.0,65.4,221390,4227080,9.624137,24244.15,24350.0,24250,ATM+2,CALL,24150,2026-07-17
2026-07-17 11:31:00+05:30,65.3,66.0,64.25,65.8,115310,4243980,9.586592,24246.2,24350.0,24250,ATM+2,CALL,24150,2026-07-17
2026-07-17 11:32:00+05:30,66.0,66.7,64.7,65.55,104455,4248530,9.691299,24242.85,24350.0,24250,ATM+2,CALL,24150,2026-07-17
2026-07-17 11:33:00+05:30,65.8,66.8,63.9,66.45,203385,4210375,9.54757,24248.95,24350.0,24250,ATM+2,CALL,24150,2026-07-17
2026-07-17 11:34:00+05:30,66.35,69.65,66.35,67.65,390845,4183270,9.526655,24252.6,24350.0,24250,ATM+2,CALL,24150,2026-07-17
2026-07-17 11:35:00+05:30,67.85,70.85,67.65,70.5,441025,4190940,9.577177,24258.55,24350.0,24250,ATM+2,CALL,24150,2026-07-17
2026-07-17 11:36:00+05:30,70.2,71.6,67.15,67.95,460070,4232670,9.627508,24250.85,24350.0,24250,ATM+2,CALL,24150,2026-07-17
2026-07-17 11:37:00+05:30,67.85,68.7,65.5,66.15,303290,4215575,9.600783,24246.9,24350.0,24250,ATM+2,CALL,24150,2026-07-17
2026-07-17 11:38:00+05:30,65.75,68.5,65.75,68.45,176995,4231500,9.666073,24251.2,24350.0,24250,ATM+2,CALL,24150,2026-07-17
2026-07-17 11:39:00+05:30,69.0,70.65,68.35,70.25,275145,4210375,9.616062,24257.05,24350.0,24250,ATM+2,CALL,24150,2026-07-17
2026-07-17 11:40:00+05:30,70.4,71.05,68.85,70.8,290485,4194710,9.614059,24258.5,24350.0,24250,ATM+2,CALL,24150,2026-07-17
2026-07-17 11:41:00+05:30,70.85,73.55,70.8,73.5,482885,4153825,9.690303,24263.3,24350.0,24250,ATM+2,CALL,24150,2026-07-17
2026-07-17 11:42:00+05:30,73.9,74.2,71.15,71.4,405730,4181970,9.559294,24261.4,24350.0,24250,ATM+2,CALL,24150,2026-07-17
2026-07-17 11:43:00+05:30,71.45,73.3,71.3,72.4,280020,4154475,9.631582,24262.1,24350.0,24250,ATM+2,CALL,24150,2026-07-17
2026-07-17 11:44:00+05:30,72.25,75.05,72.25,73.4,468520,4096040,9.524088,24267.2,24350.0,24250,ATM+2,CALL,24150,2026-07-17
2026-07-17 11:45:00+05:30,73.5,75.8,73.4,74.9,394420,4105790,9.494007,24271.55,24350.0,24250,ATM+2,CALL,24150,2026-07-17
2026-07-17 11:46:00+05:30,74.9,75.4,73.05,74.5,298805,4110405,9.558908,24269.05,24350.0,24250,ATM+2,CALL,24150,2026-07-17
2026-07-17 11:47:00+05:30,74.75,74.75,71.5,73.0,229580,4099160,9.522183,24266.35,24350.0,24250,ATM+2,CALL,24150,2026-07-17
2026-07-17 11:48:00+05:30,72.65,74.8,72.3,72.9,189475,4101500,9.459983,24267.65,24350.0,24250,ATM+2,CALL,24150,2026-07-17
2026-07-17 11:49:00+05:30,73.6,74.3,72.7,73.35,144690,4133610,9.505582,24267.65,24350.0,24250,ATM+2,CALL,24150,2026-07-17
2026-07-17 11:50:00+05:30,73.35,73.95,72.3,73.5,148395,4115020,9.399871,24270.6,24350.0,24250,ATM+2,CALL,24150,2026-07-17
2026-07-17 11:51:00+05:30,73.85,75.6,73.5,74.45,345085,4102085,9.42221,24272.35,24350.0,24250,ATM+2,CALL,24150,2026-07-17
2026-07-17 11:52:00+05:30,74.45,77.9,74.3,77.55,376415,4107935,9.666466,24273.85,24350.0,24250,ATM+2,CALL,24150,2026-07-17
2026-07-17 11:53:00+05:30,60.1,61.95,59.0,60.3,970450,7191925,9.684502,24278.7,24400.0,24250,ATM+2,CALL,24150,2026-07-17
2026-07-17 11:54:00+05:30,60.45,61.5,60.1,60.45,496470,7202910,9.68993,24279.0,24400.0,24250,ATM+2,CALL,24150,2026-07-17
2026-07-17 11:55:00+05:30,79.2,79.45,76.1,76.25,424060,4098315,9.501466,24274.8,24350.0,24250,ATM+2,CALL,24150,2026-07-17
2026-07-17 11:56:00+05:30,58.05,61.1,56.8,60.05,570440,7188610,9.600519,24280.35,24400.0,24250,ATM+2,CALL,24150,2026-07-17
2026-07-17 11:57:00+05:30,60.55,61.2,59.6,60.25,394680,7218315,9.65921,24279.35,24400.0,24250,ATM+2,CALL,24150,2026-07-17
2026-07-17 11:58:00+05:30,77.95,78.05,74.85,75.35,348335,4210765,9.407285,24275.0,24350.0,24250,ATM+2,CALL,24150,2026-07-17
2026-07-17 11:59:00+05:30,57.45,58.8,57.2,58.0,266305,7238855,9.482794,24277.85,24400.0,24250,ATM+2,CALL,24150,2026-07-17
2026-07-17 12:00:00+05:30,75.1,77.1,71.85,72.65,440245,4235140,9.313055,24270.9,24350.0,24250,ATM+2,CALL,24150,2026-07-17
2026-07-17 12:01:00+05:30,72.65,74.0,71.1,72.8,310765,4197700,9.442261,24268.15,24350.0,24250,ATM+2,CALL,24150,2026-07-17
2026-07-17 12:02:00+05:30,72.0,72.8,70.4,71.15,222040,4189770,9.314224,24267.3,24350.0,24250,ATM+2,CALL,24150,2026-07-17
2026-07-17 12:03:00+05:30,54.6,58.0,54.05,57.85,295230,7272200,9.557023,24275.5,24400.0,24250,ATM+2,CALL,24150,2026-07-17
2026-07-17 12:04:00+05:30,75.8,77.2,75.35,75.8,273650,4199065,9.463863,24274.85,24350.0,24250,ATM+2,CALL,24150,2026-07-17
2026-07-17 12:05:00+05:30,74.65,76.1,74.05,74.45,244595,4222725,9.356687,24274.25,24350.0,24250,ATM+2,CALL,24150,2026-07-17
2026-07-17 12:06:00+05:30,74.35,74.65,71.3,71.7,273325,4199065,9.352282,24267.8,24350.0,24250,ATM+2,CALL,24150,2026-07-17
2026-07-17 12:07:00+05:30,71.85,72.6,68.8,69.4,365040,4182100,9.305397,24263.35,24350.0,24250,ATM+2,CALL,24150,2026-07-17
2026-07-17 12:08:00+05:30,69.5,72.0,68.6,72.0,312845,4157335,9.371723,24268.1,24350.0,24250,ATM+2,CALL,24150,2026-07-17
2026-07-17 12:09:00+05:30,71.9,74.7,71.85,73.8,357435,4150445,9.298444,24274.2,24350.0,24250,ATM+2,CALL,24150,2026-07-17
2026-07-17 12:10:00+05:30,74.05,76.6,73.8,74.45,397410,4197570,9.372021,24274.0,24350.0,24250,ATM+2,CALL,24150,2026-07-17
2026-07-17 12:11:00+05:30,74.4,74.45,72.4,72.85,291980,4208360,9.316638,24271.55,24350.0,24250,ATM+2,CALL,24150,2026-07-17
2026-07-17 12:12:00+05:30,55.5,57.25,55.1,56.45,189475,7200700,9.404723,24275.9,24400.0,24250,ATM+2,CALL,24150,2026-07-17
2026-07-17 12:13:00+05:30,73.95,75.25,71.2,71.9,203125,4227535,9.267825,24270.5,24350.0,24250,ATM+2,CALL,24150,2026-07-17
2026-07-17 12:14:00+05:30,55.0,57.65,54.75,57.1,185185,7205640,9.450926,24276.55,24400.0,24250,ATM+2,CALL,24150,2026-07-17
2026-07-17 12:15:00+05:30,57.15,58.0,56.8,58.0,207675,7213310,9.400702,24280.5,24400.0,24250,ATM+2,CALL,24150,2026-07-17
2026-07-17 12:16:00+05:30,75.35,76.3,71.1,71.95,347750,4258475,9.118043,24274.3,24350.0,24250,ATM+2,CALL,24150,2026-07-17
2026-07-17 12:17:00+05:30,72.1,72.25,69.4,72.0,298220,4259905,9.211254,24272.2,24350.0,24250,ATM+2,CALL,24150,2026-07-17
2026-07-17 12:18:00+05:30,54.8,57.2,54.5,57.2,261950,7280780,9.498106,24275.65,24400.0,24250,ATM+2,CALL,24150,2026-07-17
2026-07-17 12:19:00+05:30,57.1,57.45,55.35,55.35,127465,7269860,9.312409,24275.45,24400.0,24250,ATM+2,CALL,24150,2026-07-17
2026-07-17 12:20:00+05:30,55.5,57.45,55.35,57.25,179465,7297550,9.318238,24280.75,24400.0,24250,ATM+2,CALL,24150,2026-07-17
2026-07-17 12:21:00+05:30,57.05,57.25,55.55,55.8,127205,7300345,9.213841,24279.5,24400.0,24250,ATM+2,CALL,24150,2026-07-17
2026-07-17 12:22:00+05:30,73.2,73.65,71.5,73.65,197210,4297410,9.392123,24271.9,24350.0,24250,ATM+2,CALL,24150,2026-07-17
2026-07-17 12:23:00+05:30,56.45,59.25,56.0,58.2,498160,7308080,9.408865,24281.05,24400.0,24250,ATM+2,CALL,24150,2026-07-17
2026-07-17 12:24:00+05:30,58.45,59.4,57.55,58.65,307385,7172230,9.430665,24281.75,24400.0,24250,ATM+2,CALL,24150,2026-07-17
2026-07-17 12:25:00+05:30,58.65,62.55,58.6,59.45,739765,7191275,9.627623,24278.7,24400.0,24250,ATM+2,CALL,24150,2026-07-17
2026-07-17 12:26:00+05:30,59.2,60.5,57.9,58.0,384800,7253285,9.529065,24277.3,24400.0,24250,ATM+2,CALL,24150,2026-07-17
2026-07-17 12:27:00+05:30,57.85,60.25,57.85,58.8,214370,7282145,9.567464,24278.55,24400.0,24250,ATM+2,CALL,24150,2026-07-17
2026-07-17 12:28:00+05:30,59.05,60.1,58.35,59.15,201175,7271420,9.628865,24277.9,24400.0,24250,ATM+2,CALL,24150,2026-07-17
2026-07-17 12:29:00+05:30,59.05,59.35,57.45,58.1,208000,7251855,9.529558,24277.65,24400.0,24250,ATM+2,CALL,24150,2026-07-17
2026-07-17 12:30:00+05:30,75.6,75.65,73.85,74.95,234390,4226950,9.418074,24274.55,24350.0,24250,ATM+2,CALL,24150,2026-07-17
2026-07-17 12:31:00+05:30,57.65,58.85,56.95,58.8,149565,7181070,9.624786,24277.1,24400.0,24250,ATM+2,CALL,24150,2026-07-17
2026-07-17 12:32:00+05:30,76.6,77.25,74.55,74.9,170235,4184830,9.448618,24273.75,24350.0,24250,ATM+2,CALL,24150,2026-07-17
2026-07-17 12:33:00+05:30,57.3,59.4,57.05,59.1,216515,7189065,9.534292,24280.45,24400.0,24250,ATM+2,CALL,24150,2026-07-17
2026-07-17 12:34:00+05:30,59.15,60.45,58.95,58.95,354315,7186855,9.493731,24281.15,24400.0,24250,ATM+2,CALL,24150,2026-07-17
2026-07-17 12:35:00+05:30,59.1,59.7,58.35,58.45,150800,7159815,9.437163,24281.3,24400.0,24250,ATM+2,CALL,24150,2026-07-17
2026-07-17 12:36:00+05:30,58.85,59.35,58.1,58.45,149435,7182760,9.425159,24281.65,24400.0,24250,ATM+2,CALL,24150,2026-07-17
2026-07-17 12:37:00+05:30,58.4,59.05,56.55,56.55,258570,7207330,9.329413,24278.9,24400.0,24250,ATM+2,CALL,24150,2026-07-17
2026-07-17 12:38:00+05:30,56.9,57.6,55.4,56.8,319670,7218900,9.371192,24278.5,24400.0,24250,ATM+2,CALL,24150,2026-07-17
2026-07-17 12:39:00+05:30,57.05,57.45,56.0,56.35,195455,7241130,9.352529,24277.75,24400.0,24250,ATM+2,CALL,24150,2026-07-17
2026-07-17 12:40:00+05:30,74.0,74.35,71.0,71.0,292045,4150510,9.366948,24266.55,24350.0,24250,ATM+2,CALL,24150,2026-07-17
2026-07-17 12:41:00+05:30,71.35,72.65,68.75,72.55,486850,4135690,9.419606,24269.05,24350.0,24250,ATM+2,CALL,24150,2026-07-17
2026-07-17 12:42:00+05:30,55.6,57.85,55.45,57.8,436215,7300540,9.418749,24280.15,24400.0,24250,ATM+2,CALL,24150,2026-07-17
2026-07-17 12:43:00+05:30,75.6,75.8,72.45,73.2,265330,4143360,9.238628,24275.0,24350.0,24250,ATM+2,CALL,24150,2026-07-17
2026-07-17 12:44:00+05:30,56.05,57.5,55.55,57.2,173095,7330115,9.472021,24277.05,24400.0,24250,ATM+2,CALL,24150,2026-07-17
2026-07-17 12:45:00+05:30,57.7,61.3,57.2,60.6,742040,7358715,9.588055,24283.5,24400.0,24250,ATM+2,CALL,24150,2026-07-17
2026-07-17 12:46:00+05:30,60.6,60.6,58.8,59.4,289575,7267845,9.51127,24282.25,24400.0,24250,ATM+2,CALL,24150,2026-07-17
2026-07-17 12:47:00+05:30,59.25,60.6,59.25,60.6,268450,7273305,9.475534,24286.55,24400.0,24250,ATM+2,CALL,24150,2026-07-17
2026-07-17 12:48:00+05:30,60.55,61.9,59.65,61.6,499785,7260370,9.553254,24287.25,24400.0,24250,ATM+2,CALL,24150,2026-07-17
2026-07-17 12:49:00+05:30,62.35,69.75,61.6,66.0,2372175,7259395,9.747017,24294.0,24400.0,24250,ATM+2,CALL,24150,2026-07-17
2026-07-17 12:50:00+05:30,65.3,66.0,59.05,59.05,1089205,7061860,9.428514,24283.6,24400.0,24250,ATM+2,CALL,24150,2026-07-17
2026-07-17 12:51:00+05:30,58.65,59.65,57.25,59.05,638885,7246980,9.513231,24281.35,24400.0,24250,ATM+2,CALL,24150,2026-07-17
2026-07-17 12:52:00+05:30,58.55,59.3,57.25,57.25,400335,7271160,9.385718,24279.75,24400.0,24250,ATM+2,CALL,24150,2026-07-17
2026-07-17 12:53:00+05:30,74.65,75.45,71.4,71.8,551005,4050345,9.21374,24272.5,24350.0,24250,ATM+2,CALL,24150,2026-07-17
2026-07-17 12:54:00+05:30,72.9,72.9,70.85,71.95,387400,4006925,9.171274,24273.9,24350.0,24250,ATM+2,CALL,24150,2026-07-17
2026-07-17 12:55:00+05:30,71.95,74.35,70.65,71.05,331240,4009785,9.195014,24271.2,24350.0,24250,ATM+2,CALL,24150,2026-07-17
2026-07-17 12:56:00+05:30,71.0,73.6,70.8,73.05,206960,4026100,9.255258,24274.55,24350.0,24250,ATM+2,CALL,24150,2026-07-17
2026-07-17 12:57:00+05:30,56.1,59.0,55.65,57.55,582530,7469540,9.399734,24280.35,24400.0,24250,ATM+2,CALL,24150,2026-07-17
2026-07-17 12:58:00+05:30,57.65,58.7,56.4,56.5,265850,7468760,9.342437,24278.95,24400.0,24250,ATM+2,CALL,24150,2026-07-17
2026-07-17 12:59:00+05:30,57.0,59.05,56.5,58.95,323960,7444645,9.438033,24283.3,24400.0,24250,ATM+2,CALL,24150,2026-07-17
2026-07-17 13:00:00+05:30,59.4,59.95,57.8,58.05,355550,7441460,9.36399,24282.8,24400.0,24250,ATM+2,CALL,24150,2026-07-17
2026-07-17 13:01:00+05:30,58.45,60.4,58.05,58.75,351520,7437430,9.402402,24283.75,24400.0,24250,ATM+2,CALL,24150,2026-07-17
2026-07-17 13:02:00+05:30,58.6,58.75,56.5,56.65,268710,7429890,9.373023,24278.65,24400.0,24250,ATM+2,CALL,24150,2026-07-17
2026-07-17 13:03:00+05:30,56.6,57.5,55.4,56.3,295490,7431970,9.26188,24280.7,24400.0,24250,ATM+2,CALL,24150,2026-07-17
2026-07-17 13:04:00+05:30,56.7,58.0,56.3,57.0,217165,7458555,9.367432,24279.85,24400.0,24250,ATM+2,CALL,24150,2026-07-17
2026-07-17 13:05:00+05:30,56.8,57.0,55.8,56.5,170365,7482605,9.269964,24281.1,24400.0,24250,ATM+2,CALL,24150,2026-07-17
2026-07-17 13:06:00+05:30,56.65,57.4,56.0,57.05,173875,7514260,9.222829,24283.95,24400.0,24250,ATM+2,CALL,24150,2026-07-17
2026-07-17 13:07:00+05:30,57.35,58.3,54.55,54.8,368160,7546240,9.263792,24276.45,24400.0,24250,ATM+2,CALL,24150,2026-07-17
2026-07-17 13:08:00+05:30,55.4,56.35,54.8,55.8,227695,7531225,9.249201,24279.75,24400.0,24250,ATM+2,CALL,24150,2026-07-17
2026-07-17 13:09:00+05:30,55.75,56.35,55.0,55.3,155090,7572370,9.261785,24278.0,24400.0,24250,ATM+2,CALL,24150,2026-07-17
2026-07-17 13:10:00+05:30,55.25,56.15,55.25,55.8,117130,7597720,9.260292,24279.5,24400.0,24250,ATM+2,CALL,24150,2026-07-17
2026-07-17 13:11:00+05:30,56.0,56.65,55.3,55.65,149825,7603570,9.25284,24279.3,24400.0,24250,ATM+2,CALL,24150,2026-07-17
2026-07-17 13:12:00+05:30,55.25,55.9,53.85,53.85,262405,7603635,9.13551,24277.35,24400.0,24250,ATM+2,CALL,24150,2026-07-17
2026-07-17 13:13:00+05:30,54.05,55.6,53.85,55.45,365040,7601035,9.338054,24276.45,24400.0,24250,ATM+2,CALL,24150,2026-07-17
2026-07-17 13:14:00+05:30,55.55,56.95,55.15,55.75,216905,7463430,9.146496,24282.55,24400.0,24250,ATM+2,CALL,24150,2026-07-17
2026-07-17 13:15:00+05:30,72.7,73.25,67.25,68.75,565305,4123535,8.955896,24271.9,24350.0,24250,ATM+2,CALL,24150,2026-07-17
2026-07-17 13:16:00+05:30,68.65,69.95,68.3,69.35,212940,4100200,8.979407,24272.8,24350.0,24250,ATM+2,CALL,24150,2026-07-17
2026-07-17 13:17:00+05:30,52.75,53.6,52.1,53.35,232700,7371065,9.158122,24275.4,24400.0,24250,ATM+2,CALL,24150,2026-07-17
2026-07-17 13:18:00+05:30,70.4,71.9,69.2,70.4,173875,4117295,9.096416,24272.55,24350.0,24250,ATM+2,CALL,24150,2026-07-17
2026-07-17 13:19:00+05:30,70.1,70.4,68.15,68.75,126685,4130360,8.857983,24274.35,24350.0,24250,ATM+2,CALL,24150,2026-07-17
2026-07-17 13:20:00+05:30,52.25,53.9,52.15,53.05,153075,7400965,9.060263,24277.3,24400.0,24250,ATM+2,CALL,24150,2026-07-17
2026-07-17 13:21:00+05:30,52.7,53.35,51.5,51.5,187785,7419945,8.891461,24277.45,24400.0,24250,ATM+2,CALL,24150,2026-07-17
2026-07-17 13:22:00+05:30,68.55,69.1,68.0,69.0,107835,4152525,8.885736,24274.35,24350.0,24250,ATM+2,CALL,24150,2026-07-17
2026-07-17 13:23:00+05:30,69.15,69.9,67.1,67.3,141115,4159090,8.935906,24269.05,24350.0,24250,ATM+2,CALL,24150,2026-07-17
2026-07-17 13:24:00+05:30,67.7,68.85,65.1,65.1,394420,4163445,8.822143,24266.45,24350.0,24250,ATM+2,CALL,24150,2026-07-17
2026-07-17 13:25:00+05:30,65.05,67.75,63.4,67.75,416780,4132050,8.999309,24268.65,24350.0,24250,ATM+2,CALL,24150,2026-07-17
2026-07-17 13:26:00+05:30,67.9,68.55,65.05,65.7,242905,4121195,8.943208,24265.0,24350.0,24250,ATM+2,CALL,24150,2026-07-17
2026-07-17 13:27:00+05:30,65.6,65.7,63.45,63.45,237055,4130945,8.844087,24261.85,24350.0,24250,ATM+2,CALL,24150,2026-07-17
2026-07-17 13:28:00+05:30,64.0,65.0,63.25,64.35,261560,4149210,8.984093,24260.65,24350.0,24250,ATM+2,CALL,24150,2026-07-17
2026-07-17 13:29:00+05:30,64.45,67.15,64.35,65.6,269295,4161950,8.842522,24267.3,24350.0,24250,ATM+2,CALL,24150,2026-07-17
2026-07-17 13:30:00+05:30,65.5,67.1,65.5,66.75,155545,4190485,8.858669,24269.75,24350.0,24250,ATM+2,CALL,24150,2026-07-17
2026-07-17 13:31:00+05:30,67.3,69.15,65.8,66.15,313430,4183855,8.869054,24268.05,24350.0,24250,ATM+2,CALL,24150,2026-07-17
2026-07-17 13:32:00+05:30,66.3,67.1,64.4,66.35,200720,4192695,8.953333,24266.5,24350.0,24250,ATM+2,CALL,24150,2026-07-17
2026-07-17 13:33:00+05:30,65.7,66.35,64.1,65.15,140660,4199325,8.936906,24263.95,24350.0,24250,ATM+2,CALL,24150,2026-07-17
2026-07-17 13:34:00+05:30,65.35,66.5,64.3,66.35,157105,4201990,8.987794,24265.7,24350.0,24250,ATM+2,CALL,24150,2026-07-17
2026-07-17 13:35:00+05:30,66.2,68.3,66.2,67.25,181025,4204460,9.001706,24267.6,24350.0,24250,ATM+2,CALL,24150,2026-07-17
2026-07-17 13:36:00+05:30,67.2,69.95,67.2,67.4,341380,4204070,8.92744,24269.8,24350.0,24250,ATM+2,CALL,24150,2026-07-17
2026-07-17 13:37:00+05:30,67.3,68.55,64.55,64.55,285025,4258930,8.849848,24264.7,24350.0,24250,ATM+2,CALL,24150,2026-07-17
2026-07-17 13:38:00+05:30,65.15,65.85,64.2,64.8,205985,4211415,8.83144,24265.8,24350.0,24250,ATM+2,CALL,24150,2026-07-17
2026-07-17 13:39:00+05:30,64.75,66.3,64.25,65.25,104000,4210375,8.726852,24269.5,24350.0,24250,ATM+2,CALL,24150,2026-07-17
2026-07-17 13:40:00+05:30,65.2,65.3,60.45,61.1,661960,4221555,8.761141,24258.25,24350.0,24250,ATM+2,CALL,24150,2026-07-17
2026-07-17 13:41:00+05:30,61.6,62.4,58.65,62.2,565045,4173325,9.016233,24254.65,24350.0,24250,ATM+2,CALL,24150,2026-07-17
2026-07-17 13:42:00+05:30,62.65,62.65,58.9,60.0,314015,4168320,8.927123,24251.2,24350.0,24250,ATM+2,CALL,24150,2026-07-17
2026-07-17 13:43:00+05:30,59.6,60.1,58.25,60.1,277680,4172025,9.048856,24248.35,24350.0,24250,ATM+2,CALL,24150,2026-07-17
2026-07-17 13:44:00+05:30,60.0,61.0,58.0,60.15,269360,4171570,8.825362,24254.25,24350.0,24250,ATM+2,CALL,24150,2026-07-17
2026-07-17 13:45:00+05:30,59.75,60.6,58.5,60.05,187785,4193020,8.888338,24252.4,24350.0,24250,ATM+2,CALL,24150,2026-07-17
2026-07-17 13:46:00+05:30,59.75,60.4,55.3,55.3,571025,4201860,8.680042,24245.1,24350.0,24250,ATM+2,CALL,24150,2026-07-17
2026-07-17 13:47:00+05:30,56.1,56.25,52.9,54.05,616915,4162275,8.791369,24238.7,24350.0,24250,ATM+2,CALL,24150,2026-07-17
2026-07-17 13:48:00+05:30,54.4,56.05,53.7,55.8,363870,4142775,8.65957,24247.05,24350.0,24250,ATM+2,CALL,24150,2026-07-17
2026-07-17 13:49:00+05:30,55.65,56.0,53.7,53.9,218660,4165655,8.730781,24239.95,24350.0,24250,ATM+2,CALL,24150,2026-07-17
2026-07-17 13:50:00+05:30,53.8,54.6,51.65,52.55,534040,4166760,9.065073,24227.05,24350.0,24250,ATM+2,CALL,24150,2026-07-17
2026-07-17 13:51:00+05:30,69.35,69.4,63.4,65.25,2517905,10905830,8.903513,24215.95,24300.0,24250,ATM+2,CALL,24150,2026-07-17
2026-07-17 13:52:00+05:30,65.2,67.8,65.2,66.75,1188525,10838620,8.792543,24222.35,24300.0,24250,ATM+2,CALL,24150,2026-07-17
2026-07-17 13:53:00+05:30,50.5,51.45,50.15,51.25,222560,4540185,8.849349,24229.25,24350.0,24250,ATM+2,CALL,24150,2026-07-17
2026-07-17 13:54:00+05:30,51.65,52.5,50.5,51.85,579930,4677400,8.813647,24232.0,24350.0,24250,ATM+2,CALL,24150,2026-07-17
2026-07-17 13:55:00+05:30,51.75,53.7,50.75,53.1,373425,4727450,8.780793,24236.5,24350.0,24250,ATM+2,CALL,24150,2026-07-17
2026-07-17 13:56:00+05:30,52.9,53.1,51.05,52.2,241085,4771910,8.825078,24232.75,24350.0,24250,ATM+2,CALL,24150,2026-07-17
2026-07-17 13:57:00+05:30,52.4,53.4,52.05,53.25,235885,4767100,8.902085,24233.7,24350.0,24250,ATM+2,CALL,24150,2026-07-17
2026-07-17 13:58:00+05:30,53.6,54.7,52.75,54.35,258115,4760795,8.874074,24237.6,24350.0,24250,ATM+2,CALL,24150,2026-07-17
2026-07-17 13:59:00+05:30,54.4,61.25,54.35,60.2,784810,4698005,9.006465,24250.1,24350.0,24250,ATM+2,CALL,24150,2026-07-17
2026-07-17 14:00:00+05:30,59.65,60.55,57.8,59.35,509015,4706845,8.970316,24248.8,24350.0,24250,ATM+2,CALL,24150,2026-07-17
2026-07-17 14:01:00+05:30,59.8,60.0,57.6,58.85,490490,4748900,8.996824,24246.8,24350.0,24250,ATM+2,CALL,24150,2026-07-17
2026-07-17 14:02:00+05:30,58.95,58.95,56.45,57.4,224900,4733690,8.970059,24243.6,24350.0,24250,ATM+2,CALL,24150,2026-07-17
2026-07-17 14:03:00+05:30,57.5,59.0,57.2,58.95,179075,4732000,9.030213,24246.25,24350.0,24250,ATM+2,CALL,24150,2026-07-17
2026-07-17 14:04:00+05:30,59.25,61.25,58.95,59.8,417365,4733690,8.960336,24250.35,24350.0,24250,ATM+2,CALL,24150,2026-07-17
2026-07-17 14:05:00+05:30,60.0,62.3,59.8,61.25,486655,4730895,8.939939,24254.7,24350.0,24250,ATM+2,CALL,24150,2026-07-17
2026-07-17 14:06:00+05:30,61.35,61.8,58.85,58.85,367640,4786340,8.891528,24249.65,24350.0,24250,ATM+2,CALL,24150,2026-07-17
2026-07-17 14:07:00+05:30,59.1,60.2,58.25,60.0,292435,4744805,8.956512,24251.05,24350.0,24250,ATM+2,CALL,24150,2026-07-17
2026-07-17 14:08:00+05:30,59.85,60.7,58.2,59.0,184535,4724330,8.852618,24251.1,24350.0,24250,ATM+2,CALL,24150,2026-07-17
2026-07-17 14:09:00+05:30,58.95,60.4,58.95,60.25,197405,4729530,8.909914,24252.95,24350.0,24250,ATM+2,CALL,24150,2026-07-17
2026-07-17 14:10:00+05:30,60.45,61.4,59.9,61.05,241020,4716790,8.95172,24254.0,24350.0,24250,ATM+2,CALL,24150,2026-07-17
2026-07-17 14:11:00+05:30,61.6,65.85,61.05,65.6,810875,4656795,8.965731,24265.25,24350.0,24250,ATM+2,CALL,24150,2026-07-17
2026-07-17 14:12:00+05:30,64.85,68.5,64.75,67.05,843765,4610060,8.852178,24271.6,24350.0,24250,ATM+2,CALL,24150,2026-07-17
2026-07-17 14:13:00+05:30,50.95,56.0,50.85,54.95,1617070,8263580,9.313708,24277.25,24400.0,24250,ATM+2,CALL,24150,2026-07-17
2026-07-17 14:14:00+05:30,55.2,59.0,54.85,58.8,1545830,7858240,9.598553,24280.55,24400.0,24250,ATM+2,CALL,24150,2026-07-17
2026-07-17 14:15:00+05:30,44.3,71.8,44.05,71.8,2710890,3760640,10.349201,24345.4,24450.0,24250,ATM+2,CALL,24150,2026-07-17
2026-07-17 14:16:00+05:30,72.95,84.95,65.15,84.95,3153800,3670225,10.964503,24362.9,24450.0,24250,ATM+2,CALL,24150,2026-07-17
2026-07-17 14:17:00+05:30,82.65,86.9,72.9,75.3,2362880,3849560,10.62563,24347.45,24450.0,24250,ATM+2,CALL,24150,2026-07-17
2026-07-17 14:18:00+05:30,69.45,75.3,64.45,65.8,1518855,3901300,10.228716,24332.7,24450.0,24250,ATM+2,CALL,24150,2026-07-17
2026-07-17 14:19:00+05:30,85.0,86.05,73.0,73.0,2594215,7757360,9.975791,24308.45,24400.0,24250,ATM+2,CALL,24150,2026-07-17
2026-07-17 14:20:00+05:30,73.85,78.55,72.75,73.4,1913080,7642310,9.841611,24312.75,24400.0,24250,ATM+2,CALL,24150,2026-07-17
2026-07-17 14:21:00+05:30,73.7,76.45,70.65,72.15,1757210,7724470,9.855496,24309.35,24400.0,24250,ATM+2,CALL,24150,2026-07-17
2026-07-17 14:22:00+05:30,72.3,72.3,65.75,65.75,1496300,7780240,9.543117,24300.95,24400.0,24250,ATM+2,CALL,24150,2026-07-17
2026-07-17 14:23:00+05:30,65.75,68.1,64.95,64.95,1141530,7791680,9.784634,24292.7,24400.0,24250,ATM+2,CALL,24150,2026-07-17
2026-07-17 14:24:00+05:30,65.5,66.65,64.4,66.2,933855,7694700,9.695467,24298.3,24400.0,24250,ATM+2,CALL,24150,2026-07-17
2026-07-17 14:25:00+05:30,66.2,72.0,64.7,70.8,1454700,7738380,9.806188,24307.3,24400.0,24250,ATM+2,CALL,24150,2026-07-17
2026-07-17 14:26:00+05:30,70.95,74.75,70.8,73.75,1541280,7871045,9.944535,24311.25,24400.0,24250,ATM+2,CALL,24150,2026-07-17
2026-07-17 14:27:00+05:30,73.3,74.55,72.0,73.35,839475,7808125,9.917539,24310.95,24400.0,24250,ATM+2,CALL,24150,2026-07-17
2026-07-17 14:28:00+05:30,74.3,77.25,73.35,73.85,1307345,7668180,10.028228,24309.5,24400.0,24250,ATM+2,CALL,24150,2026-07-17
2026-07-17 14:29:00+05:30,73.75,73.85,62.1,63.55,2289625,7694245,9.850221,24287.4,24400.0,24250,ATM+2,CALL,24150,2026-07-17
2026-07-17 14:30:00+05:30,63.7,70.6,62.9,69.4,1345890,7622615,9.775932,24304.65,24400.0,24250,ATM+2,CALL,24150,2026-07-17
2026-07-17 14:31:00+05:30,70.25,70.85,66.4,66.85,782340,7725510,9.690235,24300.3,24400.0,24250,ATM+2,CALL,24150,2026-07-17
2026-07-17 14:32:00+05:30,66.7,68.6,64.55,65.6,672165,7790380,9.608695,24299.15,24400.0,24250,ATM+2,CALL,24150,2026-07-17
2026-07-17 14:33:00+05:30,66.2,67.9,65.25,67.1,441675,7878780,9.904808,24295.55,24400.0,24250,ATM+2,CALL,24150,2026-07-17
2026-07-17 14:34:00+05:30,66.7,69.15,66.3,68.6,364455,7849920,9.963082,24298.0,24400.0,24250,ATM+2,CALL,24150,2026-07-17
2026-07-17 14:35:00+05:30,68.0,69.0,67.35,67.35,374465,7910565,9.810589,24298.65,24400.0,24250,ATM+2,CALL,24150,2026-07-17
2026-07-17 14:36:00+05:30,67.45,67.5,64.7,66.1,531115,7848360,9.894984,24293.25,24400.0,24250,ATM+2,CALL,24150,2026-07-17
2026-07-17 14:37:00+05:30,65.55,67.3,64.7,65.5,376025,7822230,9.842002,24293.05,24400.0,24250,ATM+2,CALL,24150,2026-07-17
2026-07-17 14:38:00+05:30,65.45,68.95,63.85,67.55,576810,7835360,9.82229,24298.95,24400.0,24250,ATM+2,CALL,24150,2026-07-17
2026-07-17 14:39:00+05:30,67.15,68.2,66.25,67.9,231205,7886255,9.900587,24297.9,24400.0,24250,ATM+2,CALL,24150,2026-07-17
2026-07-17 14:40:00+05:30,67.8,69.85,67.7,68.25,554905,7878975,9.774927,24302.0,24400.0,24250,ATM+2,CALL,24150,2026-07-17
2026-07-17 14:41:00+05:30,68.4,72.95,67.5,72.95,889590,7838610,9.854896,24311.85,24400.0,24250,ATM+2,CALL,24150,2026-07-17
2026-07-17 14:42:00+05:30,73.1,73.4,70.4,72.9,855075,7728760,9.910209,24310.4,24400.0,24250,ATM+2,CALL,24150,2026-07-17
2026-07-17 14:43:00+05:30,72.55,76.15,71.25,72.15,1150955,7649135,9.765993,24312.1,24400.0,24250,ATM+2,CALL,24150,2026-07-17
2026-07-17 14:44:00+05:30,72.3,76.65,72.15,74.55,945165,7681635,9.779566,24317.65,24400.0,24250,ATM+2,CALL,24150,2026-07-17
2026-07-17 14:45:00+05:30,74.35,75.45,73.45,74.25,676520,7722390,9.673382,24319.5,24400.0,24250,ATM+2,CALL,24150,2026-07-17
2026-07-17 14:46:00+05:30,56.75,59.75,55.35,58.9,618605,4012580,9.8236,24325.05,24450.0,24250,ATM+2,CALL,24150,2026-07-17
2026-07-17 14:47:00+05:30,76.7,77.15,74.5,74.95,641160,7687225,9.657641,24321.6,24400.0,24250,ATM+2,CALL,24150,2026-07-17
2026-07-17 14:48:00+05:30,74.9,75.8,72.7,75.65,617565,7672275,9.785448,24320.25,24400.0,24250,ATM+2,CALL,24150,2026-07-17
2026-07-17 14:49:00+05:30,75.25,76.45,74.05,74.05,532090,7700225,9.468578,24324.0,24400.0,24250,ATM+2,CALL,24150,2026-07-17
2026-07-17 14:50:00+05:30,74.15,75.25,71.8,73.65,803790,7742085,9.597422,24320.0,24400.0,24250,ATM+2,CALL,24150,2026-07-17
2026-07-17 14:51:00+05:30,73.85,75.4,71.8,72.5,570115,7705490,9.60561,24317.05,24400.0,24250,ATM+2,CALL,24150,2026-07-17
2026-07-17 14:52:00+05:30,72.4,74.15,72.1,72.9,274300,7735845,9.540861,24319.6,24400.0,24250,ATM+2,CALL,24150,2026-07-17
2026-07-17 14:53:00+05:30,72.4,72.9,69.8,72.1,780910,7717125,9.424002,24320.5,24400.0,24250,ATM+2,CALL,24150,2026-07-17
2026-07-17 14:54:00+05:30,72.3,72.7,70.0,72.7,431990,7678840,9.466446,24320.95,24400.0,24250,ATM+2,CALL,24150,2026-07-17
2026-07-17 14:55:00+05:30,54.9,58.25,54.15,57.95,282035,4018235,9.645357,24327.4,24450.0,24250,ATM+2,CALL,24150,2026-07-17
2026-07-17 14:56:00+05:30,76.6,78.75,72.3,74.3,1464450,7729215,9.462643,24324.9,24400.0,24250,ATM+2,CALL,24150,2026-07-17
2026-07-17 14:57:00+05:30,74.3,75.15,71.45,73.2,636025,7700355,9.492432,24321.6,24400.0,24250,ATM+2,CALL,24150,2026-07-17
2026-07-17 14:58:00+05:30,73.0,73.25,70.15,71.75,1141530,7608445,9.586824,24315.85,24400.0,24250,ATM+2,CALL,24150,2026-07-17
2026-07-17 14:59:00+05:30,72.1,72.55,68.65,68.95,717600,7523945,9.472956,24311.75,24400.0,24250,ATM+2,CALL,24150,2026-07-17
2026-07-17 15:00:00+05:30,70.1,75.5,66.5,73.85,2291315,7491510,9.472332,24323.7,24400.0,24250,ATM+2,CALL,24150,2026-07-17
2026-07-17 15:01:00+05:30,57.0,61.25,55.15,57.35,1091805,4057755,9.654496,24325.6,24450.0,24250,ATM+2,CALL,24150,2026-07-17
2026-07-17 15:02:00+05:30,74.2,75.45,71.7,73.65,575055,7383805,9.426892,24324.35,24400.0,24250,ATM+2,CALL,24150,2026-07-17
2026-07-17 15:03:00+05:30,73.35,74.75,70.15,70.7,569270,7392190,9.399215,24317.95,24400.0,24250,ATM+2,CALL,24150,2026-07-17
2026-07-17 15:04:00+05:30,69.7,72.9,69.6,72.15,682175,7336030,9.375254,24322.05,24400.0,24250,ATM+2,CALL,24150,2026-07-17
2026-07-17 15:05:00+05:30,55.0,58.0,54.5,57.9,406575,3930485,9.64455,24327.55,24450.0,24250,ATM+2,CALL,24150,2026-07-17
2026-07-17 15:06:00+05:30,58.4,59.3,57.15,58.3,300625,3905720,9.589161,24330.2,24450.0,24250,ATM+2,CALL,24150,2026-07-17
2026-07-17 15:07:00+05:30,58.3,60.35,57.6,59.6,404300,3844360,9.572871,24334.3,24450.0,24250,ATM+2,CALL,24150,2026-07-17
2026-07-17 15:08:00+05:30,59.25,59.6,56.55,57.2,335140,3826745,9.404378,24332.1,24450.0,24250,ATM+2,CALL,24150,2026-07-17
2026-07-17 15:09:00+05:30,56.75,58.55,55.65,57.45,246480,3811665,9.377465,24333.55,24450.0,24250,ATM+2,CALL,24150,2026-07-17
2026-07-17 15:10:00+05:30,57.3,57.85,55.3,56.25,245050,3795090,9.319215,24331.75,24450.0,24250,ATM+2,CALL,24150,2026-07-17
2026-07-17 15:11:00+05:30,56.55,57.35,56.1,57.15,140530,3757715,9.396469,24332.25,24450.0,24250,ATM+2,CALL,24150,2026-07-17
2026-07-17 15:12:00+05:30,56.9,59.25,56.85,58.15,343460,3722290,9.359959,24336.05,24450.0,24250,ATM+2,CALL,24150,2026-07-17
2026-07-17 15:13:00+05:30,58.0,58.15,56.1,56.95,247000,3695120,9.278232,24334.9,24450.0,24250,ATM+2,CALL,24150,2026-07-17
2026-07-17 15:14:00+05:30,56.45,57.45,54.25,54.5,385190,3642860,9.248825,24328.75,24450.0,24250,ATM+2,CALL,24150,2026-07-17
2026-07-17 15:15:00+05:30,71.35,71.65,68.1,69.0,1106105,6781905,8.994259,24323.85,24400.0,24250,ATM+2,CALL,24150,2026-07-17
2026-07-17 15:16:00+05:30,68.4,69.9,67.2,69.65,593125,6719505,9.100361,24322.9,24400.0,24250,ATM+2,CALL,24150,2026-07-17
2026-07-17 15:17:00+05:30,51.95,53.9,51.95,53.3,233090,3501485,9.241151,24325.55,24450.0,24250,ATM+2,CALL,24150,2026-07-17
2026-07-17 15:18:00+05:30,53.65,54.05,51.3,51.85,472030,3424980,8.968503,24328.8,24450.0,24250,ATM+2,CALL,24150,2026-07-17
2026-07-17 15:19:00+05:30,51.6,52.65,51.3,52.65,343655,3345355,9.047525,24329.0,24450.0,24250,ATM+2,CALL,24150,2026-07-17
2026-07-17 15:20:00+05:30,52.7,54.3,52.2,53.6,520195,3246230,9.004032,24332.95,24450.0,24250,ATM+2,CALL,24150,2026-07-17
2026-07-17 15:21:00+05:30,53.55,56.55,53.05,56.55,386750,3230045,9.309433,24333.15,24450.0,24250,ATM+2,CALL,24150,2026-07-17
2026-07-17 15:22:00+05:30,56.1,57.8,56.1,57.15,704860,3119935,9.234724,24336.85,24450.0,24250,ATM+2,CALL,24150,2026-07-17
2026-07-17 15:23:00+05:30,57.25,60.65,57.15,59.9,597740,3032380,9.481969,24337.95,24450.0,24250,ATM+2,CALL,24150,2026-07-17
2026-07-17 15:24:00+05:30,60.25,64.35,59.9,63.55,568035,2943005,9.676198,24342.8,24450.0,24250,ATM+2,CALL,24150,2026-07-17
2026-07-17 15:25:00+05:30,63.9,67.6,63.05,66.25,861575,2763345,9.870298,24345.0,24450.0,24250,ATM+2,CALL,24150,2026-07-17
2026-07-17 15:26:00+05:30,65.65,67.1,64.1,65.2,480480,2708095,9.848877,24342.8,24450.0,24250,ATM+2,CALL,24150,2026-07-17
2026-07-17 15:27:00+05:30,65.35,66.4,64.7,65.9,253370,2639715,9.875402,24344.0,24450.0,24250,ATM+2,CALL,24150,2026-07-17
2026-07-17 15:28:00+05:30,65.65,67.95,65.55,66.5,627965,2625870,10.117499,24339.4,24450.0,24250,ATM+2,CALL,24150,2026-07-17
2026-07-17 15:29:00+05:30,66.9,70.2,65.75,68.4,808860,2588885,10.028741,24346.7,24450.0,24250,ATM+2,CALL,24150,2026-07-17
2026-07-17 09:15:00+05:30,208.2,234.0,197.8,197.8,238485,490360,15.359771,24151.25,24250.0,24250,ATM+2,PUT,24150,2026-07-17
2026-07-17 09:16:00+05:30,192.7,198.55,180.0,180.0,338195,582985,14.702677,24171.0,24250.0,24250,ATM+2,PUT,24150,2026-07-17
2026-07-17 09:17:00+05:30,212.5,215.45,209.0,211.75,283725,1202695,15.276732,24176.15,24300.0,24250,ATM+2,PUT,24150,2026-07-17
2026-07-17 09:18:00+05:30,211.8,211.8,201.2,202.1,300365,1343810,14.977839,24187.4,24300.0,24250,ATM+2,PUT,24150,2026-07-17
2026-07-17 09:19:00+05:30,201.05,205.65,198.55,201.95,286130,1468220,14.98975,24187.85,24300.0,24250,ATM+2,PUT,24150,2026-07-17
2026-07-17 09:20:00+05:30,203.3,203.45,196.2,200.7,308035,1591590,14.86245,24187.75,24300.0,24250,ATM+2,PUT,24150,2026-07-17
2026-07-17 09:21:00+05:30,200.7,204.0,200.0,202.2,258375,1703975,14.896125,24185.75,24300.0,24250,ATM+2,PUT,24150,2026-07-17
2026-07-17 09:22:00+05:30,202.5,204.3,200.2,200.45,206440,1821820,14.896867,24188.75,24300.0,24250,ATM+2,PUT,24150,2026-07-17
2026-07-17 09:23:00+05:30,200.65,203.7,199.6,203.4,232180,1924000,15.038721,24186.15,24300.0,24250,ATM+2,PUT,24150,2026-07-17
2026-07-17 09:24:00+05:30,203.15,203.85,197.0,197.6,217165,2030210,14.798508,24191.9,24300.0,24250,ATM+2,PUT,24150,2026-07-17
2026-07-17 09:25:00+05:30,197.65,198.0,192.25,193.55,359645,2127905,14.794225,24198.85,24300.0,24250,ATM+2,PUT,24150,2026-07-17
2026-07-17 09:26:00+05:30,193.5,196.05,191.5,195.65,252200,2235870,15.052731,24199.8,24300.0,24250,ATM+2,PUT,24150,2026-07-17
2026-07-17 09:27:00+05:30,195.1,197.1,190.15,191.8,319215,2384395,14.847526,24202.85,24300.0,24250,ATM+2,PUT,24150,2026-07-17
2026-07-17 09:28:00+05:30,191.7,193.95,191.45,191.55,159510,2489240,14.931555,24204.8,24300.0,24250,ATM+2,PUT,24150,2026-07-17
2026-07-17 09:29:00+05:30,192.3,192.8,188.25,188.25,251615,2596555,14.895994,24210.0,24300.0,24250,ATM+2,PUT,24150,2026-07-17
2026-07-17 09:30:00+05:30,188.3,194.45,186.35,191.7,427180,2701140,14.88755,24203.7,24300.0,24250,ATM+2,PUT,24150,2026-07-17
2026-07-17 09:31:00+05:30,192.0,196.75,190.65,196.45,421980,2831205,14.971302,24196.85,24300.0,24250,ATM+2,PUT,24150,2026-07-17
2026-07-17 09:32:00+05:30,195.95,198.3,191.0,191.0,351845,2928055,14.903883,24205.2,24300.0,24250,ATM+2,PUT,24150,2026-07-17
2026-07-17 09:33:00+05:30,190.5,192.8,186.3,187.9,284570,2943005,14.903884,24210.7,24300.0,24250,ATM+2,PUT,24150,2026-07-17
2026-07-17 09:34:00+05:30,187.0,193.1,184.0,192.35,441740,3044340,15.113781,24206.6,24300.0,24250,ATM+2,PUT,24150,2026-07-17
2026-07-17 09:35:00+05:30,191.3,192.7,190.0,192.0,217100,3144960,15.105326,24207.05,24300.0,24250,ATM+2,PUT,24150,2026-07-17
2026-07-17 09:36:00+05:30,191.9,194.1,189.45,189.8,226265,3229070,15.020633,24209.4,24300.0,24250,ATM+2,PUT,24150,2026-07-17
2026-07-17 09:37:00+05:30,189.75,190.65,185.0,185.0,174720,3285035,14.925889,24216.25,24300.0,24250,ATM+2,PUT,24150,2026-07-17
2026-07-17 09:38:00+05:30,184.7,186.15,182.55,183.65,345150,3317990,15.078499,24221.55,24300.0,24250,ATM+2,PUT,24150,2026-07-17
2026-07-17 09:39:00+05:30,183.0,186.45,182.0,185.4,268385,3448770,15.121398,24219.15,24300.0,24250,ATM+2,PUT,24150,2026-07-17
2026-07-17 09:40:00+05:30,186.0,186.95,182.55,184.75,193700,3557255,15.160352,24221.05,24300.0,24250,ATM+2,PUT,24150,2026-07-17
2026-07-17 09:41:00+05:30,184.05,186.35,183.1,185.1,143130,3608150,15.255985,24222.2,24300.0,24250,ATM+2,PUT,24150,2026-07-17
2026-07-17 09:42:00+05:30,184.0,185.3,182.3,183.2,136240,3630380,15.20507,24224.7,24300.0,24250,ATM+2,PUT,24150,2026-07-17
2026-07-17 09:43:00+05:30,214.05,215.55,211.85,213.15,57590,818415,15.353751,24225.15,24350.0,24250,ATM+2,PUT,24150,2026-07-17
2026-07-17 09:44:00+05:30,211.35,216.65,208.85,210.95,71695,827385,15.494362,24231.3,24350.0,24250,ATM+2,PUT,24150,2026-07-17
2026-07-17 09:45:00+05:30,210.65,211.0,203.55,209.0,142090,847145,15.487237,24234.5,24350.0,24250,ATM+2,PUT,24150,2026-07-17
2026-07-17 09:46:00+05:30,208.4,211.85,206.3,207.75,65455,874315,15.758923,24241.45,24350.0,24250,ATM+2,PUT,24150,2026-07-17
2026-07-17 09:47:00+05:30,207.5,210.6,204.1,210.5,54860,898755,15.741436,24236.35,24350.0,24250,ATM+2,PUT,24150,2026-07-17
2026-07-17 09:48:00+05:30,210.0,210.5,206.9,207.5,45565,920985,15.657935,24240.05,24350.0,24250,ATM+2,PUT,24150,2026-07-17
2026-07-17 09:49:00+05:30,207.85,211.85,207.5,210.35,66105,944905,15.757121,24236.85,24350.0,24250,ATM+2,PUT,24150,2026-07-17
2026-07-17 09:50:00+05:30,209.3,210.35,206.05,207.1,50245,946725,15.797474,24243.2,24350.0,24250,ATM+2,PUT,24150,2026-07-17
2026-07-17 09:51:00+05:30,206.7,217.0,206.7,215.5,79495,962650,15.810548,24228.9,24350.0,24250,ATM+2,PUT,24150,2026-07-17
2026-07-17 09:52:00+05:30,214.45,216.45,213.65,215.95,88075,984035,15.916149,24229.95,24350.0,24250,ATM+2,PUT,24150,2026-07-17
2026-07-17 09:53:00+05:30,215.85,216.3,212.0,212.5,51545,1003925,15.758742,24233.1,24350.0,24250,ATM+2,PUT,24150,2026-07-17
2026-07-17 09:54:00+05:30,211.55,213.3,206.55,209.65,56680,1016665,15.871459,24240.0,24350.0,24250,ATM+2,PUT,24150,2026-07-17
2026-07-17 09:55:00+05:30,209.65,216.6,209.3,215.0,77350,1032005,15.840254,24230.2,24350.0,24250,ATM+2,PUT,24150,2026-07-17
2026-07-17 09:56:00+05:30,184.45,188.65,183.65,187.0,557245,4749160,15.502346,24223.1,24300.0,24250,ATM+2,PUT,24150,2026-07-17
2026-07-17 09:57:00+05:30,186.85,190.45,186.65,189.0,561600,4608955,15.498601,24219.35,24300.0,24250,ATM+2,PUT,24150,2026-07-17
2026-07-17 09:58:00+05:30,221.55,222.4,215.0,215.0,86645,1032200,15.777197,24229.05,24350.0,24250,ATM+2,PUT,24150,2026-07-17
2026-07-17 09:59:00+05:30,214.9,217.35,213.45,213.85,90675,1017250,15.653508,24228.85,24350.0,24250,ATM+2,PUT,24150,2026-07-17
2026-07-17 10:00:00+05:30,181.55,190.0,179.0,189.4,487175,4613115,15.662205,24221.65,24300.0,24250,ATM+2,PUT,24150,2026-07-17
2026-07-17 10:01:00+05:30,189.1,194.5,185.7,193.4,475930,4635605,15.554907,24212.35,24300.0,24250,ATM+2,PUT,24150,2026-07-17
2026-07-17 10:02:00+05:30,192.4,193.65,190.5,191.6,364585,4589780,15.571855,24215.9,24300.0,24250,ATM+2,PUT,24150,2026-07-17
2026-07-17 10:03:00+05:30,191.0,192.3,189.65,189.65,234455,4570930,15.332741,24214.95,24300.0,24250,ATM+2,PUT,24150,2026-07-17
2026-07-17 10:04:00+05:30,190.0,193.05,189.6,191.5,247910,4592770,15.489169,24214.5,24300.0,24250,ATM+2,PUT,24150,2026-07-17
2026-07-17 10:05:00+05:30,191.35,192.6,186.0,187.0,335075,4588285,15.416483,24221.3,24300.0,24250,ATM+2,PUT,24150,2026-07-17
2026-07-17 10:06:00+05:30,187.65,188.15,184.4,187.6,230360,4584320,15.549605,24222.7,24300.0,24250,ATM+2,PUT,24150,2026-07-17
2026-07-17 10:07:00+05:30,220.4,221.1,218.15,218.5,25220,1018095,15.934674,24225.65,24350.0,24250,ATM+2,PUT,24150,2026-07-17
2026-07-17 10:08:00+05:30,218.95,221.2,216.05,216.05,37570,1030835,15.807142,24227.6,24350.0,24250,ATM+2,PUT,24150,2026-07-17
2026-07-17 10:09:00+05:30,216.5,216.7,211.2,215.9,58500,1031810,16.043492,24231.95,24350.0,24250,ATM+2,PUT,24150,2026-07-17
2026-07-17 10:10:00+05:30,216.0,218.0,215.1,217.5,27430,1037595,16.127427,24230.65,24350.0,24250,ATM+2,PUT,24150,2026-07-17
2026-07-17 10:11:00+05:30,217.0,218.2,216.2,216.5,19825,1045655,16.178648,24233.25,24350.0,24250,ATM+2,PUT,24150,2026-07-17
2026-07-17 10:12:00+05:30,215.55,216.5,208.4,209.6,78585,1048710,15.879681,24239.9,24350.0,24250,ATM+2,PUT,24150,2026-07-17
2026-07-17 10:13:00+05:30,209.3,209.65,206.55,209.15,73190,1057355,16.182965,24246.1,24350.0,24250,ATM+2,PUT,24150,2026-07-17
2026-07-17 10:14:00+05:30,209.15,213.0,209.15,212.05,52260,1086280,16.118801,24239.85,24350.0,24250,ATM+2,PUT,24150,2026-07-17
2026-07-17 10:15:00+05:30,212.3,213.0,207.5,207.8,45500,1107405,16.031155,24245.7,24350.0,24250,ATM+2,PUT,24150,2026-07-17
2026-07-17 10:16:00+05:30,207.45,208.6,205.5,207.2,38220,1124760,16.054054,24247.15,24350.0,24250,ATM+2,PUT,24150,2026-07-17
2026-07-17 10:17:00+05:30,206.9,207.2,199.65,200.85,116090,1135160,15.794096,24253.65,24350.0,24250,ATM+2,PUT,24150,2026-07-17
2026-07-17 10:18:00+05:30,201.0,201.9,183.1,186.55,260455,1136005,15.523601,24274.45,24350.0,24250,ATM+2,PUT,24150,2026-07-17
2026-07-17 10:19:00+05:30,187.0,191.95,185.1,190.65,158730,1180660,15.894664,24273.95,24350.0,24250,ATM+2,PUT,24150,2026-07-17
2026-07-17 10:20:00+05:30,190.45,194.4,188.15,193.6,139685,1237340,15.800637,24266.75,24350.0,24250,ATM+2,PUT,24150,2026-07-17
2026-07-17 10:21:00+05:30,193.25,195.15,190.65,193.3,68380,1270165,15.855058,24268.3,24350.0,24250,ATM+2,PUT,24150,2026-07-17
2026-07-17 10:22:00+05:30,193.85,195.2,192.55,194.7,61425,1285180,15.706064,24262.95,24350.0,24250,ATM+2,PUT,24150,2026-07-17
2026-07-17 10:23:00+05:30,195.45,197.55,194.7,196.8,85475,1286545,15.687005,24258.8,24350.0,24250,ATM+2,PUT,24150,2026-07-17
2026-07-17 10:24:00+05:30,196.8,198.25,195.9,196.0,74295,1289925,15.43583,24255.6,24350.0,24250,ATM+2,PUT,24150,2026-07-17
2026-07-17 10:25:00+05:30,195.3,197.6,193.35,193.75,87750,1304420,15.668025,24263.9,24350.0,24250,ATM+2,PUT,24150,2026-07-17
2026-07-17 10:26:00+05:30,194.1,196.0,193.35,194.6,29575,1320800,15.850559,24265.75,24350.0,24250,ATM+2,PUT,24150,2026-07-17
2026-07-17 10:27:00+05:30,193.7,195.05,191.2,193.55,55965,1332110,15.851086,24267.65,24350.0,24250,ATM+2,PUT,24150,2026-07-17
2026-07-17 10:28:00+05:30,193.3,193.55,189.25,190.0,66105,1343420,15.807228,24273.3,24350.0,24250,ATM+2,PUT,24150,2026-07-17
2026-07-17 10:29:00+05:30,222.35,222.35,216.25,216.5,119730,2017535,16.070967,24281.55,24400.0,24250,ATM+2,PUT,24150,2026-07-17
2026-07-17 10:30:00+05:30,217.3,220.0,216.5,217.35,106145,2097290,16.032385,24279.4,24400.0,24250,ATM+2,PUT,24150,2026-07-17
2026-07-17 10:31:00+05:30,217.0,217.35,215.1,215.6,85800,2138695,16.073155,24283.1,24400.0,24250,ATM+2,PUT,24150,2026-07-17
2026-07-17 10:32:00+05:30,215.45,216.4,211.05,216.15,145600,2195960,16.247408,24285.2,24400.0,24250,ATM+2,PUT,24150,2026-07-17
2026-07-17 10:33:00+05:30,217.1,221.0,216.15,218.4,207155,2285595,16.153163,24279.65,24400.0,24250,ATM+2,PUT,24150,2026-07-17
2026-07-17 10:34:00+05:30,218.6,219.6,216.0,216.5,57915,2309645,16.232872,24284.3,24400.0,24250,ATM+2,PUT,24150,2026-07-17
2026-07-17 10:35:00+05:30,185.6,193.25,185.6,192.85,126815,1569100,16.032629,24272.2,24350.0,24250,ATM+2,PUT,24150,2026-07-17
2026-07-17 10:36:00+05:30,192.8,193.75,191.2,192.75,119730,1549925,16.039822,24272.5,24350.0,24250,ATM+2,PUT,24150,2026-07-17
2026-07-17 10:37:00+05:30,192.45,195.0,191.8,195.0,70655,1557335,15.981021,24267.25,24350.0,24250,ATM+2,PUT,24150,2026-07-17
2026-07-17 10:38:00+05:30,195.2,197.0,192.75,193.65,115115,1541670,15.880427,24267.8,24350.0,24250,ATM+2,PUT,24150,2026-07-17
2026-07-17 10:39:00+05:30,193.2,195.55,192.4,195.55,45630,1538355,16.036516,24267.25,24350.0,24250,ATM+2,PUT,24150,2026-07-17
2026-07-17 10:40:00+05:30,195.5,196.25,192.25,192.25,49790,1543230,15.781342,24268.45,24350.0,24250,ATM+2,PUT,24150,2026-07-17
2026-07-17 10:41:00+05:30,193.05,194.0,192.05,192.2,29120,1548430,15.899566,24270.75,24350.0,24250,ATM+2,PUT,24150,2026-07-17
2026-07-17 10:42:00+05:30,192.35,194.55,191.25,193.7,40495,1546545,15.966585,24269.25,24350.0,24250,ATM+2,PUT,24150,2026-07-17
2026-07-17 10:43:00+05:30,193.45,204.25,193.45,203.5,109265,1556165,15.776513,24248.15,24350.0,24250,ATM+2,PUT,24150,2026-07-17
2026-07-17 10:44:00+05:30,203.0,203.5,198.0,199.75,142220,1517035,16.012362,24259.1,24350.0,24250,ATM+2,PUT,24150,2026-07-17
2026-07-17 10:45:00+05:30,200.35,205.0,198.75,204.6,136825,1531270,16.170097,24253.3,24350.0,24250,ATM+2,PUT,24150,2026-07-17
2026-07-17 10:46:00+05:30,204.7,205.9,201.65,203.1,124345,1502540,15.98093,24252.5,24350.0,24250,ATM+2,PUT,24150,2026-07-17
2026-07-17 10:47:00+05:30,203.2,204.0,199.2,200.0,73580,1485770,15.783755,24254.4,24350.0,24250,ATM+2,PUT,24150,2026-07-17
2026-07-17 10:48:00+05:30,200.5,203.7,200.0,203.7,40755,1472445,16.101971,24253.6,24350.0,24250,ATM+2,PUT,24150,2026-07-17
2026-07-17 10:49:00+05:30,203.0,205.45,202.3,204.4,62985,1477255,15.967808,24249.9,24350.0,24250,ATM+2,PUT,24150,2026-07-17
2026-07-17 10:50:00+05:30,204.75,205.5,201.3,203.5,58110,1481545,15.94442,24251.05,24350.0,24250,ATM+2,PUT,24150,2026-07-17
2026-07-17 10:51:00+05:30,203.05,205.9,203.05,205.4,53560,1478165,16.012382,24248.9,24350.0,24250,ATM+2,PUT,24150,2026-07-17
2026-07-17 10:52:00+05:30,205.65,207.0,202.55,203.0,74620,1458210,15.936278,24251.75,24350.0,24250,ATM+2,PUT,24150,2026-07-17
2026-07-17 10:53:00+05:30,202.3,203.0,198.2,199.9,67600,1436760,15.878832,24256.2,24350.0,24250,ATM+2,PUT,24150,2026-07-17
2026-07-17 10:54:00+05:30,201.0,206.05,199.45,203.6,60060,1422330,16.205279,24255.55,24350.0,24250,ATM+2,PUT,24150,2026-07-17
2026-07-17 10:55:00+05:30,203.45,206.1,202.65,202.65,33670,1420575,16.17911,24256.75,24350.0,24250,ATM+2,PUT,24150,2026-07-17
2026-07-17 10:56:00+05:30,202.25,204.55,199.0,201.2,82225,1413815,15.989717,24255.85,24350.0,24250,ATM+2,PUT,24150,2026-07-17
2026-07-17 10:57:00+05:30,200.2,203.6,200.1,202.65,26780,1435980,16.167672,24256.5,24350.0,24250,ATM+2,PUT,24150,2026-07-17
2026-07-17 10:58:00+05:30,202.6,202.65,199.0,199.15,29120,1448655,15.895521,24257.75,24350.0,24250,ATM+2,PUT,24150,2026-07-17
2026-07-17 10:59:00+05:30,200.0,201.35,199.0,199.8,19240,1459250,15.919109,24257.0,24350.0,24250,ATM+2,PUT,24150,2026-07-17
2026-07-17 11:00:00+05:30,200.5,200.95,195.75,198.15,70395,1458665,15.916988,24259.9,24350.0,24250,ATM+2,PUT,24150,2026-07-17
2026-07-17 11:01:00+05:30,198.4,201.7,196.75,201.3,51740,1435590,16.045769,24256.6,24350.0,24250,ATM+2,PUT,24150,2026-07-17
2026-07-17 11:02:00+05:30,201.1,206.35,201.1,205.4,101985,1450280,16.004718,24248.55,24350.0,24250,ATM+2,PUT,24150,2026-07-17
2026-07-17 11:03:00+05:30,205.8,205.8,202.2,202.2,36985,1457885,15.781241,24250.15,24350.0,24250,ATM+2,PUT,24150,2026-07-17
2026-07-17 11:04:00+05:30,202.05,202.75,199.0,199.0,45305,1455285,15.909056,24258.15,24350.0,24250,ATM+2,PUT,24150,2026-07-17
2026-07-17 11:05:00+05:30,199.3,200.0,196.25,199.1,60645,1460095,16.139214,24262.2,24350.0,24250,ATM+2,PUT,24150,2026-07-17
2026-07-17 11:06:00+05:30,200.0,201.5,197.25,197.25,46345,1471795,15.943925,24261.9,24350.0,24250,ATM+2,PUT,24150,2026-07-17
2026-07-17 11:07:00+05:30,197.0,207.6,197.0,207.6,114855,1464515,16.092129,24246.15,24350.0,24250,ATM+2,PUT,24150,2026-07-17
2026-07-17 11:08:00+05:30,207.05,212.95,206.95,210.3,218855,1450930,15.919531,24238.35,24350.0,24250,ATM+2,PUT,24150,2026-07-17
2026-07-17 11:09:00+05:30,209.3,211.2,206.9,208.2,88920,1446770,15.914892,24241.9,24350.0,24250,ATM+2,PUT,24150,2026-07-17
2026-07-17 11:10:00+05:30,207.7,213.0,207.7,211.45,82095,1454700,16.066056,24238.9,24350.0,24250,ATM+2,PUT,24150,2026-07-17
2026-07-17 11:11:00+05:30,211.6,212.25,208.0,209.8,73775,1459640,16.009435,24240.75,24350.0,24250,ATM+2,PUT,24150,2026-07-17
2026-07-17 11:12:00+05:30,210.1,211.0,208.5,208.75,48360,1464905,15.960862,24241.7,24350.0,24250,ATM+2,PUT,24150,2026-07-17
2026-07-17 11:13:00+05:30,209.45,214.85,208.75,213.4,113750,1467440,16.204549,24237.9,24350.0,24250,ATM+2,PUT,24150,2026-07-17
2026-07-17 11:14:00+05:30,213.2,214.5,208.55,210.7,103610,1478490,15.81417,24235.7,24350.0,24250,ATM+2,PUT,24150,2026-07-17
2026-07-17 11:15:00+05:30,210.65,212.0,209.05,210.75,88465,1468740,16.005322,24238.95,24350.0,24250,ATM+2,PUT,24150,2026-07-17
2026-07-17 11:16:00+05:30,210.0,214.95,209.85,213.95,110955,1434940,16.116903,24235.35,24350.0,24250,ATM+2,PUT,24150,2026-07-17
2026-07-17 11:17:00+05:30,214.2,214.55,209.6,212.2,94900,1405885,16.181352,24239.5,24350.0,24250,ATM+2,PUT,24150,2026-07-17
2026-07-17 11:18:00+05:30,212.1,215.5,212.1,215.4,50960,1397695,16.350221,24236.9,24350.0,24250,ATM+2,PUT,24150,2026-07-17
2026-07-17 11:19:00+05:30,214.95,216.0,210.6,212.5,62205,1367990,16.334253,24241.65,24350.0,24250,ATM+2,PUT,24150,2026-07-17
2026-07-17 11:20:00+05:30,211.6,213.4,210.75,212.55,16120,1356095,16.345883,24241.75,24350.0,24250,ATM+2,PUT,24150,2026-07-17
2026-07-17 11:21:00+05:30,212.0,213.8,211.1,211.45,26845,1355965,16.236018,24241.7,24350.0,24250,ATM+2,PUT,24150,2026-07-17
2026-07-17 11:22:00+05:30,211.05,211.45,204.85,207.8,109135,1338545,16.311325,24249.45,24350.0,24250,ATM+2,PUT,24150,2026-07-17
2026-07-17 11:23:00+05:30,209.45,215.0,207.8,213.4,75725,1346085,16.246568,24238.45,24350.0,24250,ATM+2,PUT,24150,2026-07-17
2026-07-17 11:24:00+05:30,213.0,215.5,207.95,208.85,63375,1341470,16.235945,24246.2,24350.0,24250,ATM+2,PUT,24150,2026-07-17
2026-07-17 11:25:00+05:30,208.85,212.0,207.9,211.2,38805,1344915,16.272018,24242.7,24350.0,24250,ATM+2,PUT,24150,2026-07-17
2026-07-17 11:26:00+05:30,211.5,213.95,210.2,210.2,39585,1350570,16.101554,24241.4,24350.0,24250,ATM+2,PUT,24150,2026-07-17
2026-07-17 11:27:00+05:30,210.8,210.8,208.15,209.35,43680,1344915,16.137227,24243.5,24350.0,24250,ATM+2,PUT,24150,2026-07-17
2026-07-17 11:28:00+05:30,209.15,211.4,208.55,210.05,17160,1342315,16.30233,24245.2,24350.0,24250,ATM+2,PUT,24150,2026-07-17
2026-07-17 11:29:00+05:30,209.9,210.85,206.25,210.3,45110,1334970,16.204726,24243.0,24350.0,24250,ATM+2,PUT,24150,2026-07-17
2026-07-17 11:30:00+05:30,210.2,210.9,207.65,209.7,34645,1339065,16.211362,24244.15,24350.0,24250,ATM+2,PUT,24150,2026-07-17
2026-07-17 11:31:00+05:30,209.2,210.75,208.0,208.2,17160,1347840,16.179749,24246.2,24350.0,24250,ATM+2,PUT,24150,2026-07-17
2026-07-17 11:32:00+05:30,208.85,210.85,207.7,209.25,20085,1346280,16.096243,24242.85,24350.0,24250,ATM+2,PUT,24150,2026-07-17
2026-07-17 11:33:00+05:30,208.4,210.95,206.0,206.6,36855,1348555,16.177977,24248.95,24350.0,24250,ATM+2,PUT,24150,2026-07-17
2026-07-17 11:34:00+05:30,206.85,206.85,201.1,205.3,97305,1327300,16.253465,24252.6,24350.0,24250,ATM+2,PUT,24150,2026-07-17
2026-07-17 11:35:00+05:30,205.05,205.3,200.55,201.55,61295,1326650,16.213359,24258.55,24350.0,24250,ATM+2,PUT,24150,2026-07-17
2026-07-17 11:36:00+05:30,201.7,206.55,200.1,205.8,86775,1340170,16.208073,24250.85,24350.0,24250,ATM+2,PUT,24150,2026-07-17
2026-07-17 11:37:00+05:30,205.9,209.65,204.2,208.2,73710,1367600,16.225347,24246.9,24350.0,24250,ATM+2,PUT,24150,2026-07-17
2026-07-17 11:38:00+05:30,207.85,208.95,204.0,204.05,63765,1386840,16.057977,24251.2,24350.0,24250,ATM+2,PUT,24150,2026-07-17
2026-07-17 11:39:00+05:30,203.9,204.05,201.2,201.9,46540,1386645,16.170171,24257.05,24350.0,24250,ATM+2,PUT,24150,2026-07-17
2026-07-17 11:40:00+05:30,201.0,203.8,200.5,201.2,33475,1394120,16.181894,24258.5,24350.0,24250,ATM+2,PUT,24150,2026-07-17
2026-07-17 11:41:00+05:30,200.75,201.2,198.0,198.3,83525,1397240,16.159823,24263.3,24350.0,24250,ATM+2,PUT,24150,2026-07-17
2026-07-17 11:42:00+05:30,198.15,201.0,197.15,200.6,44070,1404065,16.282898,24261.4,24350.0,24250,ATM+2,PUT,24150,2026-07-17
2026-07-17 11:43:00+05:30,200.75,200.75,198.0,198.75,28405,1409590,16.141136,24262.1,24350.0,24250,ATM+2,PUT,24150,2026-07-17
2026-07-17 11:44:00+05:30,198.55,199.05,194.1,196.7,105040,1422395,16.216546,24267.2,24350.0,24250,ATM+2,PUT,24150,2026-07-17
2026-07-17 11:45:00+05:30,196.65,196.7,193.4,194.6,62205,1431820,16.244721,24271.55,24350.0,24250,ATM+2,PUT,24150,2026-07-17
2026-07-17 11:46:00+05:30,194.4,197.5,193.6,195.95,64740,1425515,16.24444,24269.05,24350.0,24250,ATM+2,PUT,24150,2026-07-17
2026-07-17 11:47:00+05:30,195.45,199.0,195.45,196.95,54990,1443000,16.198708,24266.35,24350.0,24250,ATM+2,PUT,24150,2026-07-17
2026-07-17 11:48:00+05:30,197.55,198.1,194.45,196.7,34905,1461590,16.245039,24267.65,24350.0,24250,ATM+2,PUT,24150,2026-07-17
2026-07-17 11:49:00+05:30,195.7,196.7,194.6,195.75,25220,1480440,16.153471,24267.65,24350.0,24250,ATM+2,PUT,24150,2026-07-17
2026-07-17 11:50:00+05:30,195.55,196.9,194.5,195.0,30420,1499420,16.238793,24270.6,24350.0,24250,ATM+2,PUT,24150,2026-07-17
2026-07-17 11:51:00+05:30,195.0,195.0,192.8,194.55,46020,1500850,16.288919,24272.35,24350.0,24250,ATM+2,PUT,24150,2026-07-17
2026-07-17 11:52:00+05:30,193.65,194.55,190.05,190.45,65975,1517490,15.970034,24273.85,24350.0,24250,ATM+2,PUT,24150,2026-07-17
2026-07-17 11:53:00+05:30,221.85,224.85,220.15,222.8,86840,2132195,16.619922,24278.7,24400.0,24250,ATM+2,PUT,24150,2026-07-17
2026-07-17 11:54:00+05:30,222.0,223.25,221.0,223.0,58695,2164435,16.658116,24279.0,24400.0,24250,ATM+2,PUT,24150,2026-07-17
2026-07-17 11:55:00+05:30,190.35,193.95,189.65,193.95,65650,1548690,16.364391,24274.8,24350.0,24250,ATM+2,PUT,24150,2026-07-17
2026-07-17 11:56:00+05:30,226.1,228.55,221.85,223.5,69940,2209285,16.787389,24280.35,24400.0,24250,ATM+2,PUT,24150,2026-07-17
2026-07-17 11:57:00+05:30,222.4,224.65,221.25,224.65,42315,2224625,16.844834,24279.35,24400.0,24250,ATM+2,PUT,24150,2026-07-17
2026-07-17 11:58:00+05:30,191.9,194.3,191.65,194.1,42510,1588210,16.39291,24275.0,24350.0,24250,ATM+2,PUT,24150,2026-07-17
2026-07-17 11:59:00+05:30,226.05,226.8,223.5,224.75,20605,2236130,16.770682,24277.85,24400.0,24250,ATM+2,PUT,24150,2026-07-17
2026-07-17 12:00:00+05:30,193.35,198.0,191.5,197.2,89180,1608945,16.480422,24270.9,24350.0,24250,ATM+2,PUT,24150,2026-07-17
2026-07-17 12:01:00+05:30,197.25,198.4,195.95,196.8,72475,1606215,16.295979,24268.15,24350.0,24250,ATM+2,PUT,24150,2026-07-17
2026-07-17 12:02:00+05:30,198.3,198.6,196.8,198.2,55055,1622400,16.388323,24267.3,24350.0,24250,ATM+2,PUT,24150,2026-07-17
2026-07-17 12:03:00+05:30,230.0,231.7,225.25,225.5,61490,2274675,16.713596,24275.5,24400.0,24250,ATM+2,PUT,24150,2026-07-17
2026-07-17 12:04:00+05:30,192.4,194.25,192.0,194.25,42185,1642485,16.406377,24274.85,24350.0,24250,ATM+2,PUT,24150,2026-07-17
2026-07-17 12:05:00+05:30,195.85,196.65,193.6,196.0,36010,1644825,16.546413,24274.25,24350.0,24250,ATM+2,PUT,24150,2026-07-17
2026-07-17 12:06:00+05:30,196.0,199.2,195.3,198.5,58370,1640275,16.448877,24267.8,24350.0,24250,ATM+2,PUT,24150,2026-07-17
2026-07-17 12:07:00+05:30,198.1,201.25,197.4,201.0,88790,1639365,16.455299,24263.35,24350.0,24250,ATM+2,PUT,24150,2026-07-17
2026-07-17 12:08:00+05:30,200.95,201.6,197.0,197.1,105885,1646255,16.330421,24268.1,24350.0,24250,ATM+2,PUT,24150,2026-07-17
2026-07-17 12:09:00+05:30,196.9,197.15,194.15,194.65,57070,1643915,16.416709,24274.2,24350.0,24250,ATM+2,PUT,24150,2026-07-17
2026-07-17 12:10:00+05:30,194.8,194.85,192.2,194.85,76310,1641380,16.426777,24274.0,24350.0,24250,ATM+2,PUT,24150,2026-07-17
2026-07-17 12:11:00+05:30,194.75,197.1,194.75,196.65,57850,1653990,16.473739,24271.55,24350.0,24250,ATM+2,PUT,24150,2026-07-17
2026-07-17 12:12:00+05:30,229.8,231.0,226.5,227.45,32500,2297490,16.940416,24275.9,24400.0,24250,ATM+2,PUT,24150,2026-07-17
2026-07-17 12:13:00+05:30,194.4,197.45,193.0,197.15,37505,1678040,16.468999,24270.5,24350.0,24250,ATM+2,PUT,24150,2026-07-17
2026-07-17 12:14:00+05:30,230.25,230.6,225.7,226.7,23400,2310880,16.905937,24276.55,24400.0,24250,ATM+2,PUT,24150,2026-07-17
2026-07-17 12:15:00+05:30,225.5,227.5,225.3,225.4,18135,2316275,17.005691,24280.5,24400.0,24250,ATM+2,PUT,24150,2026-07-17
2026-07-17 12:16:00+05:30,192.55,198.3,191.65,197.2,83200,1696890,16.678667,24274.3,24350.0,24250,ATM+2,PUT,24150,2026-07-17
2026-07-17 12:17:00+05:30,196.85,200.95,196.85,197.8,96655,1693315,16.627309,24272.2,24350.0,24250,ATM+2,PUT,24150,2026-07-17
2026-07-17 12:18:00+05:30,230.45,232.35,227.15,228.0,32370,2302690,16.987418,24275.65,24400.0,24250,ATM+2,PUT,24150,2026-07-17
2026-07-17 12:19:00+05:30,227.4,230.3,227.35,229.85,9815,2296840,17.16055,24275.45,24400.0,24250,ATM+2,PUT,24150,2026-07-17
2026-07-17 12:20:00+05:30,230.35,230.35,226.9,227.35,20930,2298725,17.218773,24280.75,24400.0,24250,ATM+2,PUT,24150,2026-07-17
2026-07-17 12:21:00+05:30,227.45,229.95,227.2,229.0,18070,2298595,17.311707,24279.5,24400.0,24250,ATM+2,PUT,24150,2026-07-17
2026-07-17 12:22:00+05:30,196.35,198.7,196.0,196.0,63895,1711905,16.441331,24271.9,24350.0,24250,ATM+2,PUT,24150,2026-07-17
2026-07-17 12:23:00+05:30,228.3,229.3,224.3,225.35,56485,2309515,17.041543,24281.05,24400.0,24250,ATM+2,PUT,24150,2026-07-17
2026-07-17 12:24:00+05:30,224.95,226.9,224.3,225.85,41210,2327715,17.132231,24281.75,24400.0,24250,ATM+2,PUT,24150,2026-07-17
2026-07-17 12:25:00+05:30,225.1,226.5,221.45,225.95,78000,2345395,16.968336,24278.7,24400.0,24250,ATM+2,PUT,24150,2026-07-17
2026-07-17 12:26:00+05:30,225.85,227.75,224.25,227.0,33670,2358395,16.992878,24277.3,24400.0,24250,ATM+2,PUT,24150,2026-07-17
2026-07-17 12:27:00+05:30,227.5,227.65,223.75,225.25,21385,2365740,16.892587,24278.55,24400.0,24250,ATM+2,PUT,24150,2026-07-17
2026-07-17 12:28:00+05:30,225.25,227.0,224.25,225.8,20020,2375815,16.910782,24277.9,24400.0,24250,ATM+2,PUT,24150,2026-07-17
2026-07-17 12:29:00+05:30,226.15,228.85,225.4,227.6,47125,2384005,17.076086,24277.65,24400.0,24250,ATM+2,PUT,24150,2026-07-17
2026-07-17 12:30:00+05:30,195.3,197.6,195.25,196.1,65845,1852760,16.600631,24274.55,24350.0,24250,ATM+2,PUT,24150,2026-07-17
2026-07-17 12:31:00+05:30,228.2,229.15,226.05,226.3,27365,2382120,16.917622,24277.1,24400.0,24250,ATM+2,PUT,24150,2026-07-17
2026-07-17 12:32:00+05:30,193.7,196.55,192.95,196.4,62075,1840735,16.589925,24273.75,24350.0,24250,ATM+2,PUT,24150,2026-07-17
2026-07-17 12:33:00+05:30,228.35,229.45,225.15,225.55,18915,2391870,17.038601,24280.45,24400.0,24250,ATM+2,PUT,24150,2026-07-17
2026-07-17 12:34:00+05:30,225.05,226.1,223.35,225.4,48750,2397070,17.065055,24281.15,24400.0,24250,ATM+2,PUT,24150,2026-07-17
2026-07-17 12:35:00+05:30,225.2,226.35,224.5,226.05,20215,2403375,17.139209,24281.3,24400.0,24250,ATM+2,PUT,24150,2026-07-17
2026-07-17 12:36:00+05:30,225.75,226.5,224.55,225.85,16445,2414360,17.140605,24281.65,24400.0,24250,ATM+2,PUT,24150,2026-07-17
2026-07-17 12:37:00+05:30,225.2,227.6,224.55,227.6,29575,2422745,17.157461,24278.9,24400.0,24250,ATM+2,PUT,24150,2026-07-17
2026-07-17 12:38:00+05:30,227.35,229.7,225.9,227.0,48100,2423590,17.076074,24278.5,24400.0,24250,ATM+2,PUT,24150,2026-07-17
2026-07-17 12:39:00+05:30,226.35,228.6,225.35,226.8,27170,2418650,17.014111,24277.75,24400.0,24250,ATM+2,PUT,24150,2026-07-17
2026-07-17 12:40:00+05:30,195.0,198.5,194.5,198.25,68835,1807520,16.39576,24266.55,24350.0,24250,ATM+2,PUT,24150,2026-07-17
2026-07-17 12:41:00+05:30,198.4,200.75,195.95,196.45,128830,1810315,16.354789,24269.05,24350.0,24250,ATM+2,PUT,24150,2026-07-17
2026-07-17 12:42:00+05:30,229.0,229.45,225.3,225.3,53105,2429895,17.007065,24280.15,24400.0,24250,ATM+2,PUT,24150,2026-07-17
2026-07-17 12:43:00+05:30,192.35,196.9,192.0,195.95,50375,1808625,16.624736,24275.0,24350.0,24250,ATM+2,PUT,24150,2026-07-17
2026-07-17 12:44:00+05:30,228.1,228.75,225.2,225.65,24050,2429570,16.865123,24277.05,24400.0,24250,ATM+2,PUT,24150,2026-07-17
2026-07-17 12:45:00+05:30,224.55,225.65,220.8,221.1,125710,2423720,16.786318,24283.5,24400.0,24250,ATM+2,PUT,24150,2026-07-17
2026-07-17 12:46:00+05:30,221.4,224.6,221.1,223.9,38675,2412930,16.993433,24282.25,24400.0,24250,ATM+2,PUT,24150,2026-07-17
2026-07-17 12:47:00+05:30,223.85,224.6,222.1,222.75,24700,2426125,17.125883,24286.55,24400.0,24250,ATM+2,PUT,24150,2026-07-17
2026-07-17 12:48:00+05:30,222.8,223.5,220.8,220.9,40170,2429895,16.983764,24287.25,24400.0,24250,ATM+2,PUT,24150,2026-07-17
2026-07-17 12:49:00+05:30,218.85,220.9,204.45,211.5,363935,2418000,16.437322,24294.0,24400.0,24250,ATM+2,PUT,24150,2026-07-17
2026-07-17 12:50:00+05:30,213.0,222.95,211.5,222.95,179140,2373085,16.981197,24283.6,24400.0,24250,ATM+2,PUT,24150,2026-07-17
2026-07-17 12:51:00+05:30,223.95,226.2,221.3,222.6,116675,2419365,16.818573,24281.35,24400.0,24250,ATM+2,PUT,24150,2026-07-17
2026-07-17 12:52:00+05:30,222.65,225.05,221.95,224.95,63245,2439385,16.960928,24279.75,24400.0,24250,ATM+2,PUT,24150,2026-07-17
2026-07-17 12:53:00+05:30,192.6,196.35,192.0,196.15,143325,1895075,16.523247,24272.5,24350.0,24250,ATM+2,PUT,24150,2026-07-17
2026-07-17 12:54:00+05:30,194.6,198.45,194.6,196.7,138515,1894685,16.652597,24273.9,24350.0,24250,ATM+2,PUT,24150,2026-07-17
2026-07-17 12:55:00+05:30,196.55,199.1,193.0,198.7,109070,1893060,16.706075,24271.2,24350.0,24250,ATM+2,PUT,24150,2026-07-17
2026-07-17 12:56:00+05:30,199.15,199.15,194.65,195.0,87035,1897675,16.522965,24274.55,24350.0,24250,ATM+2,PUT,24150,2026-07-17
2026-07-17 12:57:00+05:30,227.65,228.6,221.8,225.1,90805,2492685,17.016222,24280.35,24400.0,24250,ATM+2,PUT,24150,2026-07-17
2026-07-17 12:58:00+05:30,225.6,226.95,223.0,226.2,33605,2493530,17.045981,24278.95,24400.0,24250,ATM+2,PUT,24150,2026-07-17
2026-07-17 12:59:00+05:30,225.6,226.2,221.95,222.5,47515,2517125,16.929882,24283.3,24400.0,24250,ATM+2,PUT,24150,2026-07-17
2026-07-17 13:00:00+05:30,220.15,223.8,219.95,223.1,74425,2511925,16.96193,24282.8,24400.0,24250,ATM+2,PUT,24150,2026-07-17
2026-07-17 13:01:00+05:30,222.65,223.2,218.05,220.95,73580,2519985,16.804177,24283.75,24400.0,24250,ATM+2,PUT,24150,2026-07-17
2026-07-17 13:02:00+05:30,221.25,224.5,220.7,224.4,46995,2548260,16.854272,24278.65,24400.0,24250,ATM+2,PUT,24150,2026-07-17
2026-07-17 13:03:00+05:30,224.45,226.0,222.35,224.4,59215,2547350,16.973843,24280.7,24400.0,24250,ATM+2,PUT,24150,2026-07-17
2026-07-17 13:04:00+05:30,224.2,224.4,221.5,224.0,21125,2551770,16.886206,24279.85,24400.0,24250,ATM+2,PUT,24150,2026-07-17
2026-07-17 13:05:00+05:30,223.9,226.0,223.5,223.5,22425,2551770,16.909766,24281.1,24400.0,24250,ATM+2,PUT,24150,2026-07-17
2026-07-17 13:06:00+05:30,224.15,224.6,222.0,222.15,24180,2548000,16.940539,24283.95,24400.0,24250,ATM+2,PUT,24150,2026-07-17
2026-07-17 13:07:00+05:30,222.65,228.0,221.0,227.9,58825,2558140,17.080948,24276.45,24400.0,24250,ATM+2,PUT,24150,2026-07-17
2026-07-17 13:08:00+05:30,227.0,227.9,224.75,226.0,29380,2543255,17.083994,24279.75,24400.0,24250,ATM+2,PUT,24150,2026-07-17
2026-07-17 13:09:00+05:30,226.0,227.25,224.6,226.8,28210,2548130,17.063637,24278.0,24400.0,24250,ATM+2,PUT,24150,2026-07-17
2026-07-17 13:10:00+05:30,226.8,226.8,224.2,225.5,36985,2555865,17.022184,24279.5,24400.0,24250,ATM+2,PUT,24150,2026-07-17
2026-07-17 13:11:00+05:30,224.85,225.9,222.9,225.0,17810,2549105,16.962041,24279.3,24400.0,24250,ATM+2,PUT,24150,2026-07-17
2026-07-17 13:12:00+05:30,224.5,227.6,224.05,227.6,38805,2548130,17.109165,24277.35,24400.0,24250,ATM+2,PUT,24150,2026-07-17
2026-07-17 13:13:00+05:30,227.75,228.15,224.5,225.0,41860,2528760,16.798895,24276.45,24400.0,24250,ATM+2,PUT,24150,2026-07-17
2026-07-17 13:14:00+05:30,224.5,225.35,222.0,224.4,38935,2535910,17.093103,24282.55,24400.0,24250,ATM+2,PUT,24150,2026-07-17
2026-07-17 13:15:00+05:30,191.8,199.6,191.8,196.8,144885,1991145,16.580325,24271.9,24350.0,24250,ATM+2,PUT,24150,2026-07-17
2026-07-17 13:16:00+05:30,197.1,197.8,195.45,196.0,72800,1967160,16.55099,24272.8,24350.0,24250,ATM+2,PUT,24150,2026-07-17
2026-07-17 13:17:00+05:30,229.05,231.1,227.9,229.0,48295,2534935,17.141319,24275.4,24400.0,24250,ATM+2,PUT,24150,2026-07-17
2026-07-17 13:18:00+05:30,195.15,197.2,193.3,195.4,68510,1982045,16.481091,24272.55,24350.0,24250,ATM+2,PUT,24150,2026-07-17
2026-07-17 13:19:00+05:30,195.8,198.3,195.4,198.05,48360,1984580,16.837971,24274.35,24350.0,24250,ATM+2,PUT,24150,2026-07-17
2026-07-17 13:20:00+05:30,231.0,231.0,226.85,228.4,45955,2562365,17.195424,24277.3,24400.0,24250,ATM+2,PUT,24150,2026-07-17
2026-07-17 13:21:00+05:30,229.0,231.0,228.15,230.2,27755,2561260,17.384616,24277.45,24400.0,24250,ATM+2,PUT,24150,2026-07-17
2026-07-17 13:22:00+05:30,196.55,197.5,195.85,195.95,61100,1997190,16.635513,24274.35,24350.0,24250,ATM+2,PUT,24150,2026-07-17
2026-07-17 13:23:00+05:30,196.45,199.2,195.0,199.2,63440,2041845,16.672714,24269.05,24350.0,24250,ATM+2,PUT,24150,2026-07-17
2026-07-17 13:24:00+05:30,198.4,202.25,196.3,201.65,165295,2021565,16.774824,24266.45,24350.0,24250,ATM+2,PUT,24150,2026-07-17
2026-07-17 13:25:00+05:30,202.2,205.0,197.55,197.55,444600,2107820,16.491354,24268.65,24350.0,24250,ATM+2,PUT,24150,2026-07-17
2026-07-17 13:26:00+05:30,196.8,202.3,196.3,201.6,141310,2258165,16.693891,24265.0,24350.0,24250,ATM+2,PUT,24150,2026-07-17
2026-07-17 13:27:00+05:30,201.3,204.0,201.3,203.9,141310,2278445,16.750504,24261.85,24350.0,24250,ATM+2,PUT,24150,2026-07-17
2026-07-17 13:28:00+05:30,203.65,204.55,202.05,202.85,189150,2261870,16.582694,24260.65,24350.0,24250,ATM+2,PUT,24150,2026-07-17
2026-07-17 13:29:00+05:30,202.2,202.85,198.0,201.55,129220,2227225,16.816672,24267.3,24350.0,24250,ATM+2,PUT,24150,2026-07-17
2026-07-17 13:30:00+05:30,201.35,201.7,198.4,199.0,64285,2245750,16.69879,24269.75,24350.0,24250,ATM+2,PUT,24150,2026-07-17
2026-07-17 13:31:00+05:30,198.2,201.25,196.0,200.85,97370,2214680,16.790547,24268.05,24350.0,24250,ATM+2,PUT,24150,2026-07-17
2026-07-17 13:32:00+05:30,200.65,203.7,199.5,201.0,108095,2222285,16.722942,24266.5,24350.0,24250,ATM+2,PUT,24150,2026-07-17
2026-07-17 13:33:00+05:30,201.7,203.5,201.0,202.05,45175,2249845,16.689435,24263.95,24350.0,24250,ATM+2,PUT,24150,2026-07-17
2026-07-17 13:34:00+05:30,201.85,203.35,200.0,200.5,53885,2247570,16.632802,24265.7,24350.0,24250,ATM+2,PUT,24150,2026-07-17
2026-07-17 13:35:00+05:30,200.25,200.5,197.6,199.0,72735,2255565,16.588958,24267.6,24350.0,24250,ATM+2,PUT,24150,2026-07-17
2026-07-17 13:36:00+05:30,198.15,199.2,194.05,198.8,131820,2230670,16.688821,24269.8,24350.0,24250,ATM+2,PUT,24150,2026-07-17
2026-07-17 13:37:00+05:30,198.85,202.95,197.05,202.95,100750,2192255,16.823462,24264.7,24350.0,24250,ATM+2,PUT,24150,2026-07-17
2026-07-17 13:38:00+05:30,202.4,203.35,200.55,203.0,80015,2198365,16.889087,24265.8,24350.0,24250,ATM+2,PUT,24150,2026-07-17
2026-07-17 13:39:00+05:30,202.6,203.0,199.8,200.9,52130,2206945,16.882815,24269.5,24350.0,24250,ATM+2,PUT,24150,2026-07-17
2026-07-17 13:40:00+05:30,201.1,208.55,200.75,207.95,229060,2200185,16.968543,24258.25,24350.0,24250,ATM+2,PUT,24150,2026-07-17
2026-07-17 13:41:00+05:30,206.45,212.0,204.7,205.1,307255,2157805,16.48947,24254.65,24350.0,24250,ATM+2,PUT,24150,2026-07-17
2026-07-17 13:42:00+05:30,204.05,211.8,204.05,209.2,186160,2129530,16.70468,24251.2,24350.0,24250,ATM+2,PUT,24150,2026-07-17
2026-07-17 13:43:00+05:30,210.0,211.8,207.55,207.55,208845,2061020,16.382583,24248.35,24350.0,24250,ATM+2,PUT,24150,2026-07-17
2026-07-17 13:44:00+05:30,208.1,212.0,205.7,207.6,126815,1976455,16.718145,24254.25,24350.0,24250,ATM+2,PUT,24150,2026-07-17
2026-07-17 13:45:00+05:30,208.55,210.7,207.25,208.2,82420,1945580,16.675962,24252.4,24350.0,24250,ATM+2,PUT,24150,2026-07-17
2026-07-17 13:46:00+05:30,209.1,215.95,207.2,215.95,226460,1911910,17.037025,24245.1,24350.0,24250,ATM+2,PUT,24150,2026-07-17
2026-07-17 13:47:00+05:30,214.6,220.1,214.6,217.0,312130,1841970,16.77943,24238.7,24350.0,24250,ATM+2,PUT,24150,2026-07-17
2026-07-17 13:48:00+05:30,216.45,217.65,212.3,212.55,170105,1753050,16.811534,24247.05,24350.0,24250,ATM+2,PUT,24150,2026-07-17
2026-07-17 13:49:00+05:30,213.3,217.5,212.1,217.0,74035,1716390,16.853158,24239.95,24350.0,24250,ATM+2,PUT,24150,2026-07-17
2026-07-17 13:50:00+05:30,216.6,222.3,215.9,220.7,253240,1712750,16.476991,24227.05,24350.0,24250,ATM+2,PUT,24150,2026-07-17
2026-07-17 13:51:00+05:30,187.0,195.0,187.0,192.35,1846715,8392670,15.891782,24215.95,24300.0,24250,ATM+2,PUT,24150,2026-07-17
2026-07-17 13:52:00+05:30,192.9,192.9,187.6,190.8,833950,8086780,16.086835,24222.35,24300.0,24250,ATM+2,PUT,24150,2026-07-17
2026-07-17 13:53:00+05:30,223.7,224.35,220.45,221.6,120965,1611350,16.699662,24229.25,24350.0,24250,ATM+2,PUT,24150,2026-07-17
2026-07-17 13:54:00+05:30,220.25,222.5,216.35,217.1,131560,1574300,16.410549,24232.0,24350.0,24250,ATM+2,PUT,24150,2026-07-17
2026-07-17 13:55:00+05:30,218.9,221.1,212.55,215.0,144365,1548625,16.462676,24236.5,24350.0,24250,ATM+2,PUT,24150,2026-07-17
2026-07-17 13:56:00+05:30,215.25,219.7,215.0,216.9,70785,1532570,16.436474,24232.75,24350.0,24250,ATM+2,PUT,24150,2026-07-17
2026-07-17 13:57:00+05:30,216.0,217.8,213.5,215.15,66885,1536015,16.317689,24233.7,24350.0,24250,ATM+2,PUT,24150,2026-07-17
2026-07-17 13:58:00+05:30,214.55,216.95,212.6,214.15,142610,1536080,16.444609,24237.6,24350.0,24250,ATM+2,PUT,24150,2026-07-17
2026-07-17 13:59:00+05:30,213.9,214.15,200.0,203.15,281190,1443195,16.062064,24250.1,24350.0,24250,ATM+2,PUT,24150,2026-07-17
2026-07-17 14:00:00+05:30,204.0,207.25,202.15,203.55,101465,1413815,16.029585,24248.8,24350.0,24250,ATM+2,PUT,24150,2026-07-17
2026-07-17 14:01:00+05:30,203.7,208.0,203.0,205.9,83590,1420640,16.151282,24246.8,24350.0,24250,ATM+2,PUT,24150,2026-07-17
2026-07-17 14:02:00+05:30,206.0,209.7,205.35,208.0,70980,1424670,16.179538,24243.6,24350.0,24250,ATM+2,PUT,24150,2026-07-17
2026-07-17 14:03:00+05:30,207.85,209.15,205.9,205.9,63310,1442350,16.122301,24246.25,24350.0,24250,ATM+2,PUT,24150,2026-07-17
2026-07-17 14:04:00+05:30,205.2,206.1,202.05,204.2,82290,1435915,16.186067,24250.35,24350.0,24250,ATM+2,PUT,24150,2026-07-17
2026-07-17 14:05:00+05:30,204.0,204.2,199.2,201.3,85215,1432015,16.142914,24254.7,24350.0,24250,ATM+2,PUT,24150,2026-07-17
2026-07-17 14:06:00+05:30,201.2,206.0,200.55,206.0,78910,1418560,16.327847,24249.65,24350.0,24250,ATM+2,PUT,24150,2026-07-17
2026-07-17 14:07:00+05:30,206.15,206.3,203.05,203.1,66365,1442545,16.119471,24251.05,24350.0,24250,ATM+2,PUT,24150,2026-07-17
2026-07-17 14:08:00+05:30,203.8,206.95,202.15,205.2,37895,1441505,16.332102,24251.1,24350.0,24250,ATM+2,PUT,24150,2026-07-17
2026-07-17 14:09:00+05:30,205.1,205.2,203.45,203.95,21515,1451125,16.312717,24252.95,24350.0,24250,ATM+2,PUT,24150,2026-07-17
2026-07-17 14:10:00+05:30,203.4,204.1,201.1,202.65,58240,1445080,16.243454,24254.0,24350.0,24250,ATM+2,PUT,24150,2026-07-17
2026-07-17 14:11:00+05:30,201.65,202.65,193.1,193.1,166335,1428245,15.920086,24265.25,24350.0,24250,ATM+2,PUT,24150,2026-07-17
2026-07-17 14:12:00+05:30,194.9,195.0,187.7,189.4,175565,1433640,15.900656,24271.6,24350.0,24250,ATM+2,PUT,24150,2026-07-17
2026-07-17 14:13:00+05:30,223.5,223.5,213.6,215.4,174330,1823380,15.951989,24277.25,24400.0,24250,ATM+2,PUT,24150,2026-07-17
2026-07-17 14:14:00+05:30,215.6,217.35,211.7,212.25,128180,1858675,15.831589,24280.55,24400.0,24250,ATM+2,PUT,24150,2026-07-17
2026-07-17 14:15:00+05:30,247.8,247.8,189.8,189.8,122525,420615,14.425514,24345.4,24450.0,24250,ATM+2,PUT,24150,2026-07-17
2026-07-17 14:16:00+05:30,187.45,203.4,185.0,185.1,260195,460460,14.948571,24362.9,24450.0,24250,ATM+2,PUT,24150,2026-07-17
2026-07-17 14:17:00+05:30,186.15,199.3,183.75,195.5,163540,523380,15.112903,24347.45,24450.0,24250,ATM+2,PUT,24150,2026-07-17
2026-07-17 14:18:00+05:30,203.0,208.3,195.5,205.4,173940,556205,15.246776,24332.7,24450.0,24250,ATM+2,PUT,24150,2026-07-17
2026-07-17 14:19:00+05:30,175.25,188.15,173.55,188.15,786760,2400710,15.034008,24308.45,24400.0,24250,ATM+2,PUT,24150,2026-07-17
2026-07-17 14:20:00+05:30,187.9,191.1,180.8,191.1,460785,2308995,15.565654,24312.75,24400.0,24250,ATM+2,PUT,24150,2026-07-17
2026-07-17 14:21:00+05:30,190.0,196.2,187.0,193.55,474825,2269280,15.621345,24309.35,24400.0,24250,ATM+2,PUT,24150,2026-07-17
2026-07-17 14:22:00+05:30,193.55,204.0,193.55,204.0,430950,2241980,16.190013,24300.95,24400.0,24250,ATM+2,PUT,24150,2026-07-17
2026-07-17 14:23:00+05:30,203.85,208.3,200.1,208.3,386100,2227940,16.15144,24292.7,24400.0,24250,ATM+2,PUT,24150,2026-07-17
2026-07-17 14:24:00+05:30,207.0,208.7,201.05,202.05,288080,2223520,15.848857,24298.3,24400.0,24250,ATM+2,PUT,24150,2026-07-17
2026-07-17 14:25:00+05:30,202.35,202.7,189.55,193.65,327860,2169245,15.52155,24307.3,24400.0,24250,ATM+2,PUT,24150,2026-07-17
2026-07-17 14:26:00+05:30,194.5,194.95,188.55,190.4,193375,2151110,15.419991,24311.25,24400.0,24250,ATM+2,PUT,24150,2026-07-17
2026-07-17 14:27:00+05:30,192.4,193.0,188.0,188.75,159315,2177175,15.24097,24310.95,24400.0,24250,ATM+2,PUT,24150,2026-07-17
2026-07-17 14:28:00+05:30,186.85,188.95,183.55,188.95,216450,2194465,15.181229,24309.5,24400.0,24250,ATM+2,PUT,24150,2026-07-17
2026-07-17 14:29:00+05:30,188.75,207.2,188.75,203.8,487110,2207595,15.401799,24287.4,24400.0,24250,ATM+2,PUT,24150,2026-07-17
2026-07-17 14:30:00+05:30,203.0,203.8,192.0,193.5,291850,2240030,15.363583,24304.65,24400.0,24250,ATM+2,PUT,24150,2026-07-17
2026-07-17 14:31:00+05:30,191.8,198.3,191.55,197.1,173030,2263040,15.477097,24300.3,24400.0,24250,ATM+2,PUT,24150,2026-07-17
2026-07-17 14:32:00+05:30,197.65,198.8,195.0,197.65,98085,2283320,15.467631,24299.15,24400.0,24250,ATM+2,PUT,24150,2026-07-17
2026-07-17 14:33:00+05:30,196.9,199.15,195.6,196.5,65715,2273570,15.148018,24295.55,24400.0,24250,ATM+2,PUT,24150,2026-07-17
2026-07-17 14:34:00+05:30,197.15,197.95,193.8,195.35,78390,2265120,15.174822,24298.0,24400.0,24250,ATM+2,PUT,24150,2026-07-17
2026-07-17 14:35:00+05:30,195.45,197.25,194.5,196.95,65780,2276040,15.372571,24298.65,24400.0,24250,ATM+2,PUT,24150,2026-07-17
2026-07-17 14:36:00+05:30,196.6,201.75,196.6,200.0,151255,2264015,15.368399,24293.25,24400.0,24250,ATM+2,PUT,24150,2026-07-17
2026-07-17 14:37:00+05:30,200.1,202.0,196.2,199.8,114335,2244970,15.337899,24293.05,24400.0,24250,ATM+2,PUT,24150,2026-07-17
2026-07-17 14:38:00+05:30,200.05,202.6,194.35,196.0,134160,2235350,15.298104,24298.95,24400.0,24250,ATM+2,PUT,24150,2026-07-17
2026-07-17 14:39:00+05:30,196.75,198.05,195.65,195.85,81900,2227680,15.224194,24297.9,24400.0,24250,ATM+2,PUT,24150,2026-07-17
2026-07-17 14:40:00+05:30,195.8,196.55,192.55,195.55,105300,2234700,15.428634,24302.0,24400.0,24250,ATM+2,PUT,24150,2026-07-17
2026-07-17 14:41:00+05:30,195.15,196.55,188.15,188.8,152165,2247440,15.310581,24311.85,24400.0,24250,ATM+2,PUT,24150,2026-07-17
2026-07-17 14:42:00+05:30,188.1,192.05,188.0,188.1,134485,2269410,15.161631,24310.4,24400.0,24250,ATM+2,PUT,24150,2026-07-17
2026-07-17 14:43:00+05:30,189.1,189.65,183.95,188.75,154960,2296320,15.321593,24312.1,24400.0,24250,ATM+2,PUT,24150,2026-07-17
2026-07-17 14:44:00+05:30,188.7,188.9,182.0,183.6,138190,2293525,15.118258,24317.65,24400.0,24250,ATM+2,PUT,24150,2026-07-17
2026-07-17 14:45:00+05:30,184.5,186.0,183.25,184.4,162890,2337400,15.299603,24319.5,24400.0,24250,ATM+2,PUT,24150,2026-07-17
2026-07-17 14:46:00+05:30,217.05,220.0,211.4,212.75,42640,554450,15.560535,24325.05,24450.0,24250,ATM+2,PUT,24150,2026-07-17
2026-07-17 14:47:00+05:30,181.7,183.85,180.65,183.1,111605,2375035,15.287438,24321.6,24400.0,24250,ATM+2,PUT,24150,2026-07-17
2026-07-17 14:48:00+05:30,182.8,186.55,181.5,181.55,140595,2417155,15.061752,24320.25,24400.0,24250,ATM+2,PUT,24150,2026-07-17
2026-07-17 14:49:00+05:30,181.65,181.9,179.2,181.9,136110,2421575,15.300938,24324.0,24400.0,24250,ATM+2,PUT,24150,2026-07-17
2026-07-17 14:50:00+05:30,181.55,185.9,179.8,183.85,144950,2439385,15.277767,24320.0,24400.0,24250,ATM+2,PUT,24150,2026-07-17
2026-07-17 14:51:00+05:30,183.3,186.15,180.4,185.0,107250,2443220,15.231331,24317.05,24400.0,24250,ATM+2,PUT,24150,2026-07-17
2026-07-17 14:52:00+05:30,185.1,185.1,182.6,184.35,64805,2467920,15.307554,24319.6,24400.0,24250,ATM+2,PUT,24150,2026-07-17
2026-07-17 14:53:00+05:30,184.5,188.7,182.9,183.0,136175,2427555,15.22409,24320.5,24400.0,24250,ATM+2,PUT,24150,2026-07-17
2026-07-17 14:54:00+05:30,182.9,187.3,182.9,183.55,108875,2407990,15.304066,24320.95,24400.0,24250,ATM+2,PUT,24150,2026-07-17
2026-07-17 14:55:00+05:30,217.0,218.5,212.15,212.9,29315,594425,15.725605,24327.4,24450.0,24250,ATM+2,PUT,24150,2026-07-17
2026-07-17 14:56:00+05:30,178.45,183.5,174.6,181.75,352235,2364635,15.342166,24324.9,24400.0,24250,ATM+2,PUT,24150,2026-07-17
2026-07-17 14:57:00+05:30,181.05,185.3,180.45,183.8,107770,2386215,15.36733,24321.6,24400.0,24250,ATM+2,PUT,24150,2026-07-17
2026-07-17 14:58:00+05:30,183.1,187.25,183.0,185.45,164710,2392195,15.217345,24315.85,24400.0,24250,ATM+2,PUT,24150,2026-07-17
2026-07-17 14:59:00+05:30,185.2,189.35,184.0,188.5,149825,2400645,15.294323,24311.75,24400.0,24250,ATM+2,PUT,24150,2026-07-17
2026-07-17 15:00:00+05:30,186.9,190.55,176.55,177.85,432770,2436655,14.895882,24323.7,24400.0,24250,ATM+2,PUT,24150,2026-07-17
2026-07-17 15:01:00+05:30,210.1,212.9,201.15,209.5,149045,600535,15.281078,24325.6,24450.0,24250,ATM+2,PUT,24150,2026-07-17
2026-07-17 15:02:00+05:30,179.25,183.35,176.4,180.15,175825,2453880,15.160684,24324.35,24400.0,24250,ATM+2,PUT,24150,2026-07-17
2026-07-17 15:03:00+05:30,180.2,184.15,178.4,183.85,95160,2457520,15.17942,24317.95,24400.0,24250,ATM+2,PUT,24150,2026-07-17
2026-07-17 15:04:00+05:30,184.9,185.4,181.25,182.9,162370,2431000,15.310207,24322.05,24400.0,24250,ATM+2,PUT,24150,2026-07-17
2026-07-17 15:05:00+05:30,214.25,215.45,208.45,210.25,37310,588055,15.477994,24327.55,24450.0,24250,ATM+2,PUT,24150,2026-07-17
2026-07-17 15:06:00+05:30,210.0,211.0,207.0,208.6,48815,582335,15.470591,24330.2,24450.0,24250,ATM+2,PUT,24150,2026-07-17
2026-07-17 15:07:00+05:30,208.4,210.0,203.85,206.35,59800,587405,15.487683,24334.3,24450.0,24250,ATM+2,PUT,24150,2026-07-17
2026-07-17 15:08:00+05:30,208.0,210.95,206.35,209.0,26325,587015,15.625563,24332.1,24450.0,24250,ATM+2,PUT,24150,2026-07-17
2026-07-17 15:09:00+05:30,209.55,211.0,207.0,208.25,35360,569725,15.636696,24333.55,24450.0,24250,ATM+2,PUT,24150,2026-07-17
2026-07-17 15:10:00+05:30,209.6,210.8,208.25,208.3,26715,570700,15.536547,24331.75,24450.0,24250,ATM+2,PUT,24150,2026-07-17
2026-07-17 15:11:00+05:30,208.65,208.95,206.35,207.2,17745,572715,15.456438,24332.25,24450.0,24250,ATM+2,PUT,24150,2026-07-17
2026-07-17 15:12:00+05:30,207.2,207.2,202.2,204.4,54925,562965,15.399875,24336.05,24450.0,24250,ATM+2,PUT,24150,2026-07-17
2026-07-17 15:13:00+05:30,205.2,208.15,204.4,206.45,28210,569530,15.539428,24334.9,24450.0,24250,ATM+2,PUT,24150,2026-07-17
2026-07-17 15:14:00+05:30,207.45,214.35,206.45,212.8,64545,546455,15.816389,24328.75,24450.0,24250,ATM+2,PUT,24150,2026-07-17
2026-07-17 15:15:00+05:30,181.95,187.6,180.5,183.9,373035,2137525,15.518625,24323.85,24400.0,24250,ATM+2,PUT,24150,2026-07-17
2026-07-17 15:16:00+05:30,185.0,186.7,183.9,184.25,134745,2120235,15.502928,24322.9,24400.0,24250,ATM+2,PUT,24150,2026-07-17
2026-07-17 15:17:00+05:30,218.0,218.0,212.7,215.05,40235,515385,15.856015,24325.55,24450.0,24250,ATM+2,PUT,24150,2026-07-17
2026-07-17 15:18:00+05:30,214.5,218.05,213.25,218.05,31070,506350,16.35273,24328.8,24450.0,24250,ATM+2,PUT,24150,2026-07-17
2026-07-17 15:19:00+05:30,217.4,218.05,214.7,216.95,19630,506350,16.25491,24329.0,24450.0,24250,ATM+2,PUT,24150,2026-07-17
2026-07-17 15:20:00+05:30,216.95,217.0,213.8,214.6,30420,480675,16.251922,24332.95,24450.0,24250,ATM+2,PUT,24150,2026-07-17
2026-07-17 15:21:00+05:30,214.25,215.85,204.25,204.25,73710,458250,15.223024,24333.15,24450.0,24250,ATM+2,PUT,24150,2026-07-17
2026-07-17 15:22:00+05:30,205.5,206.95,201.55,205.3,47580,451620,15.547908,24336.85,24450.0,24250,ATM+2,PUT,24150,2026-07-17
2026-07-17 15:23:00+05:30,205.35,206.4,203.2,204.15,23140,457275,15.497804,24337.95,24450.0,24250,ATM+2,PUT,24150,2026-07-17
2026-07-17 15:24:00+05:30,203.0,204.15,198.0,201.0,41665,456690,15.464961,24342.8,24450.0,24250,ATM+2,PUT,24150,2026-07-17
2026-07-17 15:25:00+05:30,201.4,204.3,200.25,201.3,63505,453375,15.622983,24345.0,24450.0,24250,ATM+2,PUT,24150,2026-07-17
2026-07-17 15:26:00+05:30,202.05,203.0,198.75,200.55,48880,442195,15.421992,24342.8,24450.0,24250,ATM+2,PUT,24150,2026-07-17
2026-07-17 15:27:00+05:30,201.65,201.7,197.8,198.0,31395,449605,15.236915,24344.0,24450.0,24250,ATM+2,PUT,24150,2026-07-17
2026-07-17 15:28:00+05:30,198.4,199.25,190.35,192.0,71435,444275,14.365571,24339.4,24450.0,24250,ATM+2,PUT,24150,2026-07-17
2026-07-17 15:29:00+05:30,193.35,193.35,186.65,187.25,91260,437970,14.317387,24346.7,24450.0,24250,ATM+2,PUT,24150,2026-07-17
2026-07-17 09:15:00+05:30,47.35,58.8,41.95,58.7,1955720,6137755,10.391927,24151.25,24300.0,24300,ATM+3,CALL,24150,2026-07-17
2026-07-17 09:16:00+05:30,59.75,63.4,58.6,63.4,2080585,6329440,10.177266,24171.0,24300.0,24300,ATM+3,CALL,24150,2026-07-17
2026-07-17 09:17:00+05:30,48.75,51.05,48.3,49.45,776945,2687165,10.220125,24176.15,24350.0,24300,ATM+3,CALL,24150,2026-07-17
2026-07-17 09:18:00+05:30,49.65,54.7,49.45,54.6,704340,2668250,10.410022,24187.4,24350.0,24300,ATM+3,CALL,24150,2026-07-17
2026-07-17 09:19:00+05:30,55.3,57.55,53.4,55.05,743210,2656030,10.444351,24187.85,24350.0,24300,ATM+3,CALL,24150,2026-07-17
2026-07-17 09:20:00+05:30,54.05,56.95,52.5,53.8,627900,2620020,10.313701,24187.75,24350.0,24300,ATM+3,CALL,24150,2026-07-17
2026-07-17 09:21:00+05:30,53.55,54.3,51.6,52.1,399295,2634905,10.197373,24185.75,24350.0,24300,ATM+3,CALL,24150,2026-07-17
2026-07-17 09:22:00+05:30,52.1,54.15,51.45,53.75,379925,2699840,10.276491,24188.75,24350.0,24300,ATM+3,CALL,24150,2026-07-17
2026-07-17 09:23:00+05:30,53.55,54.3,51.7,51.7,240760,2721030,10.142352,24186.15,24350.0,24300,ATM+3,CALL,24150,2026-07-17
2026-07-17 09:24:00+05:30,51.9,55.15,50.8,54.85,401180,2747680,10.290139,24191.9,24350.0,24300,ATM+3,CALL,24150,2026-07-17
2026-07-17 09:25:00+05:30,54.55,58.15,54.25,57.2,659815,2762760,10.303276,24198.85,24350.0,24300,ATM+3,CALL,24150,2026-07-17
2026-07-17 09:26:00+05:30,57.45,58.75,56.25,56.65,448500,2788825,10.212944,24199.8,24350.0,24300,ATM+3,CALL,24150,2026-07-17
2026-07-17 09:27:00+05:30,56.6,59.05,55.5,57.7,489255,2799550,10.219059,24202.85,24350.0,24300,ATM+3,CALL,24150,2026-07-17
2026-07-17 09:28:00+05:30,58.1,58.4,57.05,58.1,265330,2738840,10.194024,24204.8,24350.0,24300,ATM+3,CALL,24150,2026-07-17
2026-07-17 09:29:00+05:30,57.65,60.45,57.5,60.25,371085,2757170,10.236921,24210.0,24350.0,24300,ATM+3,CALL,24150,2026-07-17
2026-07-17 09:30:00+05:30,60.7,61.35,56.15,57.15,836030,2714140,10.134234,24203.7,24350.0,24300,ATM+3,CALL,24150,2026-07-17
2026-07-17 09:31:00+05:30,57.45,58.4,54.15,54.25,530595,2804750,10.063516,24196.85,24350.0,24300,ATM+3,CALL,24150,2026-07-17
2026-07-17 09:32:00+05:30,54.55,57.25,52.75,57.25,384280,2768935,10.094338,24205.2,24350.0,24300,ATM+3,CALL,24150,2026-07-17
2026-07-17 09:33:00+05:30,57.3,59.35,56.2,58.3,445445,2800330,10.012122,24210.7,24350.0,24300,ATM+3,CALL,24150,2026-07-17
2026-07-17 09:34:00+05:30,58.85,61.1,55.85,56.25,574600,2844985,9.941739,24206.6,24350.0,24300,ATM+3,CALL,24150,2026-07-17
2026-07-17 09:35:00+05:30,56.35,57.3,55.75,55.75,235625,2928575,9.874151,24207.05,24350.0,24300,ATM+3,CALL,24150,2026-07-17
2026-07-17 09:36:00+05:30,55.65,56.95,54.1,56.6,293605,2924805,9.882413,24209.4,24350.0,24300,ATM+3,CALL,24150,2026-07-17
2026-07-17 09:37:00+05:30,56.55,59.35,55.8,59.3,325845,2907125,9.922807,24216.25,24350.0,24300,ATM+3,CALL,24150,2026-07-17
2026-07-17 09:38:00+05:30,59.7,60.8,58.2,60.25,546455,2901340,9.831393,24221.55,24350.0,24300,ATM+3,CALL,24150,2026-07-17
2026-07-17 09:39:00+05:30,60.45,61.4,58.3,58.5,374270,2925585,9.737609,24219.15,24350.0,24300,ATM+3,CALL,24150,2026-07-17
2026-07-17 09:40:00+05:30,58.75,60.95,57.9,59.9,350220,2961075,9.815242,24221.05,24350.0,24300,ATM+3,CALL,24150,2026-07-17
2026-07-17 09:41:00+05:30,59.6,61.0,58.95,59.55,255125,2987595,9.738415,24222.2,24350.0,24300,ATM+3,CALL,24150,2026-07-17
2026-07-17 09:42:00+05:30,60.0,61.2,59.3,60.4,225160,2966600,9.736333,24224.7,24350.0,24300,ATM+3,CALL,24150,2026-07-17
2026-07-17 09:43:00+05:30,45.35,47.8,45.35,46.55,732615,6840730,9.931875,24225.15,24400.0,24300,ATM+3,CALL,24150,2026-07-17
2026-07-17 09:44:00+05:30,47.45,49.9,45.85,48.4,999635,6821685,9.938495,24231.3,24400.0,24300,ATM+3,CALL,24150,2026-07-17
2026-07-17 09:45:00+05:30,48.1,53.05,48.1,49.9,1340885,6761170,9.999206,24234.5,24400.0,24300,ATM+3,CALL,24150,2026-07-17
2026-07-17 09:46:00+05:30,50.4,52.9,49.35,51.8,730600,6761170,9.975062,24241.45,24400.0,24300,ATM+3,CALL,24150,2026-07-17
2026-07-17 09:47:00+05:30,51.8,53.8,50.85,50.9,811980,6743945,10.049128,24236.35,24400.0,24300,ATM+3,CALL,24150,2026-07-17
2026-07-17 09:48:00+05:30,51.15,53.25,50.9,52.4,548665,6778915,10.089225,24240.05,24400.0,24300,ATM+3,CALL,24150,2026-07-17
2026-07-17 09:49:00+05:30,52.4,52.6,50.5,51.1,397670,6808165,10.056224,24236.85,24400.0,24300,ATM+3,CALL,24150,2026-07-17
2026-07-17 09:50:00+05:30,51.05,53.75,51.05,52.8,514475,6850610,10.027944,24243.2,24400.0,24300,ATM+3,CALL,24150,2026-07-17
2026-07-17 09:51:00+05:30,52.6,53.0,48.35,48.4,715975,6861205,10.023992,24228.9,24400.0,24300,ATM+3,CALL,24150,2026-07-17
2026-07-17 09:52:00+05:30,49.2,49.5,47.7,47.95,520195,6913595,9.940585,24229.95,24400.0,24300,ATM+3,CALL,24150,2026-07-17
2026-07-17 09:53:00+05:30,47.85,50.2,47.25,50.2,372515,6962085,10.08639,24233.1,24400.0,24300,ATM+3,CALL,24150,2026-07-17
2026-07-17 09:54:00+05:30,50.2,54.0,49.9,52.45,543660,6967220,10.102225,24240.0,24400.0,24300,ATM+3,CALL,24150,2026-07-17
2026-07-17 09:55:00+05:30,52.1,52.45,48.65,48.75,475150,6985615,10.024051,24230.2,24400.0,24300,ATM+3,CALL,24150,2026-07-17
2026-07-17 09:56:00+05:30,63.65,64.5,60.1,61.35,435825,2980900,9.906171,24223.1,24350.0,24300,ATM+3,CALL,24150,2026-07-17
2026-07-17 09:57:00+05:30,61.4,61.45,57.9,59.4,309010,2982460,9.841294,24219.35,24350.0,24300,ATM+3,CALL,24150,2026-07-17
2026-07-17 09:58:00+05:30,44.95,47.55,44.3,47.45,465465,7027085,9.920165,24229.05,24400.0,24300,ATM+3,CALL,24150,2026-07-17
2026-07-17 09:59:00+05:30,47.65,48.2,46.3,48.05,342160,7023380,9.994491,24228.85,24400.0,24300,ATM+3,CALL,24150,2026-07-17
2026-07-17 10:00:00+05:30,63.0,64.9,58.65,58.9,352105,3044600,9.709282,24221.65,24350.0,24300,ATM+3,CALL,24150,2026-07-17
2026-07-17 10:01:00+05:30,59.2,61.0,54.9,55.4,516945,3091530,9.676227,24212.35,24350.0,24300,ATM+3,CALL,24150,2026-07-17
2026-07-17 10:02:00+05:30,56.5,57.05,55.4,56.2,325455,3091595,9.635671,24215.9,24350.0,24300,ATM+3,CALL,24150,2026-07-17
2026-07-17 10:03:00+05:30,56.3,57.0,55.0,56.45,310895,3092245,9.696593,24214.95,24350.0,24300,ATM+3,CALL,24150,2026-07-17
2026-07-17 10:04:00+05:30,56.55,56.85,54.15,55.15,291850,3128970,9.57687,24214.5,24350.0,24300,ATM+3,CALL,24150,2026-07-17
2026-07-17 10:05:00+05:30,55.15,59.2,54.95,58.9,307190,3144765,9.726747,24221.3,24350.0,24300,ATM+3,CALL,24150,2026-07-17
2026-07-17 10:06:00+05:30,58.6,60.2,58.45,58.5,328640,3120650,9.635581,24222.7,24350.0,24300,ATM+3,CALL,24150,2026-07-17
2026-07-17 10:07:00+05:30,44.0,45.2,43.85,45.0,177710,7200960,9.764186,24225.65,24400.0,24300,ATM+3,CALL,24150,2026-07-17
2026-07-17 10:08:00+05:30,44.95,45.7,44.2,45.55,184990,7195110,9.764149,24227.6,24400.0,24300,ATM+3,CALL,24150,2026-07-17
2026-07-17 10:09:00+05:30,45.85,48.3,45.55,46.5,407160,7168330,9.730003,24231.95,24400.0,24300,ATM+3,CALL,24150,2026-07-17
2026-07-17 10:10:00+05:30,46.35,47.5,46.0,46.35,230035,7195500,9.756647,24230.65,24400.0,24300,ATM+3,CALL,24150,2026-07-17
2026-07-17 10:11:00+05:30,46.45,46.95,45.7,46.9,141960,7225010,9.733901,24233.25,24400.0,24300,ATM+3,CALL,24150,2026-07-17
2026-07-17 10:12:00+05:30,47.25,51.05,46.9,51.0,597350,7220720,9.965551,24239.9,24400.0,24300,ATM+3,CALL,24150,2026-07-17
2026-07-17 10:13:00+05:30,51.0,53.1,51.0,51.6,834860,7230145,9.822252,24246.1,24400.0,24300,ATM+3,CALL,24150,2026-07-17
2026-07-17 10:14:00+05:30,51.5,51.6,48.65,48.7,428740,7247110,9.717507,24239.85,24400.0,24300,ATM+3,CALL,24150,2026-07-17
2026-07-17 10:15:00+05:30,48.9,51.7,48.4,50.95,420550,7281820,9.767375,24245.7,24400.0,24300,ATM+3,CALL,24150,2026-07-17
2026-07-17 10:16:00+05:30,51.3,52.55,50.9,51.15,400660,7314710,9.740814,24247.15,24400.0,24300,ATM+3,CALL,24150,2026-07-17
2026-07-17 10:17:00+05:30,51.3,55.95,50.95,55.95,783640,7297940,10.032469,24253.65,24400.0,24300,ATM+3,CALL,24150,2026-07-17
2026-07-17 10:18:00+05:30,55.3,74.25,55.25,71.5,3017950,7078110,10.894285,24274.45,24400.0,24300,ATM+3,CALL,24150,2026-07-17
2026-07-17 10:19:00+05:30,72.35,74.4,65.5,67.6,2047110,6629870,10.516506,24273.95,24400.0,24300,ATM+3,CALL,24150,2026-07-17
2026-07-17 10:20:00+05:30,67.25,70.2,64.4,64.55,1009645,6784765,10.468839,24266.75,24400.0,24300,ATM+3,CALL,24150,2026-07-17
2026-07-17 10:21:00+05:30,65.2,66.3,63.6,64.45,680420,6802250,10.403061,24268.3,24400.0,24300,ATM+3,CALL,24150,2026-07-17
2026-07-17 10:22:00+05:30,63.45,64.45,61.5,62.1,642850,6919445,10.354451,24262.95,24400.0,24300,ATM+3,CALL,24150,2026-07-17
2026-07-17 10:23:00+05:30,61.65,62.1,59.75,60.25,635180,6960590,10.310721,24258.8,24400.0,24300,ATM+3,CALL,24150,2026-07-17
2026-07-17 10:24:00+05:30,60.55,60.65,58.25,59.85,591955,7019480,10.383214,24255.6,24400.0,24300,ATM+3,CALL,24150,2026-07-17
2026-07-17 10:25:00+05:30,60.55,63.1,58.8,62.25,605670,7064980,10.338902,24263.9,24400.0,24300,ATM+3,CALL,24150,2026-07-17
2026-07-17 10:26:00+05:30,62.4,63.0,60.85,62.45,609050,7204145,10.2939,24265.75,24400.0,24300,ATM+3,CALL,24150,2026-07-17
2026-07-17 10:27:00+05:30,62.8,64.7,61.85,62.95,585390,7299435,10.277865,24267.65,24400.0,24300,ATM+3,CALL,24150,2026-07-17
2026-07-17 10:28:00+05:30,62.9,66.1,62.9,65.55,540865,7330375,10.33994,24273.3,24400.0,24300,ATM+3,CALL,24150,2026-07-17
2026-07-17 10:29:00+05:30,49.75,54.1,49.75,53.4,387985,2866955,10.501609,24281.55,24450.0,24300,ATM+3,CALL,24150,2026-07-17
2026-07-17 10:30:00+05:30,53.5,53.5,50.2,52.05,310700,2854410,10.426483,24279.4,24450.0,24300,ATM+3,CALL,24150,2026-07-17
2026-07-17 10:31:00+05:30,52.15,54.75,52.05,54.7,398580,2850965,10.593209,24283.1,24450.0,24300,ATM+3,CALL,24150,2026-07-17
2026-07-17 10:32:00+05:30,54.35,57.55,53.7,53.7,597155,2855905,10.414723,24285.2,24450.0,24300,ATM+3,CALL,24150,2026-07-17
2026-07-17 10:33:00+05:30,53.7,53.8,51.4,52.65,302185,2858635,10.487089,24279.65,24450.0,24300,ATM+3,CALL,24150,2026-07-17
2026-07-17 10:34:00+05:30,52.65,54.9,52.3,54.65,177645,2858570,10.550366,24284.3,24450.0,24300,ATM+3,CALL,24150,2026-07-17
2026-07-17 10:35:00+05:30,71.6,71.7,63.8,64.1,740935,6862960,10.238535,24272.2,24400.0,24300,ATM+3,CALL,24150,2026-07-17
2026-07-17 10:36:00+05:30,64.25,65.0,63.0,64.3,477555,6865820,10.249117,24272.5,24400.0,24300,ATM+3,CALL,24150,2026-07-17
2026-07-17 10:37:00+05:30,64.5,64.8,61.25,61.25,381680,6865820,10.12617,24267.25,24400.0,24300,ATM+3,CALL,24150,2026-07-17
2026-07-17 10:38:00+05:30,61.0,62.8,59.7,62.2,586170,6840795,10.205857,24267.8,24400.0,24300,ATM+3,CALL,24150,2026-07-17
2026-07-17 10:39:00+05:30,62.35,62.95,61.05,61.05,266825,6888245,10.10739,24267.25,24400.0,24300,ATM+3,CALL,24150,2026-07-17
2026-07-17 10:40:00+05:30,61.2,62.9,60.5,62.75,288080,6943690,10.241259,24268.45,24400.0,24300,ATM+3,CALL,24150,2026-07-17
2026-07-17 10:41:00+05:30,62.35,63.35,61.8,62.75,250575,6957925,10.158442,24270.75,24400.0,24300,ATM+3,CALL,24150,2026-07-17
2026-07-17 10:42:00+05:30,63.3,63.65,61.8,62.25,280150,6964620,10.162387,24269.25,24400.0,24300,ATM+3,CALL,24150,2026-07-17
2026-07-17 10:43:00+05:30,61.85,62.25,55.3,55.6,1029730,6967805,10.211903,24248.15,24400.0,24300,ATM+3,CALL,24150,2026-07-17
2026-07-17 10:44:00+05:30,57.75,58.4,55.6,57.2,598650,6938555,10.000326,24259.1,24400.0,24300,ATM+3,CALL,24150,2026-07-17
2026-07-17 10:45:00+05:30,57.45,57.8,53.75,53.75,647725,6962735,9.837546,24253.3,24400.0,24300,ATM+3,CALL,24150,2026-07-17
2026-07-17 10:46:00+05:30,53.7,55.05,52.85,54.4,511355,6995300,9.935784,24252.5,24400.0,24300,ATM+3,CALL,24150,2026-07-17
2026-07-17 10:47:00+05:30,54.5,56.4,53.75,56.05,281190,7001020,10.046587,24254.4,24400.0,24300,ATM+3,CALL,24150,2026-07-17
2026-07-17 10:48:00+05:30,55.6,56.05,53.5,53.5,270920,7024680,9.803313,24253.6,24400.0,24300,ATM+3,CALL,24150,2026-07-17
2026-07-17 10:49:00+05:30,53.65,54.2,52.3,52.6,332540,7034820,9.835237,24249.9,24400.0,24300,ATM+3,CALL,24150,2026-07-17
2026-07-17 10:50:00+05:30,52.6,54.55,52.1,53.4,526890,7079605,9.88268,24251.05,24400.0,24300,ATM+3,CALL,24150,2026-07-17
2026-07-17 10:51:00+05:30,53.5,53.55,51.05,51.25,285480,7117370,9.725633,24248.9,24400.0,24300,ATM+3,CALL,24150,2026-07-17
2026-07-17 10:52:00+05:30,51.3,52.9,50.35,52.75,293280,7102160,9.79064,24251.75,24400.0,24300,ATM+3,CALL,24150,2026-07-17
2026-07-17 10:53:00+05:30,53.15,55.5,52.75,54.75,563550,7179835,9.851241,24256.2,24400.0,24300,ATM+3,CALL,24150,2026-07-17
2026-07-17 10:54:00+05:30,54.65,55.05,52.0,53.1,447980,7277400,9.6987,24255.55,24400.0,24300,ATM+3,CALL,24150,2026-07-17
2026-07-17 10:55:00+05:30,53.15,53.7,51.65,53.7,253955,7260890,9.722056,24256.75,24400.0,24300,ATM+3,CALL,24150,2026-07-17
2026-07-17 10:56:00+05:30,53.75,55.85,53.35,54.85,413010,7240545,9.877045,24255.85,24400.0,24300,ATM+3,CALL,24150,2026-07-17
2026-07-17 10:57:00+05:30,54.95,55.05,53.1,53.95,201955,7258030,9.759378,24256.5,24400.0,24300,ATM+3,CALL,24150,2026-07-17
2026-07-17 10:58:00+05:30,54.25,55.95,53.9,55.65,226785,7257900,9.897563,24257.75,24400.0,24300,ATM+3,CALL,24150,2026-07-17
2026-07-17 10:59:00+05:30,55.95,56.0,54.5,54.95,294320,7287865,9.850425,24257.0,24400.0,24300,ATM+3,CALL,24150,2026-07-17
2026-07-17 11:00:00+05:30,54.75,57.2,54.35,55.85,326365,7257250,9.84509,24259.9,24400.0,24300,ATM+3,CALL,24150,2026-07-17
2026-07-17 11:01:00+05:30,56.05,56.9,54.0,54.45,301535,7267000,9.813104,24256.6,24400.0,24300,ATM+3,CALL,24150,2026-07-17
2026-07-17 11:02:00+05:30,54.3,54.45,51.55,51.8,379080,7251660,9.807757,24248.55,24400.0,24300,ATM+3,CALL,24150,2026-07-17
2026-07-17 11:03:00+05:30,52.05,53.65,51.8,53.6,225745,7272070,9.947973,24250.15,24400.0,24300,ATM+3,CALL,24150,2026-07-17
2026-07-17 11:04:00+05:30,53.55,55.3,53.2,55.3,193830,7259005,9.852223,24258.15,24400.0,24300,ATM+3,CALL,24150,2026-07-17
2026-07-17 11:05:00+05:30,55.45,57.05,55.25,56.4,483015,7163780,9.826836,24262.2,24400.0,24300,ATM+3,CALL,24150,2026-07-17
2026-07-17 11:06:00+05:30,55.65,56.85,54.5,56.75,303745,7186465,9.875404,24261.9,24400.0,24300,ATM+3,CALL,24150,2026-07-17
2026-07-17 11:07:00+05:30,56.75,56.8,51.15,51.25,456495,7200375,9.834886,24246.15,24400.0,24300,ATM+3,CALL,24150,2026-07-17
2026-07-17 11:08:00+05:30,51.05,51.3,48.4,50.0,690755,7221240,9.962777,24238.35,24400.0,24300,ATM+3,CALL,24150,2026-07-17
2026-07-17 11:09:00+05:30,50.2,50.95,49.35,50.45,287625,7210190,9.893668,24241.9,24400.0,24300,ATM+3,CALL,24150,2026-07-17
2026-07-17 11:10:00+05:30,50.35,50.95,48.5,48.75,382070,7314775,9.808486,24238.9,24400.0,24300,ATM+3,CALL,24150,2026-07-17
2026-07-17 11:11:00+05:30,48.9,50.85,48.65,50.45,331890,7290530,9.934429,24240.75,24400.0,24300,ATM+3,CALL,24150,2026-07-17
2026-07-17 11:12:00+05:30,50.2,51.0,49.8,50.45,240305,7257120,9.903351,24241.7,24400.0,24300,ATM+3,CALL,24150,2026-07-17
2026-07-17 11:13:00+05:30,50.85,50.85,48.05,48.7,241930,7286760,9.839272,24237.9,24400.0,24300,ATM+3,CALL,24150,2026-07-17
2026-07-17 11:14:00+05:30,48.8,50.95,48.1,50.4,345410,7280780,10.101629,24235.7,24400.0,24300,ATM+3,CALL,24150,2026-07-17
2026-07-17 11:15:00+05:30,50.15,50.9,49.35,50.3,185250,7267910,9.982509,24238.95,24400.0,24300,ATM+3,CALL,24150,2026-07-17
2026-07-17 11:16:00+05:30,50.3,50.45,47.85,47.95,286325,7313930,9.84387,24235.35,24400.0,24300,ATM+3,CALL,24150,2026-07-17
2026-07-17 11:17:00+05:30,48.0,49.9,47.95,48.55,377585,7311200,9.773098,24239.5,24400.0,24300,ATM+3,CALL,24150,2026-07-17
2026-07-17 11:18:00+05:30,48.8,48.9,47.05,47.2,258505,7348705,9.710924,24236.9,24400.0,24300,ATM+3,CALL,24150,2026-07-17
2026-07-17 11:19:00+05:30,47.25,49.1,46.7,48.6,391950,7364370,9.708522,24241.65,24400.0,24300,ATM+3,CALL,24150,2026-07-17
2026-07-17 11:20:00+05:30,48.65,49.25,48.5,48.8,225810,7392320,9.728165,24241.75,24400.0,24300,ATM+3,CALL,24150,2026-07-17
2026-07-17 11:21:00+05:30,48.85,49.15,48.2,49.15,172705,7405190,9.769352,24241.7,24400.0,24300,ATM+3,CALL,24150,2026-07-17
2026-07-17 11:22:00+05:30,49.25,52.0,49.15,51.1,482170,7411105,9.720452,24249.45,24400.0,24300,ATM+3,CALL,24150,2026-07-17
2026-07-17 11:23:00+05:30,51.1,51.1,47.6,48.25,312585,7433725,9.780785,24238.45,24400.0,24300,ATM+3,CALL,24150,2026-07-17
2026-07-17 11:24:00+05:30,48.25,50.85,47.25,50.4,246350,7433270,9.757085,24246.2,24400.0,24300,ATM+3,CALL,24150,2026-07-17
2026-07-17 11:25:00+05:30,50.45,50.7,48.75,49.15,448305,7295535,9.739561,24242.7,24400.0,24300,ATM+3,CALL,24150,2026-07-17
2026-07-17 11:26:00+05:30,49.2,49.5,48.1,49.5,159055,7305480,9.822815,24241.4,24400.0,24300,ATM+3,CALL,24150,2026-07-17
2026-07-17 11:27:00+05:30,49.55,50.7,49.35,49.65,195975,7317895,9.76943,24243.5,24400.0,24300,ATM+3,CALL,24150,2026-07-17
2026-07-17 11:28:00+05:30,49.85,50.45,49.3,50.05,142285,7310615,9.756674,24245.2,24400.0,24300,ATM+3,CALL,24150,2026-07-17
2026-07-17 11:29:00+05:30,50.3,51.9,49.5,49.5,230685,7312110,9.771782,24243.0,24400.0,24300,ATM+3,CALL,24150,2026-07-17
2026-07-17 11:30:00+05:30,49.6,50.95,49.25,49.65,170950,7320690,9.750359,24244.15,24400.0,24300,ATM+3,CALL,24150,2026-07-17
2026-07-17 11:31:00+05:30,49.7,50.3,48.75,49.9,162045,7313475,9.709231,24246.2,24400.0,24300,ATM+3,CALL,24150,2026-07-17
2026-07-17 11:32:00+05:30,50.35,50.65,49.0,49.7,113685,7324785,9.801731,24242.85,24400.0,24300,ATM+3,CALL,24150,2026-07-17
2026-07-17 11:33:00+05:30,50.0,50.75,48.4,50.5,185770,7300085,9.682957,24248.95,24400.0,24300,ATM+3,CALL,24150,2026-07-17
2026-07-17 11:34:00+05:30,50.4,53.1,50.4,51.65,518115,7298395,9.683381,24252.6,24400.0,24300,ATM+3,CALL,24150,2026-07-17
2026-07-17 11:35:00+05:30,51.65,54.25,51.55,53.8,389740,7312305,9.708565,24258.55,24400.0,24300,ATM+3,CALL,24150,2026-07-17
2026-07-17 11:36:00+05:30,53.7,54.9,51.1,51.4,463645,7323160,9.718504,24250.85,24400.0,24300,ATM+3,CALL,24150,2026-07-17
2026-07-17 11:37:00+05:30,51.65,52.4,49.55,49.85,384930,7324525,9.685762,24246.9,24400.0,24300,ATM+3,CALL,24150,2026-07-17
2026-07-17 11:38:00+05:30,50.05,52.4,49.8,52.4,224445,7321275,9.816644,24251.2,24400.0,24300,ATM+3,CALL,24150,2026-07-17
2026-07-17 11:39:00+05:30,52.45,53.9,51.9,53.6,269620,7286500,9.743551,24257.05,24400.0,24300,ATM+3,CALL,24150,2026-07-17
2026-07-17 11:40:00+05:30,53.7,54.1,52.35,54.1,253175,7292935,9.747233,24258.5,24400.0,24300,ATM+3,CALL,24150,2026-07-17
2026-07-17 11:41:00+05:30,54.15,56.4,54.0,56.25,639145,7234500,9.807192,24263.3,24400.0,24300,ATM+3,CALL,24150,2026-07-17
2026-07-17 11:42:00+05:30,56.65,56.8,54.45,54.5,350740,7234370,9.689779,24261.4,24400.0,24300,ATM+3,CALL,24150,2026-07-17
2026-07-17 11:43:00+05:30,54.5,55.9,54.3,55.4,260975,7249060,9.761671,24262.1,24400.0,24300,ATM+3,CALL,24150,2026-07-17
2026-07-17 11:44:00+05:30,55.55,57.75,55.05,56.4,580840,7232420,9.686707,24267.2,24400.0,24300,ATM+3,CALL,24150,2026-07-17
2026-07-17 11:45:00+05:30,56.55,58.15,56.3,57.4,472225,7243535,9.63611,24271.55,24400.0,24300,ATM+3,CALL,24150,2026-07-17
2026-07-17 11:46:00+05:30,57.45,57.95,56.05,57.0,327015,7244575,9.685356,24269.05,24400.0,24300,ATM+3,CALL,24150,2026-07-17
2026-07-17 11:47:00+05:30,57.25,57.3,54.65,56.0,334490,7225530,9.677844,24266.35,24400.0,24300,ATM+3,CALL,24150,2026-07-17
2026-07-17 11:48:00+05:30,55.5,57.15,55.2,55.8,212225,7229495,9.611198,24267.65,24400.0,24300,ATM+3,CALL,24150,2026-07-17
2026-07-17 11:49:00+05:30,56.1,56.75,55.3,55.7,207415,7218705,9.601615,24267.65,24400.0,24300,ATM+3,CALL,24150,2026-07-17
2026-07-17 11:50:00+05:30,56.0,56.55,55.15,56.1,183625,7260045,9.538814,24270.6,24400.0,24300,ATM+3,CALL,24150,2026-07-17
2026-07-17 11:51:00+05:30,56.4,57.75,56.1,56.95,323635,7263360,9.565817,24272.35,24400.0,24300,ATM+3,CALL,24150,2026-07-17
2026-07-17 11:52:00+05:30,56.9,59.9,56.8,59.7,362895,7246525,9.799506,24273.85,24400.0,24300,ATM+3,CALL,24150,2026-07-17
2026-07-17 11:53:00+05:30,45.1,46.75,44.3,45.3,426400,3460600,9.779005,24278.7,24450.0,24300,ATM+3,CALL,24150,2026-07-17
2026-07-17 11:54:00+05:30,45.45,46.25,45.15,45.25,245310,3479320,9.764534,24279.0,24450.0,24300,ATM+3,CALL,24150,2026-07-17
2026-07-17 11:55:00+05:30,61.0,61.0,58.0,58.0,394290,7198815,9.590476,24274.8,24400.0,24300,ATM+3,CALL,24150,2026-07-17
2026-07-17 11:56:00+05:30,43.55,46.25,42.55,45.15,328185,3480880,9.711106,24280.35,24450.0,24300,ATM+3,CALL,24150,2026-07-17
2026-07-17 11:57:00+05:30,45.4,45.9,44.6,44.6,214565,3489525,9.682325,24279.35,24450.0,24300,ATM+3,CALL,24150,2026-07-17
2026-07-17 11:58:00+05:30,59.55,60.25,57.2,57.65,328055,7258875,9.549543,24275.0,24400.0,24300,ATM+3,CALL,24150,2026-07-17
2026-07-17 11:59:00+05:30,43.05,44.05,42.7,43.5,80405,3487250,9.607628,24277.85,24450.0,24300,ATM+3,CALL,24150,2026-07-17
2026-07-17 12:00:00+05:30,57.55,59.15,54.9,55.15,459550,7250620,9.437611,24270.9,24400.0,24300,ATM+3,CALL,24150,2026-07-17
2026-07-17 12:01:00+05:30,55.5,56.55,54.15,55.4,460200,7294430,9.563627,24268.15,24400.0,24300,ATM+3,CALL,24150,2026-07-17
2026-07-17 12:02:00+05:30,55.35,55.4,53.8,54.05,207870,7297615,9.452052,24267.3,24400.0,24300,ATM+3,CALL,24150,2026-07-17
2026-07-17 12:03:00+05:30,40.6,43.45,40.4,43.35,158145,3525665,9.670123,24275.5,24450.0,24300,ATM+3,CALL,24150,2026-07-17
2026-07-17 12:04:00+05:30,58.1,59.25,57.85,58.5,353795,7279090,9.649598,24274.85,24400.0,24300,ATM+3,CALL,24150,2026-07-17
2026-07-17 12:05:00+05:30,57.7,58.6,56.7,56.8,239265,7284875,9.494686,24274.25,24400.0,24300,ATM+3,CALL,24150,2026-07-17
2026-07-17 12:06:00+05:30,56.75,57.0,54.25,55.25,304850,7256015,9.565132,24267.8,24400.0,24300,ATM+3,CALL,24150,2026-07-17
2026-07-17 12:07:00+05:30,54.95,55.45,52.55,53.1,373360,7261605,9.495821,24263.35,24400.0,24300,ATM+3,CALL,24150,2026-07-17
2026-07-17 12:08:00+05:30,53.0,54.85,52.15,54.8,311870,7273760,9.508709,24268.1,24400.0,24300,ATM+3,CALL,24150,2026-07-17
2026-07-17 12:09:00+05:30,54.85,57.2,54.8,56.55,345410,7242430,9.474152,24274.2,24400.0,24300,ATM+3,CALL,24150,2026-07-17
2026-07-17 12:10:00+05:30,56.9,58.85,56.55,57.55,424580,7236450,9.587155,24274.0,24400.0,24300,ATM+3,CALL,24150,2026-07-17
2026-07-17 12:11:00+05:30,57.3,57.3,55.3,55.7,361465,7198165,9.482689,24271.55,24400.0,24300,ATM+3,CALL,24150,2026-07-17
2026-07-17 12:12:00+05:30,41.6,43.0,41.15,42.1,103415,3547895,9.52211,24275.9,24450.0,24300,ATM+3,CALL,24150,2026-07-17
2026-07-17 12:13:00+05:30,56.7,57.9,54.25,54.85,200330,7212465,9.432762,24270.5,24400.0,24300,ATM+3,CALL,24150,2026-07-17
2026-07-17 12:14:00+05:30,41.1,43.2,40.9,42.6,89895,3551145,9.56069,24276.55,24450.0,24300,ATM+3,CALL,24150,2026-07-17
2026-07-17 12:15:00+05:30,42.7,43.3,42.3,43.25,92235,3551145,9.508478,24280.5,24450.0,24300,ATM+3,CALL,24150,2026-07-17
2026-07-17 12:16:00+05:30,57.85,58.5,54.35,55.0,399230,7213310,9.314445,24274.3,24400.0,24300,ATM+3,CALL,24150,2026-07-17
2026-07-17 12:17:00+05:30,54.9,55.15,53.0,55.1,347815,7306195,9.401775,24272.2,24400.0,24300,ATM+3,CALL,24150,2026-07-17
2026-07-17 12:18:00+05:30,41.2,42.8,40.7,42.8,108355,3560635,9.616472,24275.65,24450.0,24300,ATM+3,CALL,24150,2026-07-17
2026-07-17 12:19:00+05:30,42.9,42.95,41.45,41.45,79040,3553615,9.468043,24275.45,24450.0,24300,ATM+3,CALL,24150,2026-07-17
2026-07-17 12:20:00+05:30,41.5,42.9,41.45,42.85,117715,3568760,9.459409,24280.75,24450.0,24300,ATM+3,CALL,24150,2026-07-17
2026-07-17 12:21:00+05:30,42.7,42.85,41.65,41.9,60840,3571490,9.391822,24279.5,24450.0,24300,ATM+3,CALL,24150,2026-07-17
2026-07-17 12:22:00+05:30,55.95,56.0,54.4,56.0,216190,7326215,9.512239,24271.9,24400.0,24300,ATM+3,CALL,24150,2026-07-17
2026-07-17 12:23:00+05:30,42.1,44.5,41.9,43.65,150605,3569280,9.543827,24281.05,24450.0,24300,ATM+3,CALL,24150,2026-07-17
2026-07-17 12:24:00+05:30,43.7,44.5,43.1,44.05,149695,3559660,9.567505,24281.75,24450.0,24300,ATM+3,CALL,24150,2026-07-17
2026-07-17 12:25:00+05:30,44.05,47.15,44.05,44.85,332410,3559140,9.758936,24278.7,24450.0,24300,ATM+3,CALL,24150,2026-07-17
2026-07-17 12:26:00+05:30,44.45,45.5,43.2,43.2,185705,3523845,9.616857,24277.3,24450.0,24300,ATM+3,CALL,24150,2026-07-17
2026-07-17 12:27:00+05:30,43.75,45.55,43.2,44.15,79300,3521180,9.685991,24278.55,24450.0,24300,ATM+3,CALL,24150,2026-07-17
2026-07-17 12:28:00+05:30,44.4,45.15,43.85,44.3,115830,3525600,9.725209,24277.9,24450.0,24300,ATM+3,CALL,24150,2026-07-17
2026-07-17 12:29:00+05:30,44.4,44.7,43.2,43.65,117650,3532750,9.659978,24277.65,24450.0,24300,ATM+3,CALL,24150,2026-07-17
2026-07-17 12:30:00+05:30,58.05,58.1,56.6,57.5,242060,7199010,9.581319,24274.55,24400.0,24300,ATM+3,CALL,24150,2026-07-17
2026-07-17 12:31:00+05:30,43.3,44.3,42.65,44.25,92430,3544190,9.7484,24277.1,24450.0,24300,ATM+3,CALL,24150,2026-07-17
2026-07-17 12:32:00+05:30,58.9,59.4,57.35,57.45,198380,7171060,9.607208,24273.75,24400.0,24300,ATM+3,CALL,24150,2026-07-17
2026-07-17 12:33:00+05:30,43.05,44.55,42.85,44.35,99320,3546985,9.652677,24280.45,24450.0,24300,ATM+3,CALL,24150,2026-07-17
2026-07-17 12:34:00+05:30,44.6,45.6,44.35,44.45,160225,3555955,9.642159,24281.15,24450.0,24300,ATM+3,CALL,24150,2026-07-17
2026-07-17 12:35:00+05:30,44.3,44.9,43.8,44.0,76700,3559400,9.587013,24281.3,24450.0,24300,ATM+3,CALL,24150,2026-07-17
2026-07-17 12:36:00+05:30,44.15,44.5,43.65,43.75,56810,3564210,9.54807,24281.65,24450.0,24300,ATM+3,CALL,24150,2026-07-17
2026-07-17 12:37:00+05:30,43.95,44.35,42.35,42.45,97890,3571620,9.489496,24278.9,24450.0,24300,ATM+3,CALL,24150,2026-07-17
2026-07-17 12:38:00+05:30,42.3,43.1,41.35,42.45,123370,3575065,9.503367,24278.5,24450.0,24300,ATM+3,CALL,24150,2026-07-17
2026-07-17 12:39:00+05:30,42.7,42.9,41.7,42.0,68055,3582605,9.476669,24277.75,24450.0,24300,ATM+3,CALL,24150,2026-07-17
2026-07-17 12:40:00+05:30,56.5,56.9,54.0,54.05,444600,7254520,9.515298,24266.55,24400.0,24300,ATM+3,CALL,24150,2026-07-17
2026-07-17 12:41:00+05:30,54.1,55.45,52.25,55.45,454285,7271420,9.57537,24269.05,24400.0,24300,ATM+3,CALL,24150,2026-07-17
2026-07-17 12:42:00+05:30,41.45,43.2,41.3,43.2,173095,3632655,9.539792,24280.15,24450.0,24300,ATM+3,CALL,24150,2026-07-17
2026-07-17 12:43:00+05:30,57.95,58.0,55.25,56.05,254215,7318415,9.425265,24275.0,24400.0,24300,ATM+3,CALL,24150,2026-07-17
2026-07-17 12:44:00+05:30,41.85,43.15,41.65,42.7,95875,3634345,9.584693,24277.05,24450.0,24300,ATM+3,CALL,24150,2026-07-17
2026-07-17 12:45:00+05:30,43.1,46.1,42.7,45.45,323635,3634865,9.689069,24283.5,24450.0,24300,ATM+3,CALL,24150,2026-07-17
2026-07-17 12:46:00+05:30,45.45,45.5,44.05,44.75,135525,3627065,9.651801,24282.25,24450.0,24300,ATM+3,CALL,24150,2026-07-17
2026-07-17 12:47:00+05:30,44.5,45.6,44.5,45.1,125190,3629730,9.550861,24286.55,24450.0,24300,ATM+3,CALL,24150,2026-07-17
2026-07-17 12:48:00+05:30,45.45,46.65,44.85,46.65,213720,3630575,9.702965,24287.25,24450.0,24300,ATM+3,CALL,24150,2026-07-17
2026-07-17 12:49:00+05:30,47.6,52.75,46.65,50.15,1192685,3644030,9.865639,24294.0,24450.0,24300,ATM+3,CALL,24150,2026-07-17
2026-07-17 12:50:00+05:30,49.4,50.15,44.4,44.4,459160,3430245,9.571621,24283.6,24450.0,24300,ATM+3,CALL,24150,2026-07-17
2026-07-17 12:51:00+05:30,43.7,44.8,43.25,44.35,250640,3451825,9.640619,24281.35,24450.0,24300,ATM+3,CALL,24150,2026-07-17
2026-07-17 12:52:00+05:30,44.15,44.5,42.8,42.8,164775,3465930,9.516451,24279.75,24450.0,24300,ATM+3,CALL,24150,2026-07-17
2026-07-17 12:53:00+05:30,57.3,57.7,54.7,55.75,663325,7313410,9.494134,24272.5,24400.0,24300,ATM+3,CALL,24150,2026-07-17
2026-07-17 12:54:00+05:30,55.55,55.75,54.15,54.7,450710,7295470,9.333463,24273.9,24400.0,24300,ATM+3,CALL,24150,2026-07-17
2026-07-17 12:55:00+05:30,54.8,56.8,54.05,54.25,561210,7373210,9.384301,24271.2,24400.0,24300,ATM+3,CALL,24150,2026-07-17
2026-07-17 12:56:00+05:30,54.05,56.3,54.05,55.65,287040,7487545,9.412041,24274.55,24400.0,24300,ATM+3,CALL,24150,2026-07-17
2026-07-17 12:57:00+05:30,41.85,44.35,41.65,43.25,233545,3542175,9.553349,24280.35,24450.0,24300,ATM+3,CALL,24150,2026-07-17
2026-07-17 12:58:00+05:30,43.1,44.0,42.05,42.05,131105,3542890,9.461736,24278.95,24450.0,24300,ATM+3,CALL,24150,2026-07-17
2026-07-17 12:59:00+05:30,42.35,44.25,42.05,43.8,167960,3556865,9.521824,24283.3,24450.0,24300,ATM+3,CALL,24150,2026-07-17
2026-07-17 13:00:00+05:30,44.75,45.15,43.35,43.6,116025,3548350,9.516335,24282.8,24450.0,24300,ATM+3,CALL,24150,2026-07-17
2026-07-17 13:01:00+05:30,43.65,45.6,43.5,44.05,149565,3550560,9.537459,24283.75,24450.0,24300,ATM+3,CALL,24150,2026-07-17
2026-07-17 13:02:00+05:30,43.95,44.05,42.1,42.1,154830,3562715,9.480997,24278.65,24450.0,24300,ATM+3,CALL,24150,2026-07-17
2026-07-17 13:03:00+05:30,42.15,43.0,41.3,42.15,135785,3567330,9.421368,24280.7,24450.0,24300,ATM+3,CALL,24150,2026-07-17
2026-07-17 13:04:00+05:30,42.25,43.45,42.15,42.65,81510,3574935,9.50741,24279.85,24450.0,24300,ATM+3,CALL,24150,2026-07-17
2026-07-17 13:05:00+05:30,42.4,42.65,41.55,42.25,131170,3588325,9.421795,24281.1,24450.0,24300,ATM+3,CALL,24150,2026-07-17
2026-07-17 13:06:00+05:30,42.35,42.9,41.85,42.8,204945,3631875,9.393075,24283.95,24450.0,24300,ATM+3,CALL,24150,2026-07-17
2026-07-17 13:07:00+05:30,42.8,43.8,40.75,40.75,406380,3653000,9.400006,24276.45,24450.0,24300,ATM+3,CALL,24150,2026-07-17
2026-07-17 13:08:00+05:30,41.05,42.15,40.75,41.7,169520,3795025,9.404949,24279.75,24450.0,24300,ATM+3,CALL,24150,2026-07-17
2026-07-17 13:09:00+05:30,41.7,42.0,41.05,41.15,104650,3843905,9.398637,24278.0,24450.0,24300,ATM+3,CALL,24150,2026-07-17
2026-07-17 13:10:00+05:30,41.25,41.85,41.15,41.55,63700,3841175,9.397578,24279.5,24450.0,24300,ATM+3,CALL,24150,2026-07-17
2026-07-17 13:11:00+05:30,41.6,42.25,41.0,41.0,83720,3841825,9.341274,24279.3,24450.0,24300,ATM+3,CALL,24150,2026-07-17
2026-07-17 13:12:00+05:30,41.2,41.75,40.15,40.2,151710,3824015,9.311765,24277.35,24450.0,24300,ATM+3,CALL,24150,2026-07-17
2026-07-17 13:13:00+05:30,40.1,41.5,40.1,41.3,343980,3898505,9.469688,24276.45,24450.0,24300,ATM+3,CALL,24150,2026-07-17
2026-07-17 13:14:00+05:30,41.5,42.55,41.15,41.7,241930,3928535,9.31993,24282.55,24450.0,24300,ATM+3,CALL,24150,2026-07-17
2026-07-17 13:15:00+05:30,55.65,55.75,50.7,52.05,738075,7459140,9.144166,24271.9,24400.0,24300,ATM+3,CALL,24150,2026-07-17
2026-07-17 13:16:00+05:30,51.95,53.0,51.75,52.9,427830,7379190,9.203303,24272.8,24400.0,24300,ATM+3,CALL,24150,2026-07-17
2026-07-17 13:17:00+05:30,39.05,39.85,38.7,39.8,98215,3926845,9.331961,24275.4,24450.0,24300,ATM+3,CALL,24150,2026-07-17
2026-07-17 13:18:00+05:30,53.4,54.7,52.4,53.45,241735,7362745,9.272689,24272.55,24400.0,24300,ATM+3,CALL,24150,2026-07-17
2026-07-17 13:19:00+05:30,53.35,53.45,51.65,52.15,152100,7385690,9.070528,24274.35,24400.0,24300,ATM+3,CALL,24150,2026-07-17
2026-07-17 13:20:00+05:30,38.65,40.1,38.65,39.45,92820,3908710,9.233128,24277.3,24450.0,24300,ATM+3,CALL,24150,2026-07-17
2026-07-17 13:21:00+05:30,39.25,39.55,38.2,38.2,87360,3911570,9.082362,24277.45,24450.0,24300,ATM+3,CALL,24150,2026-07-17
2026-07-17 13:22:00+05:30,52.2,52.5,51.5,52.0,142480,7474610,9.057373,24274.35,24400.0,24300,ATM+3,CALL,24150,2026-07-17
2026-07-17 13:23:00+05:30,52.25,52.9,50.7,51.25,228020,7460115,9.167967,24269.05,24400.0,24300,ATM+3,CALL,24150,2026-07-17
2026-07-17 13:24:00+05:30,51.2,52.05,49.0,49.2,533845,7484555,9.040227,24266.45,24400.0,24300,ATM+3,CALL,24150,2026-07-17
2026-07-17 13:25:00+05:30,49.0,51.35,47.85,51.35,462540,7390305,9.194825,24268.65,24400.0,24300,ATM+3,CALL,24150,2026-07-17
2026-07-17 13:26:00+05:30,51.8,51.85,49.1,49.55,327405,7406815,9.130983,24265.0,24400.0,24300,ATM+3,CALL,24150,2026-07-17
2026-07-17 13:27:00+05:30,49.5,49.6,47.75,47.75,287690,7452965,9.046469,24261.85,24400.0,24300,ATM+3,CALL,24150,2026-07-17
2026-07-17 13:28:00+05:30,48.45,48.85,47.65,48.55,269555,7467395,9.17645,24260.65,24400.0,24300,ATM+3,CALL,24150,2026-07-17
2026-07-17 13:29:00+05:30,48.65,50.85,48.45,49.3,377975,7488325,9.02572,24267.3,24400.0,24300,ATM+3,CALL,24150,2026-07-17
2026-07-17 13:30:00+05:30,49.75,50.8,49.3,50.45,285480,7515690,9.063744,24269.75,24400.0,24300,ATM+3,CALL,24150,2026-07-17
2026-07-17 13:31:00+05:30,50.95,52.25,49.85,50.15,366015,7497945,9.092762,24268.05,24400.0,24300,ATM+3,CALL,24150,2026-07-17
2026-07-17 13:32:00+05:30,50.15,50.75,48.6,49.85,194675,7528235,9.116173,24266.5,24400.0,24300,ATM+3,CALL,24150,2026-07-17
2026-07-17 13:33:00+05:30,49.35,49.85,48.35,49.1,151645,7529080,9.125658,24263.95,24400.0,24300,ATM+3,CALL,24150,2026-07-17
2026-07-17 13:34:00+05:30,49.25,50.3,48.5,49.95,157560,7533500,9.1571,24265.7,24400.0,24300,ATM+3,CALL,24150,2026-07-17
2026-07-17 13:35:00+05:30,50.0,51.65,49.95,50.9,236015,7522775,9.193253,24267.6,24400.0,24300,ATM+3,CALL,24150,2026-07-17
2026-07-17 13:36:00+05:30,50.9,53.3,50.9,50.95,398840,7570550,9.121285,24269.8,24400.0,24300,ATM+3,CALL,24150,2026-07-17
2026-07-17 13:37:00+05:30,51.0,51.95,48.7,48.75,296400,7608835,9.065086,24264.7,24400.0,24300,ATM+3,CALL,24150,2026-07-17
2026-07-17 13:38:00+05:30,49.15,49.65,48.45,48.55,222235,7624630,9.005686,24265.8,24400.0,24300,ATM+3,CALL,24150,2026-07-17
2026-07-17 13:39:00+05:30,48.8,50.0,48.4,49.25,179335,7654400,8.95181,24269.5,24400.0,24300,ATM+3,CALL,24150,2026-07-17
2026-07-17 13:40:00+05:30,49.1,49.25,45.45,45.95,695305,7697040,8.985469,24258.25,24400.0,24300,ATM+3,CALL,24150,2026-07-17
2026-07-17 13:41:00+05:30,46.35,46.85,43.85,46.75,698100,7584005,9.19839,24254.65,24400.0,24300,ATM+3,CALL,24150,2026-07-17
2026-07-17 13:42:00+05:30,46.9,46.95,44.0,44.95,449280,7532265,9.116977,24251.2,24400.0,24300,ATM+3,CALL,24150,2026-07-17
2026-07-17 13:43:00+05:30,44.7,44.95,43.65,44.85,417755,7570485,9.203101,24248.35,24400.0,24300,ATM+3,CALL,24150,2026-07-17
2026-07-17 13:44:00+05:30,44.9,45.55,43.25,45.0,354705,7557940,9.02079,24254.25,24400.0,24300,ATM+3,CALL,24150,2026-07-17
2026-07-17 13:45:00+05:30,44.8,45.4,43.95,45.0,239655,7617285,9.084637,24252.4,24400.0,24300,ATM+3,CALL,24150,2026-07-17
2026-07-17 13:46:00+05:30,44.7,45.3,41.1,41.1,542295,7616895,8.890257,24245.1,24400.0,24300,ATM+3,CALL,24150,2026-07-17
2026-07-17 13:47:00+05:30,41.55,42.1,39.55,40.05,973700,7626710,8.980645,24238.7,24400.0,24300,ATM+3,CALL,24150,2026-07-17
2026-07-17 13:48:00+05:30,40.7,41.7,39.95,41.45,622115,7618585,8.867357,24247.05,24400.0,24300,ATM+3,CALL,24150,2026-07-17
2026-07-17 13:49:00+05:30,41.35,41.7,39.95,39.95,420875,7645625,8.930121,24239.95,24400.0,24300,ATM+3,CALL,24150,2026-07-17
2026-07-17 13:50:00+05:30,40.0,40.6,38.6,39.05,559455,7658560,9.242815,24227.05,24400.0,24300,ATM+3,CALL,24150,2026-07-17
2026-07-17 13:51:00+05:30,52.25,52.55,47.8,49.3,985140,4325295,9.114566,24215.95,24350.0,24300,ATM+3,CALL,24150,2026-07-17
2026-07-17 13:52:00+05:30,49.2,51.25,49.2,50.35,423995,4473170,9.001248,24222.35,24350.0,24300,ATM+3,CALL,24150,2026-07-17
2026-07-17 13:53:00+05:30,37.5,38.35,37.3,38.15,553540,7871500,9.068973,24229.25,24400.0,24300,ATM+3,CALL,24150,2026-07-17
2026-07-17 13:54:00+05:30,38.3,39.1,37.65,38.75,393120,7984665,9.052487,24232.0,24400.0,24300,ATM+3,CALL,24150,2026-07-17
2026-07-17 13:55:00+05:30,38.4,39.8,37.65,39.5,535795,7994155,8.995744,24236.5,24400.0,24300,ATM+3,CALL,24150,2026-07-17
2026-07-17 13:56:00+05:30,39.05,39.5,37.95,38.75,321360,8042970,9.030204,24232.75,24400.0,24300,ATM+3,CALL,24150,2026-07-17
2026-07-17 13:57:00+05:30,38.9,39.75,38.75,39.3,270010,8069620,9.064921,24233.7,24400.0,24300,ATM+3,CALL,24150,2026-07-17
2026-07-17 13:58:00+05:30,39.8,40.8,39.1,40.55,315380,8016905,9.084518,24237.6,24400.0,24300,ATM+3,CALL,24150,2026-07-17
2026-07-17 13:59:00+05:30,40.75,46.05,40.55,44.85,1162785,7928050,9.158959,24250.1,24400.0,24300,ATM+3,CALL,24150,2026-07-17
2026-07-17 14:00:00+05:30,44.05,45.45,43.2,44.6,637065,7902505,9.175824,24248.8,24400.0,24300,ATM+3,CALL,24150,2026-07-17
2026-07-17 14:01:00+05:30,44.55,44.9,43.15,44.35,648115,8074365,9.216057,24246.8,24400.0,24300,ATM+3,CALL,24150,2026-07-17
2026-07-17 14:02:00+05:30,44.4,44.4,42.3,43.0,372710,8078915,9.171297,24243.6,24400.0,24300,ATM+3,CALL,24150,2026-07-17
2026-07-17 14:03:00+05:30,43.05,44.55,42.8,44.45,307710,8165755,9.247722,24246.25,24400.0,24300,ATM+3,CALL,24150,2026-07-17
2026-07-17 14:04:00+05:30,44.4,46.15,44.4,45.2,578370,8178300,9.194374,24250.35,24400.0,24300,ATM+3,CALL,24150,2026-07-17
2026-07-17 14:05:00+05:30,45.25,47.2,45.1,46.1,581750,8246290,9.147236,24254.7,24400.0,24300,ATM+3,CALL,24150,2026-07-17
2026-07-17 14:06:00+05:30,45.85,46.7,44.3,44.3,437970,8391500,9.11903,24249.65,24400.0,24300,ATM+3,CALL,24150,2026-07-17
2026-07-17 14:07:00+05:30,44.3,45.3,43.75,45.1,328250,8322275,9.162238,24251.05,24400.0,24300,ATM+3,CALL,24150,2026-07-17
2026-07-17 14:08:00+05:30,45.0,45.7,43.75,44.5,298610,8306415,9.094278,24251.1,24400.0,24300,ATM+3,CALL,24150,2026-07-17
2026-07-17 14:09:00+05:30,44.35,45.65,44.35,45.45,215930,8360560,9.138527,24252.95,24400.0,24300,ATM+3,CALL,24150,2026-07-17
2026-07-17 14:10:00+05:30,45.55,46.45,45.1,46.1,285740,8371155,9.175936,24254.0,24400.0,24300,ATM+3,CALL,24150,2026-07-17
2026-07-17 14:11:00+05:30,46.25,49.65,46.1,49.55,888290,8317400,9.16457,24265.25,24400.0,24300,ATM+3,CALL,24150,2026-07-17
2026-07-17 14:12:00+05:30,49.65,52.05,49.2,50.85,932620,8286655,9.080076,24271.6,24400.0,24300,ATM+3,CALL,24150,2026-07-17
2026-07-17 14:13:00+05:30,37.75,41.8,37.75,40.9,786695,3953235,9.454542,24277.25,24450.0,24300,ATM+3,CALL,24150,2026-07-17
2026-07-17 14:14:00+05:30,41.05,44.7,40.9,44.2,726375,3917095,9.730589,24280.55,24450.0,24300,ATM+3,CALL,24150,2026-07-17
2026-07-17 14:15:00+05:30,32.5,54.5,32.5,53.2,5053360,9112870,10.217183,24345.4,24500.0,24300,ATM+3,CALL,24150,2026-07-17
2026-07-17 14:16:00+05:30,55.0,65.35,49.25,64.8,6096480,8598070,10.838787,24362.9,24500.0,24300,ATM+3,CALL,24150,2026-07-17
2026-07-17 14:17:00+05:30,64.25,67.25,55.75,56.55,3780530,8447205,10.513249,24347.45,24500.0,24300,ATM+3,CALL,24150,2026-07-17
2026-07-17 14:18:00+05:30,53.55,56.55,49.15,49.65,2329340,8484450,10.259789,24332.7,24500.0,24300,ATM+3,CALL,24150,2026-07-17
2026-07-17 14:19:00+05:30,65.35,65.8,55.5,55.55,1245140,3860220,10.041231,24308.45,24450.0,24300,ATM+3,CALL,24150,2026-07-17
2026-07-17 14:20:00+05:30,56.2,60.1,55.55,56.0,992680,3908775,9.936875,24312.75,24450.0,24300,ATM+3,CALL,24150,2026-07-17
2026-07-17 14:21:00+05:30,55.85,58.7,53.55,54.8,754780,3938415,9.930344,24309.35,24450.0,24300,ATM+3,CALL,24150,2026-07-17
2026-07-17 14:22:00+05:30,54.7,54.8,49.9,49.9,705510,3907735,9.691817,24300.95,24450.0,24300,ATM+3,CALL,24150,2026-07-17
2026-07-17 14:23:00+05:30,50.0,51.85,49.35,49.35,476515,3883165,9.915172,24292.7,24450.0,24300,ATM+3,CALL,24150,2026-07-17
2026-07-17 14:24:00+05:30,49.85,50.7,48.9,50.2,389935,3920150,9.818417,24298.3,24450.0,24300,ATM+3,CALL,24150,2026-07-17
2026-07-17 14:25:00+05:30,50.15,54.8,49.2,54.15,530270,3925155,9.936904,24307.3,24450.0,24300,ATM+3,CALL,24150,2026-07-17
2026-07-17 14:26:00+05:30,54.05,57.4,54.05,56.55,618085,3979885,10.055868,24311.25,24450.0,24300,ATM+3,CALL,24150,2026-07-17
2026-07-17 14:27:00+05:30,55.65,57.15,55.05,56.25,397800,4016025,10.035442,24310.95,24450.0,24300,ATM+3,CALL,24150,2026-07-17
2026-07-17 14:28:00+05:30,57.1,59.3,56.0,56.45,561730,4002765,10.109919,24309.5,24450.0,24300,ATM+3,CALL,24150,2026-07-17
2026-07-17 14:29:00+05:30,56.7,56.7,46.4,47.9,1046045,3985800,9.938462,24287.4,24450.0,24300,ATM+3,CALL,24150,2026-07-17
2026-07-17 14:30:00+05:30,47.9,53.85,47.85,53.15,641095,3895450,9.92688,24304.65,24450.0,24300,ATM+3,CALL,24150,2026-07-17
2026-07-17 14:31:00+05:30,53.0,53.95,50.45,50.75,310635,3917745,9.81694,24300.3,24450.0,24300,ATM+3,CALL,24150,2026-07-17
2026-07-17 14:32:00+05:30,50.85,52.1,48.85,49.75,364975,3996720,9.747348,24299.15,24450.0,24300,ATM+3,CALL,24150,2026-07-17
2026-07-17 14:33:00+05:30,49.9,51.45,49.05,50.7,255645,4017650,9.977579,24295.55,24450.0,24300,ATM+3,CALL,24150,2026-07-17
2026-07-17 14:34:00+05:30,50.75,52.55,50.3,52.05,196560,4031365,10.042918,24298.0,24450.0,24300,ATM+3,CALL,24150,2026-07-17
2026-07-17 14:35:00+05:30,51.75,52.5,50.9,51.0,135070,4036760,9.905697,24298.65,24450.0,24300,ATM+3,CALL,24150,2026-07-17
2026-07-17 14:36:00+05:30,51.2,51.45,48.8,49.95,318955,4021875,9.976346,24293.25,24450.0,24300,ATM+3,CALL,24150,2026-07-17
2026-07-17 14:37:00+05:30,49.75,50.95,48.8,49.5,245505,4072380,9.934073,24293.05,24450.0,24300,ATM+3,CALL,24150,2026-07-17
2026-07-17 14:38:00+05:30,49.2,52.5,48.25,51.05,370110,4074330,9.903853,24298.95,24450.0,24300,ATM+3,CALL,24150,2026-07-17
2026-07-17 14:39:00+05:30,51.15,51.8,49.9,51.5,216840,4029480,9.990895,24297.9,24450.0,24300,ATM+3,CALL,24150,2026-07-17
2026-07-17 14:40:00+05:30,51.65,53.2,51.35,51.9,319670,4076150,9.893251,24302.0,24450.0,24300,ATM+3,CALL,24150,2026-07-17
2026-07-17 14:41:00+05:30,52.0,55.7,51.15,55.7,393315,4046510,9.958364,24311.85,24450.0,24300,ATM+3,CALL,24150,2026-07-17
2026-07-17 14:42:00+05:30,55.45,56.25,53.35,55.1,459940,4009135,9.946648,24310.4,24450.0,24300,ATM+3,CALL,24150,2026-07-17
2026-07-17 14:43:00+05:30,55.15,57.7,54.55,55.15,445770,4021160,9.892225,24312.1,24450.0,24300,ATM+3,CALL,24150,2026-07-17
2026-07-17 14:44:00+05:30,54.95,58.75,54.95,57.0,532545,4076605,9.89127,24317.65,24450.0,24300,ATM+3,CALL,24150,2026-07-17
2026-07-17 14:45:00+05:30,57.5,57.75,55.85,56.55,371995,4116320,9.776981,24319.5,24450.0,24300,ATM+3,CALL,24150,2026-07-17
2026-07-17 14:46:00+05:30,42.35,44.9,41.5,44.0,931645,8342880,9.897576,24325.05,24500.0,24300,ATM+3,CALL,24150,2026-07-17
2026-07-17 14:47:00+05:30,58.5,59.2,56.85,57.15,300885,4028505,9.766201,24321.6,24450.0,24300,ATM+3,CALL,24150,2026-07-17
2026-07-17 14:48:00+05:30,57.3,57.85,55.55,57.85,387400,3991780,9.891037,24320.25,24450.0,24300,ATM+3,CALL,24150,2026-07-17
2026-07-17 14:49:00+05:30,57.55,58.65,56.5,56.5,338585,4100980,9.611219,24324.0,24450.0,24300,ATM+3,CALL,24150,2026-07-17
2026-07-17 14:50:00+05:30,56.65,57.6,54.7,55.9,406380,4051840,9.694481,24320.0,24450.0,24300,ATM+3,CALL,24150,2026-07-17
2026-07-17 14:51:00+05:30,56.4,57.7,54.4,55.4,284440,4028830,9.749004,24317.05,24450.0,24300,ATM+3,CALL,24150,2026-07-17
2026-07-17 14:52:00+05:30,55.25,56.65,54.9,55.5,137995,4003155,9.668301,24319.6,24450.0,24300,ATM+3,CALL,24150,2026-07-17
2026-07-17 14:53:00+05:30,55.2,55.5,53.35,55.0,352950,4008355,9.583168,24320.5,24450.0,24300,ATM+3,CALL,24150,2026-07-17
2026-07-17 14:54:00+05:30,54.8,55.25,53.05,55.25,174200,3990220,9.59452,24320.95,24450.0,24300,ATM+3,CALL,24150,2026-07-17
2026-07-17 14:55:00+05:30,40.95,43.35,40.05,43.35,573560,8386885,9.754458,24327.4,24500.0,24300,ATM+3,CALL,24150,2026-07-17
2026-07-17 14:56:00+05:30,59.45,60.8,55.1,56.5,813345,4084145,9.585148,24324.9,24450.0,24300,ATM+3,CALL,24150,2026-07-17
2026-07-17 14:57:00+05:30,56.95,57.05,54.7,55.7,279825,4096235,9.62186,24321.6,24450.0,24300,ATM+3,CALL,24150,2026-07-17
2026-07-17 14:58:00+05:30,55.85,55.9,53.4,54.75,399815,4073485,9.729586,24315.85,24450.0,24300,ATM+3,CALL,24150,2026-07-17
2026-07-17 14:59:00+05:30,54.8,55.4,51.95,52.15,391105,4086940,9.596275,24311.75,24450.0,24300,ATM+3,CALL,24150,2026-07-17
2026-07-17 15:00:00+05:30,53.05,57.4,49.7,55.65,1354795,4013490,9.542791,24323.7,24450.0,24300,ATM+3,CALL,24150,2026-07-17
2026-07-17 15:01:00+05:30,43.25,45.5,40.6,42.45,1886430,8179730,9.714354,24325.6,24500.0,24300,ATM+3,CALL,24150,2026-07-17
2026-07-17 15:02:00+05:30,56.35,57.55,54.25,55.75,417950,4004065,9.531609,24324.35,24450.0,24300,ATM+3,CALL,24150,2026-07-17
2026-07-17 15:03:00+05:30,55.95,56.8,52.8,52.95,291980,3973320,9.465227,24317.95,24450.0,24300,ATM+3,CALL,24150,2026-07-17
2026-07-17 15:04:00+05:30,52.55,55.35,52.55,54.5,264615,3933995,9.484266,24322.05,24450.0,24300,ATM+3,CALL,24150,2026-07-17
2026-07-17 15:05:00+05:30,40.65,43.45,40.65,43.05,818350,8082100,9.724654,24327.55,24500.0,24300,ATM+3,CALL,24150,2026-07-17
2026-07-17 15:06:00+05:30,43.25,44.45,42.65,43.75,652470,8006960,9.719896,24330.2,24500.0,24300,ATM+3,CALL,24150,2026-07-17
2026-07-17 15:07:00+05:30,43.55,45.05,43.1,44.75,864305,7951970,9.700453,24334.3,24500.0,24300,ATM+3,CALL,24150,2026-07-17
2026-07-17 15:08:00+05:30,44.4,44.75,42.25,42.45,667810,7936175,9.50914,24332.1,24500.0,24300,ATM+3,CALL,24150,2026-07-17
2026-07-17 15:09:00+05:30,42.45,43.6,41.4,43.0,616070,7899970,9.526081,24333.55,24500.0,24300,ATM+3,CALL,24150,2026-07-17
2026-07-17 15:10:00+05:30,42.75,43.2,41.0,41.8,586755,7895810,9.447115,24331.75,24500.0,24300,ATM+3,CALL,24150,2026-07-17
2026-07-17 15:11:00+05:30,41.85,42.6,41.7,42.15,508170,7875530,9.47237,24332.25,24500.0,24300,ATM+3,CALL,24150,2026-07-17
2026-07-17 15:12:00+05:30,42.15,43.95,42.05,43.0,590590,7869485,9.446576,24336.05,24500.0,24300,ATM+3,CALL,24150,2026-07-17
2026-07-17 15:13:00+05:30,42.7,43.0,41.4,42.3,496015,7849530,9.404726,24334.9,24500.0,24300,ATM+3,CALL,24150,2026-07-17
2026-07-17 15:14:00+05:30,42.05,42.7,39.9,40.3,713635,7793760,9.373198,24328.75,24500.0,24300,ATM+3,CALL,24150,2026-07-17
2026-07-17 15:15:00+05:30,53.65,54.5,51.2,52.05,694720,3619850,9.167136,24323.85,24450.0,24300,ATM+3,CALL,24150,2026-07-17
2026-07-17 15:16:00+05:30,51.25,52.6,50.65,52.35,425555,3572790,9.234727,24322.9,24450.0,24300,ATM+3,CALL,24150,2026-07-17
2026-07-17 15:17:00+05:30,38.4,39.75,38.35,39.25,648570,7550725,9.355154,24325.55,24500.0,24300,ATM+3,CALL,24150,2026-07-17
2026-07-17 15:18:00+05:30,39.35,39.75,37.65,37.7,516750,7524595,9.068004,24328.8,24500.0,24300,ATM+3,CALL,24150,2026-07-17
2026-07-17 15:19:00+05:30,37.9,38.7,37.5,38.7,435370,7549620,9.181222,24329.0,24500.0,24300,ATM+3,CALL,24150,2026-07-17
2026-07-17 15:20:00+05:30,38.65,39.9,38.2,39.3,665210,7615985,9.125583,24332.95,24500.0,24300,ATM+3,CALL,24150,2026-07-17
2026-07-17 15:21:00+05:30,39.2,41.35,38.9,41.3,869635,7646405,9.353832,24333.15,24500.0,24300,ATM+3,CALL,24150,2026-07-17
2026-07-17 15:22:00+05:30,41.15,42.65,41.15,41.95,1121965,7373925,9.308778,24336.85,24500.0,24300,ATM+3,CALL,24150,2026-07-17
2026-07-17 15:23:00+05:30,41.8,44.85,41.75,44.0,977210,7196215,9.509051,24337.95,24500.0,24300,ATM+3,CALL,24150,2026-07-17
2026-07-17 15:24:00+05:30,44.35,47.55,44.0,46.85,1309165,7150195,9.670775,24342.8,24500.0,24300,ATM+3,CALL,24150,2026-07-17
2026-07-17 15:25:00+05:30,47.5,50.35,46.4,49.25,1594255,7080580,9.86585,24345.0,24500.0,24300,ATM+3,CALL,24150,2026-07-17
2026-07-17 15:26:00+05:30,48.6,49.8,47.25,48.1,1178515,7113145,9.813365,24342.8,24500.0,24300,ATM+3,CALL,24150,2026-07-17
2026-07-17 15:27:00+05:30,48.45,48.95,47.9,48.45,709930,7128745,9.812682,24344.0,24500.0,24300,ATM+3,CALL,24150,2026-07-17
2026-07-17 15:28:00+05:30,48.25,49.95,48.1,49.3,1053910,7143825,10.065964,24339.4,24500.0,24300,ATM+3,CALL,24150,2026-07-17
2026-07-17 15:29:00+05:30,49.25,52.0,48.25,50.75,1443455,6784180,9.978245,24346.7,24500.0,24300,ATM+3,CALL,24150,2026-07-17
2026-07-17 09:15:00+05:30,270.8,271.5,232.75,232.75,242515,893035,15.873326,24151.25,24300.0,24300,ATM+3,PUT,24150,2026-07-17
2026-07-17 09:16:00+05:30,229.9,232.75,212.75,212.75,438620,974350,15.072176,24171.0,24300.0,24300,ATM+3,PUT,24150,2026-07-17
2026-07-17 09:17:00+05:30,246.2,249.9,243.0,246.3,63440,314925,15.635391,24176.15,24350.0,24300,ATM+3,PUT,24150,2026-07-17
2026-07-17 09:18:00+05:30,245.35,246.3,234.95,234.95,59475,346905,15.205813,24187.4,24350.0,24300,ATM+3,PUT,24150,2026-07-17
2026-07-17 09:19:00+05:30,234.05,239.55,231.05,235.9,67665,371865,15.331527,24187.85,24350.0,24300,ATM+3,PUT,24150,2026-07-17
2026-07-17 09:20:00+05:30,236.25,236.3,229.3,234.8,65065,409305,15.214789,24187.75,24350.0,24300,ATM+3,PUT,24150,2026-07-17
2026-07-17 09:21:00+05:30,233.35,238.15,233.15,235.65,48360,417040,15.174254,24185.75,24350.0,24300,ATM+3,PUT,24150,2026-07-17
2026-07-17 09:22:00+05:30,235.2,238.0,233.25,233.35,41340,423215,15.133469,24188.75,24350.0,24300,ATM+3,PUT,24150,2026-07-17
2026-07-17 09:23:00+05:30,233.8,237.15,232.6,236.35,29510,434330,15.272711,24186.15,24350.0,24300,ATM+3,PUT,24150,2026-07-17
2026-07-17 09:24:00+05:30,236.1,236.9,230.2,230.5,33995,443430,15.046859,24191.9,24350.0,24300,ATM+3,PUT,24150,2026-07-17
2026-07-17 09:25:00+05:30,230.2,230.65,224.4,226.45,65390,456560,15.075635,24198.85,24350.0,24300,ATM+3,PUT,24150,2026-07-17
2026-07-17 09:26:00+05:30,225.7,228.65,224.0,228.65,35750,479895,15.356212,24199.8,24350.0,24300,ATM+3,PUT,24150,2026-07-17
2026-07-17 09:27:00+05:30,227.35,229.75,222.4,224.45,78845,491985,15.124427,24202.85,24350.0,24300,ATM+3,PUT,24150,2026-07-17
2026-07-17 09:28:00+05:30,223.85,226.05,223.35,223.35,32825,530400,15.135074,24204.8,24350.0,24300,ATM+3,PUT,24150,2026-07-17
2026-07-17 09:29:00+05:30,224.45,225.4,220.2,220.7,48035,542685,15.188181,24210.0,24350.0,24300,ATM+3,PUT,24150,2026-07-17
2026-07-17 09:30:00+05:30,220.0,227.15,218.0,224.95,99385,568880,15.229563,24203.7,24350.0,24300,ATM+3,PUT,24150,2026-07-17
2026-07-17 09:31:00+05:30,224.05,229.7,222.9,229.3,68315,596375,15.243294,24196.85,24350.0,24300,ATM+3,PUT,24150,2026-07-17
2026-07-17 09:32:00+05:30,228.5,232.05,223.3,223.8,50960,618995,15.208366,24205.2,24350.0,24300,ATM+3,PUT,24150,2026-07-17
2026-07-17 09:33:00+05:30,223.25,224.65,218.1,219.9,50505,632125,15.154669,24210.7,24350.0,24300,ATM+3,PUT,24150,2026-07-17
2026-07-17 09:34:00+05:30,219.05,225.3,215.65,224.8,62985,659945,15.395519,24206.6,24350.0,24300,ATM+3,PUT,24150,2026-07-17
2026-07-17 09:35:00+05:30,223.6,224.95,222.0,224.65,37635,673335,15.408865,24207.05,24350.0,24300,ATM+3,PUT,24150,2026-07-17
2026-07-17 09:36:00+05:30,224.35,227.1,221.65,222.5,53040,684840,15.337924,24209.4,24350.0,24300,ATM+3,PUT,24150,2026-07-17
2026-07-17 09:37:00+05:30,221.8,223.3,216.7,217.15,46215,696930,15.218443,24216.25,24350.0,24300,ATM+3,PUT,24150,2026-07-17
2026-07-17 09:38:00+05:30,216.4,218.15,213.9,215.55,72020,717275,15.374856,24221.55,24350.0,24300,ATM+3,PUT,24150,2026-07-17
2026-07-17 09:39:00+05:30,214.95,218.4,213.45,217.45,47060,748085,15.42225,24219.15,24350.0,24300,ATM+3,PUT,24150,2026-07-17
2026-07-17 09:40:00+05:30,217.15,218.9,214.4,216.5,49595,770705,15.441293,24221.05,24350.0,24300,ATM+3,PUT,24150,2026-07-17
2026-07-17 09:41:00+05:30,215.9,217.8,214.45,216.8,36790,794235,15.539418,24222.2,24350.0,24300,ATM+3,PUT,24150,2026-07-17
2026-07-17 09:42:00+05:30,216.2,217.0,213.8,214.5,30485,811915,15.459633,24224.7,24350.0,24300,ATM+3,PUT,24150,2026-07-17
2026-07-17 09:43:00+05:30,249.8,250.7,246.1,248.3,57785,1313455,15.771421,24225.15,24400.0,24300,ATM+3,PUT,24150,2026-07-17
2026-07-17 09:44:00+05:30,246.0,252.3,243.05,246.0,105105,1330225,15.933597,24231.3,24400.0,24300,ATM+3,PUT,24150,2026-07-17
2026-07-17 09:45:00+05:30,246.15,246.15,237.6,243.65,197210,1373125,15.899895,24234.5,24400.0,24300,ATM+3,PUT,24150,2026-07-17
2026-07-17 09:46:00+05:30,243.1,246.4,240.1,242.0,60125,1423760,16.169781,24241.45,24400.0,24300,ATM+3,PUT,24150,2026-07-17
2026-07-17 09:47:00+05:30,241.05,245.0,238.45,244.95,89505,1452490,16.149582,24236.35,24400.0,24300,ATM+3,PUT,24150,2026-07-17
2026-07-17 09:48:00+05:30,244.95,244.95,240.8,242.4,61685,1478815,16.125097,24240.05,24400.0,24300,ATM+3,PUT,24150,2026-07-17
2026-07-17 09:49:00+05:30,242.5,246.65,242.0,245.0,57590,1516385,16.188001,24236.85,24400.0,24300,ATM+3,PUT,24150,2026-07-17
2026-07-17 09:50:00+05:30,244.2,245.0,240.2,241.95,68770,1543490,16.277062,24243.2,24400.0,24300,ATM+3,PUT,24150,2026-07-17
2026-07-17 09:51:00+05:30,241.45,251.85,241.45,250.45,90805,1572740,16.238774,24228.9,24400.0,24300,ATM+3,PUT,24150,2026-07-17
2026-07-17 09:52:00+05:30,248.85,251.35,248.5,251.35,131170,1576835,16.397599,24229.95,24400.0,24300,ATM+3,PUT,24150,2026-07-17
2026-07-17 09:53:00+05:30,251.2,252.0,247.0,247.05,48945,1549665,16.163132,24233.1,24400.0,24300,ATM+3,PUT,24150,2026-07-17
2026-07-17 09:54:00+05:30,246.35,247.4,240.0,243.15,68510,1565460,16.203564,24240.0,24400.0,24300,ATM+3,PUT,24150,2026-07-17
2026-07-17 09:55:00+05:30,244.2,250.6,243.15,250.5,71370,1582360,16.330575,24230.2,24400.0,24300,ATM+3,PUT,24150,2026-07-17
2026-07-17 09:56:00+05:30,215.9,220.95,215.0,218.9,118560,1032005,15.814476,24223.1,24350.0,24300,ATM+3,PUT,24150,2026-07-17
2026-07-17 09:57:00+05:30,218.5,223.75,218.15,221.15,123825,1027975,15.818161,24219.35,24350.0,24300,ATM+3,PUT,24150,2026-07-17
2026-07-17 09:58:00+05:30,256.85,258.0,250.0,250.0,56485,1535430,16.209941,24229.05,24400.0,24300,ATM+3,PUT,24150,2026-07-17
2026-07-17 09:59:00+05:30,249.2,252.6,248.25,248.7,54470,1542125,16.066286,24228.85,24400.0,24300,ATM+3,PUT,24150,2026-07-17
2026-07-17 10:00:00+05:30,214.0,222.05,210.0,221.85,103285,1043705,16.025212,24221.65,24350.0,24300,ATM+3,PUT,24150,2026-07-17
2026-07-17 10:01:00+05:30,221.55,228.25,217.45,225.25,121745,1047540,15.813783,24212.35,24350.0,24300,ATM+3,PUT,24150,2026-07-17
2026-07-17 10:02:00+05:30,225.55,225.8,223.0,224.3,84110,1022580,15.931669,24215.9,24350.0,24300,ATM+3,PUT,24150,2026-07-17
2026-07-17 10:03:00+05:30,223.7,225.45,222.5,222.95,60710,1018875,15.742366,24214.95,24350.0,24300,ATM+3,PUT,24150,2026-07-17
2026-07-17 10:04:00+05:30,222.05,226.75,222.05,225.0,48035,1023360,15.92014,24214.5,24350.0,24300,ATM+3,PUT,24150,2026-07-17
2026-07-17 10:05:00+05:30,224.8,225.85,217.85,218.75,57915,1025375,15.703496,24221.3,24350.0,24300,ATM+3,PUT,24150,2026-07-17
2026-07-17 10:06:00+05:30,219.25,220.55,216.6,219.8,50570,1015170,15.890284,24222.7,24350.0,24300,ATM+3,PUT,24150,2026-07-17
2026-07-17 10:07:00+05:30,256.0,257.0,253.45,253.85,27170,1513135,16.392947,24225.65,24400.0,24300,ATM+3,PUT,24150,2026-07-17
2026-07-17 10:08:00+05:30,253.6,257.15,252.0,252.0,27625,1515540,16.330761,24227.6,24400.0,24300,ATM+3,PUT,24150,2026-07-17
2026-07-17 10:09:00+05:30,251.05,252.0,246.4,251.1,70460,1513070,16.516618,24231.95,24400.0,24300,ATM+3,PUT,24150,2026-07-17
2026-07-17 10:10:00+05:30,251.15,253.2,250.2,252.25,26195,1533545,16.551928,24230.65,24400.0,24300,ATM+3,PUT,24150,2026-07-17
2026-07-17 10:11:00+05:30,253.2,253.95,251.05,251.15,20865,1535950,16.605571,24233.25,24400.0,24300,ATM+3,PUT,24150,2026-07-17
2026-07-17 10:12:00+05:30,250.2,251.15,243.0,243.85,72215,1540695,16.286516,24239.9,24400.0,24300,ATM+3,PUT,24150,2026-07-17
2026-07-17 10:13:00+05:30,243.85,243.95,240.7,243.05,113685,1564745,16.589529,24246.1,24400.0,24300,ATM+3,PUT,24150,2026-07-17
2026-07-17 10:14:00+05:30,243.15,247.55,243.05,247.0,64025,1576900,16.602273,24239.85,24400.0,24300,ATM+3,PUT,24150,2026-07-17
2026-07-17 10:15:00+05:30,246.1,247.55,242.0,242.75,42315,1611350,16.537205,24245.7,24400.0,24300,ATM+3,PUT,24150,2026-07-17
2026-07-17 10:16:00+05:30,242.0,242.75,239.2,241.1,74035,1635855,16.461819,24247.15,24400.0,24300,ATM+3,PUT,24150,2026-07-17
2026-07-17 10:17:00+05:30,241.3,241.5,232.7,233.7,114790,1660945,16.118969,24253.65,24400.0,24300,ATM+3,PUT,24150,2026-07-17
2026-07-17 10:18:00+05:30,234.85,235.2,213.6,217.95,348790,1685970,15.792866,24274.45,24400.0,24300,ATM+3,PUT,24150,2026-07-17
2026-07-17 10:19:00+05:30,216.05,223.55,215.9,221.55,237705,1748435,16.119691,24273.95,24400.0,24300,ATM+3,PUT,24150,2026-07-17
2026-07-17 10:20:00+05:30,222.15,226.0,218.65,225.95,149175,1882010,16.134488,24266.75,24400.0,24300,ATM+3,PUT,24150,2026-07-17
2026-07-17 10:21:00+05:30,225.5,226.95,222.6,225.05,96655,1912430,16.137645,24268.3,24400.0,24300,ATM+3,PUT,24150,2026-07-17
2026-07-17 10:22:00+05:30,225.4,227.1,224.25,226.9,86970,1943240,16.00582,24262.95,24400.0,24300,ATM+3,PUT,24150,2026-07-17
2026-07-17 10:23:00+05:30,226.85,230.0,226.85,229.3,85800,1957800,15.99735,24258.8,24400.0,24300,ATM+3,PUT,24150,2026-07-17
2026-07-17 10:24:00+05:30,228.85,230.85,228.2,228.35,74295,1958840,15.710322,24255.6,24400.0,24300,ATM+3,PUT,24150,2026-07-17
2026-07-17 10:25:00+05:30,227.25,230.1,225.25,226.1,57980,1946035,15.986025,24263.9,24400.0,24300,ATM+3,PUT,24150,2026-07-17
2026-07-17 10:26:00+05:30,226.55,228.25,225.75,226.65,33280,1952145,16.15116,24265.75,24400.0,24300,ATM+3,PUT,24150,2026-07-17
2026-07-17 10:27:00+05:30,226.0,227.6,223.5,225.35,50440,1962350,16.135459,24267.65,24400.0,24300,ATM+3,PUT,24150,2026-07-17
2026-07-17 10:28:00+05:30,225.4,225.4,221.0,221.4,61620,1980745,16.076654,24273.3,24400.0,24300,ATM+3,PUT,24150,2026-07-17
2026-07-17 10:29:00+05:30,256.4,256.5,250.0,250.7,22620,370175,16.441982,24281.55,24450.0,24300,ATM+3,PUT,24150,2026-07-17
2026-07-17 10:30:00+05:30,250.7,254.2,250.2,251.05,23075,383175,16.342242,24279.4,24450.0,24300,ATM+3,PUT,24150,2026-07-17
2026-07-17 10:31:00+05:30,250.8,251.05,248.3,248.95,26390,400855,16.364998,24283.1,24450.0,24300,ATM+3,PUT,24150,2026-07-17
2026-07-17 10:32:00+05:30,249.2,249.9,243.7,247.95,39325,407615,16.397129,24285.2,24450.0,24300,ATM+3,PUT,24150,2026-07-17
2026-07-17 10:33:00+05:30,252.0,255.0,247.95,252.0,19565,419640,16.45754,24279.65,24450.0,24300,ATM+3,PUT,24150,2026-07-17
2026-07-17 10:34:00+05:30,252.2,253.1,249.5,250.0,12935,425360,16.549631,24284.3,24450.0,24300,ATM+3,PUT,24150,2026-07-17
2026-07-17 10:35:00+05:30,216.6,225.0,216.05,224.3,101010,2324725,16.306297,24272.2,24400.0,24300,ATM+3,PUT,24150,2026-07-17
2026-07-17 10:36:00+05:30,224.7,226.0,223.1,223.9,97435,2324985,16.285336,24272.5,24400.0,24300,ATM+3,PUT,24150,2026-07-17
2026-07-17 10:37:00+05:30,224.0,227.0,223.35,226.8,49790,2334605,16.266082,24267.25,24400.0,24300,ATM+3,PUT,24150,2026-07-17
2026-07-17 10:38:00+05:30,227.35,229.45,224.75,225.4,179530,2218515,16.160862,24267.8,24400.0,24300,ATM+3,PUT,24150,2026-07-17
2026-07-17 10:39:00+05:30,224.5,227.1,224.25,227.1,43810,2224820,16.297929,24267.25,24400.0,24300,ATM+3,PUT,24150,2026-07-17
2026-07-17 10:40:00+05:30,227.75,228.45,224.4,224.5,51480,2233140,16.112085,24268.45,24400.0,24300,ATM+3,PUT,24150,2026-07-17
2026-07-17 10:41:00+05:30,225.0,226.05,223.9,224.35,42185,2248805,16.233138,24270.75,24400.0,24300,ATM+3,PUT,24150,2026-07-17
2026-07-17 10:42:00+05:30,223.75,226.6,223.0,225.6,30875,2244450,16.270063,24269.25,24400.0,24300,ATM+3,PUT,24150,2026-07-17
2026-07-17 10:43:00+05:30,225.4,237.65,225.4,236.05,171470,2239965,16.045369,24248.15,24400.0,24300,ATM+3,PUT,24150,2026-07-17
2026-07-17 10:44:00+05:30,233.35,236.05,230.7,232.45,140660,2140450,16.351051,24259.1,24400.0,24300,ATM+3,PUT,24150,2026-07-17
2026-07-17 10:45:00+05:30,232.0,238.0,231.6,237.95,141180,2127645,16.551817,24253.3,24400.0,24300,ATM+3,PUT,24150,2026-07-17
2026-07-17 10:46:00+05:30,238.05,239.45,235.0,236.1,107185,2082665,16.319553,24252.5,24400.0,24300,ATM+3,PUT,24150,2026-07-17
2026-07-17 10:47:00+05:30,236.85,237.6,232.15,233.2,95420,2075905,16.145922,24254.4,24400.0,24300,ATM+3,PUT,24150,2026-07-17
2026-07-17 10:48:00+05:30,233.45,236.7,233.2,236.7,19305,2047695,16.448346,24253.6,24400.0,24300,ATM+3,PUT,24150,2026-07-17
2026-07-17 10:49:00+05:30,236.6,238.9,235.05,238.0,49855,2051530,16.354635,24249.9,24400.0,24300,ATM+3,PUT,24150,2026-07-17
2026-07-17 10:50:00+05:30,238.15,238.95,234.5,237.0,37050,2039050,16.325678,24251.05,24400.0,24300,ATM+3,PUT,24150,2026-07-17
2026-07-17 10:51:00+05:30,236.3,239.65,236.3,239.35,46995,2035995,16.430999,24248.9,24400.0,24300,ATM+3,PUT,24150,2026-07-17
2026-07-17 10:52:00+05:30,239.3,240.95,235.9,236.3,70850,2012660,16.300347,24251.75,24400.0,24300,ATM+3,PUT,24150,2026-07-17
2026-07-17 10:53:00+05:30,236.0,236.3,231.2,233.5,69875,1991145,16.291139,24256.2,24400.0,24300,ATM+3,PUT,24150,2026-07-17
2026-07-17 10:54:00+05:30,233.3,239.95,232.0,236.65,59215,1995565,16.567482,24255.55,24400.0,24300,ATM+3,PUT,24150,2026-07-17
2026-07-17 10:55:00+05:30,236.9,240.0,236.0,236.0,41080,1991340,16.575837,24256.75,24400.0,24300,ATM+3,PUT,24150,2026-07-17
2026-07-17 10:56:00+05:30,235.2,238.0,232.0,234.0,49985,1982045,16.323156,24255.85,24400.0,24300,ATM+3,PUT,24150,2026-07-17
2026-07-17 10:57:00+05:30,234.1,237.2,233.3,235.4,14105,1984905,16.503155,24256.5,24400.0,24300,ATM+3,PUT,24150,2026-07-17
2026-07-17 10:58:00+05:30,235.0,235.8,231.35,232.1,15340,1986920,16.2501,24257.75,24400.0,24300,ATM+3,PUT,24150,2026-07-17
2026-07-17 10:59:00+05:30,232.0,234.5,232.0,233.5,17875,1993875,16.34577,24257.0,24400.0,24300,ATM+3,PUT,24150,2026-07-17
2026-07-17 11:00:00+05:30,233.4,234.0,228.45,231.6,75660,2016430,16.331423,24259.9,24400.0,24300,ATM+3,PUT,24150,2026-07-17
2026-07-17 11:01:00+05:30,230.7,235.5,229.25,235.45,34255,2020980,16.518506,24256.6,24400.0,24300,ATM+3,PUT,24150,2026-07-17
2026-07-17 11:02:00+05:30,234.4,240.25,234.4,239.1,64610,2039505,16.396296,24248.55,24400.0,24300,ATM+3,PUT,24150,2026-07-17
2026-07-17 11:03:00+05:30,239.7,239.7,235.45,235.5,50700,2045225,16.133955,24250.15,24400.0,24300,ATM+3,PUT,24150,2026-07-17
2026-07-17 11:04:00+05:30,235.45,236.4,232.6,232.8,37570,2070640,16.350444,24258.15,24400.0,24300,ATM+3,PUT,24150,2026-07-17
2026-07-17 11:05:00+05:30,233.25,233.25,229.15,231.15,49010,2070900,16.429269,24262.2,24400.0,24300,ATM+3,PUT,24150,2026-07-17
2026-07-17 11:06:00+05:30,232.45,235.0,230.05,230.4,35360,2082730,16.337815,24261.9,24400.0,24300,ATM+3,PUT,24150,2026-07-17
2026-07-17 11:07:00+05:30,230.4,241.55,230.25,240.55,65780,2083640,16.399877,24246.15,24400.0,24300,ATM+3,PUT,24150,2026-07-17
2026-07-17 11:08:00+05:30,240.9,247.65,240.55,243.8,189150,2044835,16.243369,24238.35,24400.0,24300,ATM+3,PUT,24150,2026-07-17
2026-07-17 11:09:00+05:30,243.4,245.4,240.5,242.25,91065,2002000,16.309929,24241.9,24400.0,24300,ATM+3,PUT,24150,2026-07-17
2026-07-17 11:10:00+05:30,241.85,247.4,241.85,245.6,61880,2004145,16.46222,24238.9,24400.0,24300,ATM+3,PUT,24150,2026-07-17
2026-07-17 11:11:00+05:30,245.7,246.55,241.8,243.25,84630,2026115,16.341334,24240.75,24400.0,24300,ATM+3,PUT,24150,2026-07-17
2026-07-17 11:12:00+05:30,243.95,245.35,242.9,243.0,59865,2059980,16.376414,24241.7,24400.0,24300,ATM+3,PUT,24150,2026-07-17
2026-07-17 11:13:00+05:30,243.5,249.4,243.0,247.3,89310,2057120,16.574842,24237.9,24400.0,24300,ATM+3,PUT,24150,2026-07-17
2026-07-17 11:14:00+05:30,247.4,249.2,242.1,244.25,74230,2045810,16.12791,24235.7,24400.0,24300,ATM+3,PUT,24150,2026-07-17
2026-07-17 11:15:00+05:30,245.7,246.55,243.1,244.4,45760,2052180,16.349255,24238.95,24400.0,24300,ATM+3,PUT,24150,2026-07-17
2026-07-17 11:16:00+05:30,244.05,250.0,244.05,248.75,58045,2042755,16.56481,24235.35,24400.0,24300,ATM+3,PUT,24150,2026-07-17
2026-07-17 11:17:00+05:30,248.2,249.05,244.05,246.5,58565,2043275,16.598296,24239.5,24400.0,24300,ATM+3,PUT,24150,2026-07-17
2026-07-17 11:18:00+05:30,247.35,250.4,246.5,250.0,55575,2042950,16.790928,24236.9,24400.0,24300,ATM+3,PUT,24150,2026-07-17
2026-07-17 11:19:00+05:30,249.75,250.4,245.15,245.7,59995,1990690,16.653488,24241.65,24400.0,24300,ATM+3,PUT,24150,2026-07-17
2026-07-17 11:20:00+05:30,246.8,248.0,245.3,247.5,28600,1987635,16.842361,24241.75,24400.0,24300,ATM+3,PUT,24150,2026-07-17
2026-07-17 11:21:00+05:30,247.15,248.4,246.0,246.45,17420,1983540,16.734469,24241.7,24400.0,24300,ATM+3,PUT,24150,2026-07-17
2026-07-17 11:22:00+05:30,245.2,246.45,238.15,241.5,102830,1965275,16.714048,24249.45,24400.0,24300,ATM+3,PUT,24150,2026-07-17
2026-07-17 11:23:00+05:30,242.15,249.9,241.5,248.7,67730,1966120,16.761788,24238.45,24400.0,24300,ATM+3,PUT,24150,2026-07-17
2026-07-17 11:24:00+05:30,248.65,250.5,242.0,243.15,83070,1966770,16.683059,24246.2,24400.0,24300,ATM+3,PUT,24150,2026-07-17
2026-07-17 11:25:00+05:30,243.0,246.5,241.7,246.05,34645,1962870,16.760469,24242.7,24400.0,24300,ATM+3,PUT,24150,2026-07-17
2026-07-17 11:26:00+05:30,245.35,248.65,244.6,244.6,23595,1966380,16.534475,24241.4,24400.0,24300,ATM+3,PUT,24150,2026-07-17
2026-07-17 11:27:00+05:30,244.1,245.2,242.3,243.5,33670,1975415,16.554947,24243.5,24400.0,24300,ATM+3,PUT,24150,2026-07-17
2026-07-17 11:28:00+05:30,243.35,245.7,242.7,243.9,19370,1971645,16.701434,24245.2,24400.0,24300,ATM+3,PUT,24150,2026-07-17
2026-07-17 11:29:00+05:30,243.95,245.35,239.55,245.35,44525,1970475,16.712838,24243.0,24400.0,24300,ATM+3,PUT,24150,2026-07-17
2026-07-17 11:30:00+05:30,244.9,245.35,241.5,243.95,17485,1977560,16.643865,24244.15,24400.0,24300,ATM+3,PUT,24150,2026-07-17
2026-07-17 11:31:00+05:30,243.9,245.25,242.55,243.2,12675,1979835,16.695812,24246.2,24400.0,24300,ATM+3,PUT,24150,2026-07-17
2026-07-17 11:32:00+05:30,242.1,245.2,241.6,243.9,17875,1982955,16.560449,24242.85,24400.0,24300,ATM+3,PUT,24150,2026-07-17
2026-07-17 11:33:00+05:30,243.0,245.75,240.1,240.4,23790,1985425,16.585065,24248.95,24400.0,24300,ATM+3,PUT,24150,2026-07-17
2026-07-17 11:34:00+05:30,240.75,240.75,234.85,239.1,121095,1980225,16.678222,24252.6,24400.0,24300,ATM+3,PUT,24150,2026-07-17
2026-07-17 11:35:00+05:30,238.8,239.15,234.05,234.45,53495,1991860,16.573005,24258.55,24400.0,24300,ATM+3,PUT,24150,2026-07-17
2026-07-17 11:36:00+05:30,235.0,240.9,232.75,240.45,54145,1994460,16.709479,24250.85,24400.0,24300,ATM+3,PUT,24150,2026-07-17
2026-07-17 11:37:00+05:30,239.3,243.9,238.05,242.35,76830,2004210,16.659877,24246.9,24400.0,24300,ATM+3,PUT,24150,2026-07-17
2026-07-17 11:38:00+05:30,241.85,243.0,237.0,237.0,34515,2010905,16.386355,24251.2,24400.0,24300,ATM+3,PUT,24150,2026-07-17
2026-07-17 11:39:00+05:30,237.45,238.05,234.5,234.8,32370,2019680,16.522136,24257.05,24400.0,24300,ATM+3,PUT,24150,2026-07-17
2026-07-17 11:40:00+05:30,234.4,238.1,233.95,234.05,55640,2013830,16.535497,24258.5,24400.0,24300,ATM+3,PUT,24150,2026-07-17
2026-07-17 11:41:00+05:30,234.25,235.0,230.8,231.9,62075,2004600,16.608872,24263.3,24400.0,24300,ATM+3,PUT,24150,2026-07-17
2026-07-17 11:42:00+05:30,231.0,234.1,229.85,234.05,82550,2012010,16.71133,24261.4,24400.0,24300,ATM+3,PUT,24150,2026-07-17
2026-07-17 11:43:00+05:30,233.4,234.05,230.8,231.9,27950,2017665,16.539603,24262.1,24400.0,24300,ATM+3,PUT,24150,2026-07-17
2026-07-17 11:44:00+05:30,232.0,232.0,227.0,229.15,67405,2022540,16.56929,24267.2,24400.0,24300,ATM+3,PUT,24150,2026-07-17
2026-07-17 11:45:00+05:30,229.65,229.65,226.15,227.3,59995,2031510,16.641993,24271.55,24400.0,24300,ATM+3,PUT,24150,2026-07-17
2026-07-17 11:46:00+05:30,226.8,230.85,225.95,228.95,38935,2046915,16.66054,24269.05,24400.0,24300,ATM+3,PUT,24150,2026-07-17
2026-07-17 11:47:00+05:30,228.45,232.4,228.35,229.65,48880,2052050,16.57217,24266.35,24400.0,24300,ATM+3,PUT,24150,2026-07-17
2026-07-17 11:48:00+05:30,230.55,230.85,227.3,229.65,37830,2073955,16.650026,24267.65,24400.0,24300,ATM+3,PUT,24150,2026-07-17
2026-07-17 11:49:00+05:30,228.85,229.65,227.35,228.85,33865,2081755,16.571525,24267.65,24400.0,24300,ATM+3,PUT,24150,2026-07-17
2026-07-17 11:50:00+05:30,227.8,229.75,227.25,227.7,22555,2102230,16.63171,24270.6,24400.0,24300,ATM+3,PUT,24150,2026-07-17
2026-07-17 11:51:00+05:30,227.95,227.95,225.0,227.0,54925,2100800,16.665642,24272.35,24400.0,24300,ATM+3,PUT,24150,2026-07-17
2026-07-17 11:52:00+05:30,226.75,227.0,222.2,223.1,57590,2128425,16.36718,24273.85,24400.0,24300,ATM+3,PUT,24150,2026-07-17
2026-07-17 11:53:00+05:30,256.7,259.05,254.75,257.35,16770,447850,17.027902,24278.7,24450.0,24300,ATM+3,PUT,24150,2026-07-17
2026-07-17 11:54:00+05:30,257.65,258.3,256.0,258.3,3965,450385,17.144694,24279.0,24450.0,24300,ATM+3,PUT,24150,2026-07-17
2026-07-17 11:55:00+05:30,222.1,226.5,221.75,226.3,74750,2190175,16.743273,24274.8,24400.0,24300,ATM+3,PUT,24150,2026-07-17
2026-07-17 11:56:00+05:30,262.0,264.65,256.55,257.9,11960,457405,17.191656,24280.35,24450.0,24300,ATM+3,PUT,24150,2026-07-17
2026-07-17 11:57:00+05:30,257.65,259.05,256.35,259.05,7345,459030,17.246494,24279.35,24450.0,24300,ATM+3,PUT,24150,2026-07-17
2026-07-17 11:58:00+05:30,223.95,227.4,223.25,226.8,32370,2226510,16.807838,24275.0,24400.0,24300,ATM+3,PUT,24150,2026-07-17
2026-07-17 11:59:00+05:30,261.9,262.5,259.5,259.5,3380,459485,17.19958,24277.85,24450.0,24300,ATM+3,PUT,24150,2026-07-17
2026-07-17 12:00:00+05:30,226.0,230.85,223.8,230.85,64545,2244515,16.973482,24270.9,24400.0,24300,ATM+3,PUT,24150,2026-07-17
2026-07-17 12:01:00+05:30,229.85,231.95,228.5,230.6,125190,2267395,16.788611,24268.15,24400.0,24300,ATM+3,PUT,24150,2026-07-17
2026-07-17 12:02:00+05:30,230.55,231.95,230.45,231.7,56940,2292095,16.849218,24267.3,24400.0,24300,ATM+3,PUT,24150,2026-07-17
2026-07-17 12:03:00+05:30,266.7,266.85,261.0,261.05,13585,464685,17.212585,24275.5,24450.0,24300,ATM+3,PUT,24150,2026-07-17
2026-07-17 12:04:00+05:30,225.15,226.5,224.05,226.15,42185,2268500,16.741468,24274.85,24400.0,24300,ATM+3,PUT,24150,2026-07-17
2026-07-17 12:05:00+05:30,227.8,229.35,226.15,228.0,32240,2268500,16.891306,24274.25,24400.0,24300,ATM+3,PUT,24150,2026-07-17
2026-07-17 12:06:00+05:30,229.4,232.5,228.0,230.95,51155,2283515,16.808515,24267.8,24400.0,24300,ATM+3,PUT,24150,2026-07-17
2026-07-17 12:07:00+05:30,231.05,234.9,230.55,234.0,86840,2258490,16.850532,24263.35,24400.0,24300,ATM+3,PUT,24150,2026-07-17
2026-07-17 12:08:00+05:30,234.25,235.55,230.0,230.0,93275,2262780,16.733818,24268.1,24400.0,24300,ATM+3,PUT,24150,2026-07-17
2026-07-17 12:09:00+05:30,230.6,230.6,227.0,227.65,64740,2283905,16.85824,24274.2,24400.0,24300,ATM+3,PUT,24150,2026-07-17
2026-07-17 12:10:00+05:30,227.35,227.65,224.15,227.0,55185,2280200,16.783219,24274.0,24400.0,24300,ATM+3,PUT,24150,2026-07-17
2026-07-17 12:11:00+05:30,227.1,230.2,227.0,229.1,42250,2286440,16.850131,24271.55,24400.0,24300,ATM+3,PUT,24150,2026-07-17
2026-07-17 12:12:00+05:30,264.9,266.25,262.35,264.0,2275,468845,17.549111,24275.9,24450.0,24300,ATM+3,PUT,24150,2026-07-17
2026-07-17 12:13:00+05:30,227.45,231.0,225.45,230.6,23140,2301780,16.940177,24270.5,24400.0,24300,ATM+3,PUT,24150,2026-07-17
2026-07-17 12:14:00+05:30,266.75,266.75,261.4,262.5,7995,469040,17.439894,24276.55,24450.0,24300,ATM+3,PUT,24150,2026-07-17
2026-07-17 12:15:00+05:30,261.75,263.0,261.0,261.1,3575,473850,17.548115,24280.5,24450.0,24300,ATM+3,PUT,24150,2026-07-17
2026-07-17 12:16:00+05:30,225.45,231.5,224.7,230.85,64805,2316275,17.1897,24274.3,24400.0,24300,ATM+3,PUT,24150,2026-07-17
2026-07-17 12:17:00+05:30,230.55,234.35,230.05,230.9,57200,2310945,17.073868,24272.2,24400.0,24300,ATM+3,PUT,24150,2026-07-17
2026-07-17 12:18:00+05:30,266.95,268.0,262.55,262.55,4030,472875,17.392437,24275.65,24450.0,24300,ATM+3,PUT,24150,2026-07-17
2026-07-17 12:19:00+05:30,263.45,265.95,262.55,265.45,2795,475475,17.676541,24275.45,24450.0,24300,ATM+3,PUT,24150,2026-07-17
2026-07-17 12:20:00+05:30,264.6,265.45,262.7,262.7,2405,476515,17.732138,24280.75,24450.0,24300,ATM+3,PUT,24150,2026-07-17
2026-07-17 12:21:00+05:30,263.6,265.4,262.7,265.0,3315,476580,17.88841,24279.5,24450.0,24300,ATM+3,PUT,24150,2026-07-17
2026-07-17 12:22:00+05:30,228.65,231.95,228.65,229.3,32890,2302300,16.903053,24271.9,24400.0,24300,ATM+3,PUT,24150,2026-07-17
2026-07-17 12:23:00+05:30,264.0,265.95,259.35,260.85,14885,475670,17.566721,24281.05,24450.0,24300,ATM+3,PUT,24150,2026-07-17
2026-07-17 12:24:00+05:30,260.9,262.4,259.95,260.7,8255,479180,17.596598,24281.75,24450.0,24300,ATM+3,PUT,24150,2026-07-17
2026-07-17 12:25:00+05:30,260.2,261.5,255.9,261.5,12675,481000,17.487102,24278.7,24450.0,24300,ATM+3,PUT,24150,2026-07-17
2026-07-17 12:26:00+05:30,261.6,263.05,259.65,263.05,9490,483990,17.557548,24277.3,24450.0,24300,ATM+3,PUT,24150,2026-07-17
2026-07-17 12:27:00+05:30,262.4,263.05,258.75,261.0,3575,485160,17.429041,24278.55,24450.0,24300,ATM+3,PUT,24150,2026-07-17
2026-07-17 12:28:00+05:30,260.95,261.75,259.0,261.2,4615,486785,17.409399,24277.9,24450.0,24300,ATM+3,PUT,24150,2026-07-17
2026-07-17 12:29:00+05:30,262.5,264.6,261.2,263.05,8515,487110,17.583245,24277.65,24450.0,24300,ATM+3,PUT,24150,2026-07-17
2026-07-17 12:30:00+05:30,228.25,230.35,227.6,228.25,40755,2377180,16.962296,24274.55,24400.0,24300,ATM+3,PUT,24150,2026-07-17
2026-07-17 12:31:00+05:30,263.35,264.75,262.0,262.0,2730,484640,17.443704,24277.1,24450.0,24300,ATM+3,PUT,24150,2026-07-17
2026-07-17 12:32:00+05:30,226.0,229.0,225.4,228.25,21775,2384395,16.918044,24273.75,24400.0,24300,ATM+3,PUT,24150,2026-07-17
2026-07-17 12:33:00+05:30,264.5,264.7,260.05,260.05,6760,486200,17.459407,24280.45,24450.0,24300,ATM+3,PUT,24150,2026-07-17
2026-07-17 12:34:00+05:30,260.35,260.7,258.7,259.95,8385,486655,17.49452,24281.15,24450.0,24300,ATM+3,PUT,24150,2026-07-17
2026-07-17 12:35:00+05:30,260.8,261.95,259.95,261.8,2860,489255,17.693182,24281.3,24450.0,24300,ATM+3,PUT,24150,2026-07-17
2026-07-17 12:36:00+05:30,261.8,261.8,260.3,261.3,780,490295,17.665533,24281.65,24450.0,24300,ATM+3,PUT,24150,2026-07-17
2026-07-17 12:37:00+05:30,260.3,263.5,259.7,263.5,2860,490815,17.71752,24278.9,24450.0,24300,ATM+3,PUT,24150,2026-07-17
2026-07-17 12:38:00+05:30,262.8,265.6,261.95,262.95,6305,490360,17.637476,24278.5,24450.0,24300,ATM+3,PUT,24150,2026-07-17
2026-07-17 12:39:00+05:30,262.35,263.65,261.2,263.5,5395,491335,17.647287,24277.75,24450.0,24300,ATM+3,PUT,24150,2026-07-17
2026-07-17 12:40:00+05:30,227.5,232.0,226.8,232.0,55705,2428205,16.878187,24266.55,24400.0,24300,ATM+3,PUT,24150,2026-07-17
2026-07-17 12:41:00+05:30,231.95,234.6,229.3,229.45,106990,2436070,16.772357,24269.05,24400.0,24300,ATM+3,PUT,24150,2026-07-17
2026-07-17 12:42:00+05:30,265.0,265.95,260.4,260.55,10725,496080,17.501974,24280.15,24450.0,24300,ATM+3,PUT,24150,2026-07-17
2026-07-17 12:43:00+05:30,224.45,229.4,224.25,228.1,39455,2432430,16.988593,24275.0,24400.0,24300,ATM+3,PUT,24150,2026-07-17
2026-07-17 12:44:00+05:30,263.4,264.7,261.0,261.1,3250,494715,17.363826,24277.05,24450.0,24300,ATM+3,PUT,24150,2026-07-17
2026-07-17 12:45:00+05:30,260.0,261.1,255.0,257.1,19305,494975,17.365392,24283.5,24450.0,24300,ATM+3,PUT,24150,2026-07-17
2026-07-17 12:46:00+05:30,257.4,260.1,256.2,259.25,8645,500695,17.506684,24282.25,24450.0,24300,ATM+3,PUT,24150,2026-07-17
2026-07-17 12:47:00+05:30,258.35,259.4,257.65,258.0,5915,503880,17.649841,24286.55,24450.0,24300,ATM+3,PUT,24150,2026-07-17
2026-07-17 12:48:00+05:30,258.3,258.35,255.2,255.6,8320,503945,17.451247,24287.25,24450.0,24300,ATM+3,PUT,24150,2026-07-17
2026-07-17 12:49:00+05:30,252.25,255.6,240.35,245.4,84695,507520,16.83827,24294.0,24450.0,24300,ATM+3,PUT,24150,2026-07-17
2026-07-17 12:50:00+05:30,246.6,257.7,245.4,257.45,33345,511030,17.413144,24283.6,24450.0,24300,ATM+3,PUT,24150,2026-07-17
2026-07-17 12:51:00+05:30,259.5,261.2,256.45,257.6,26520,504985,17.287721,24281.35,24450.0,24300,ATM+3,PUT,24150,2026-07-17
2026-07-17 12:52:00+05:30,259.0,260.7,257.55,260.0,7215,506415,17.432395,24279.75,24450.0,24300,ATM+3,PUT,24150,2026-07-17
2026-07-17 12:53:00+05:30,225.0,229.65,223.95,227.75,124150,2434770,16.819306,24272.5,24400.0,24300,ATM+3,PUT,24150,2026-07-17
2026-07-17 12:54:00+05:30,228.4,231.5,227.45,230.15,125450,2437305,17.141491,24273.9,24400.0,24300,ATM+3,PUT,24150,2026-07-17
2026-07-17 12:55:00+05:30,229.25,232.8,225.9,232.8,84825,2455050,17.249184,24271.2,24400.0,24300,ATM+3,PUT,24150,2026-07-17
2026-07-17 12:56:00+05:30,232.5,232.8,227.0,228.6,80535,2471690,17.027306,24274.55,24400.0,24300,ATM+3,PUT,24150,2026-07-17
2026-07-17 12:57:00+05:30,263.4,263.75,257.0,260.85,16640,520520,17.562934,24280.35,24450.0,24300,ATM+3,PUT,24150,2026-07-17
2026-07-17 12:58:00+05:30,260.8,262.0,258.85,261.65,5005,522470,17.557175,24278.95,24450.0,24300,ATM+3,PUT,24150,2026-07-17
2026-07-17 12:59:00+05:30,260.0,261.65,257.5,258.0,5460,521300,17.460867,24283.3,24450.0,24300,ATM+3,PUT,24150,2026-07-17
2026-07-17 13:00:00+05:30,255.0,259.55,254.1,258.15,13845,523250,17.445859,24282.8,24450.0,24300,ATM+3,PUT,24150,2026-07-17
2026-07-17 13:01:00+05:30,257.75,258.15,253.0,256.35,10010,524615,17.323503,24283.75,24450.0,24300,ATM+3,PUT,24150,2026-07-17
2026-07-17 13:02:00+05:30,256.35,259.0,255.65,259.0,6240,527410,17.272036,24278.65,24450.0,24300,ATM+3,PUT,24150,2026-07-17
2026-07-17 13:03:00+05:30,260.0,262.0,257.3,260.1,13325,529490,17.515691,24280.7,24450.0,24300,ATM+3,PUT,24150,2026-07-17
2026-07-17 13:04:00+05:30,258.95,260.1,257.0,259.6,5590,528385,17.41201,24279.85,24450.0,24300,ATM+3,PUT,24150,2026-07-17
2026-07-17 13:05:00+05:30,259.35,261.9,259.35,259.75,4030,528905,17.507634,24281.1,24450.0,24300,ATM+3,PUT,24150,2026-07-17
2026-07-17 13:06:00+05:30,259.4,260.7,257.25,257.7,4810,529100,17.479473,24283.95,24450.0,24300,ATM+3,PUT,24150,2026-07-17
2026-07-17 13:07:00+05:30,257.3,264.45,256.0,264.0,6630,530725,17.649254,24276.45,24450.0,24300,ATM+3,PUT,24150,2026-07-17
2026-07-17 13:08:00+05:30,262.7,264.0,260.1,261.8,3380,530725,17.635041,24279.75,24450.0,24300,ATM+3,PUT,24150,2026-07-17
2026-07-17 13:09:00+05:30,261.75,262.8,260.45,262.8,6435,530660,17.627484,24278.0,24450.0,24300,ATM+3,PUT,24150,2026-07-17
2026-07-17 13:10:00+05:30,262.5,262.8,260.05,261.0,7150,530855,17.539915,24279.5,24450.0,24300,ATM+3,PUT,24150,2026-07-17
2026-07-17 13:11:00+05:30,260.5,261.75,258.5,261.75,6695,527475,17.605039,24279.3,24450.0,24300,ATM+3,PUT,24150,2026-07-17
2026-07-17 13:12:00+05:30,260.75,263.6,260.0,263.6,3640,527735,17.671575,24277.35,24450.0,24300,ATM+3,PUT,24150,2026-07-17
2026-07-17 13:13:00+05:30,264.3,264.35,260.85,260.85,3380,527865,17.333762,24276.45,24450.0,24300,ATM+3,PUT,24150,2026-07-17
2026-07-17 13:14:00+05:30,260.0,260.85,257.9,258.2,4550,527150,17.451737,24282.55,24450.0,24300,ATM+3,PUT,24150,2026-07-17
2026-07-17 13:15:00+05:30,225.0,233.35,224.4,230.55,122850,2530970,17.089188,24271.9,24400.0,24300,ATM+3,PUT,24150,2026-07-17
2026-07-17 13:16:00+05:30,230.55,230.8,228.45,228.75,64610,2526745,16.963302,24272.8,24400.0,24300,ATM+3,PUT,24150,2026-07-17
2026-07-17 13:17:00+05:30,265.65,267.25,264.0,264.5,10270,525590,17.64546,24275.4,24450.0,24300,ATM+3,PUT,24150,2026-07-17
2026-07-17 13:18:00+05:30,229.0,229.9,226.45,229.05,41015,2530385,16.980944,24272.55,24400.0,24300,ATM+3,PUT,24150,2026-07-17
2026-07-17 13:19:00+05:30,229.75,231.95,228.55,230.45,42835,2534610,17.227173,24274.35,24400.0,24300,ATM+3,PUT,24150,2026-07-17
2026-07-17 13:20:00+05:30,265.65,267.6,263.6,265.45,25220,531245,17.867212,24277.3,24450.0,24300,ATM+3,PUT,24150,2026-07-17
2026-07-17 13:21:00+05:30,266.25,267.3,264.8,266.8,5070,531960,18.015879,24277.45,24450.0,24300,ATM+3,PUT,24150,2026-07-17
2026-07-17 13:22:00+05:30,230.0,231.0,228.75,229.1,35360,2558530,17.095984,24274.35,24400.0,24300,ATM+3,PUT,24150,2026-07-17
2026-07-17 13:23:00+05:30,229.0,232.6,228.0,232.6,36790,2556970,17.135972,24269.05,24400.0,24300,ATM+3,PUT,24150,2026-07-17
2026-07-17 13:24:00+05:30,232.1,236.15,230.0,236.0,158600,2541175,17.324079,24266.45,24400.0,24300,ATM+3,PUT,24150,2026-07-17
2026-07-17 13:25:00+05:30,235.6,239.0,231.0,231.0,202930,2499705,16.954392,24268.65,24400.0,24300,ATM+3,PUT,24150,2026-07-17
2026-07-17 13:26:00+05:30,230.25,236.4,229.5,235.05,119080,2515110,17.145105,24265.0,24400.0,24300,ATM+3,PUT,24150,2026-07-17
2026-07-17 13:27:00+05:30,235.1,238.6,235.0,238.15,77155,2520895,17.269746,24261.85,24400.0,24300,ATM+3,PUT,24150,2026-07-17
2026-07-17 13:28:00+05:30,237.15,239.0,235.9,237.55,86905,2508220,17.13864,24260.65,24400.0,24300,ATM+3,PUT,24150,2026-07-17
2026-07-17 13:29:00+05:30,236.8,237.55,231.95,234.95,86450,2491190,17.275103,24267.3,24400.0,24300,ATM+3,PUT,24150,2026-07-17
2026-07-17 13:30:00+05:30,234.9,235.1,232.3,233.45,38480,2486835,17.27063,24269.75,24400.0,24300,ATM+3,PUT,24150,2026-07-17
2026-07-17 13:31:00+05:30,232.0,235.5,229.35,234.15,71305,2465060,17.241652,24268.05,24400.0,24300,ATM+3,PUT,24150,2026-07-17
2026-07-17 13:32:00+05:30,234.6,238.0,233.0,234.8,78715,2470000,17.216238,24266.5,24400.0,24300,ATM+3,PUT,24150,2026-07-17
2026-07-17 13:33:00+05:30,235.0,237.8,234.8,236.0,34125,2480660,17.186211,24263.95,24400.0,24300,ATM+3,PUT,24150,2026-07-17
2026-07-17 13:34:00+05:30,235.1,237.8,234.0,234.05,45305,2477670,17.095781,24265.7,24400.0,24300,ATM+3,PUT,24150,2026-07-17
2026-07-17 13:35:00+05:30,234.35,234.35,231.0,233.0,44265,2477215,17.104433,24267.6,24400.0,24300,ATM+3,PUT,24150,2026-07-17
2026-07-17 13:36:00+05:30,232.75,233.0,227.55,232.45,86515,2432170,17.180563,24269.8,24400.0,24300,ATM+3,PUT,24150,2026-07-17
2026-07-17 13:37:00+05:30,232.25,237.0,230.0,236.45,80535,2423850,17.280867,24264.7,24400.0,24300,ATM+3,PUT,24150,2026-07-17
2026-07-17 13:38:00+05:30,236.3,237.4,234.3,237.2,50245,2423785,17.42271,24265.8,24400.0,24300,ATM+3,PUT,24150,2026-07-17
2026-07-17 13:39:00+05:30,236.9,237.2,233.25,234.5,36855,2437175,17.371837,24269.5,24400.0,24300,ATM+3,PUT,24150,2026-07-17
2026-07-17 13:40:00+05:30,235.05,243.3,234.5,241.3,159380,2424435,17.386258,24258.25,24400.0,24300,ATM+3,PUT,24150,2026-07-17
2026-07-17 13:41:00+05:30,241.35,247.15,238.95,238.95,189735,2353845,16.931604,24254.65,24400.0,24300,ATM+3,PUT,24150,2026-07-17
2026-07-17 13:42:00+05:30,238.55,246.7,238.55,244.0,110630,2359435,17.233171,24251.2,24400.0,24300,ATM+3,PUT,24150,2026-07-17
2026-07-17 13:43:00+05:30,245.0,246.8,244.0,244.0,90610,2354105,17.058925,24248.35,24400.0,24300,ATM+3,PUT,24150,2026-07-17
2026-07-17 13:44:00+05:30,242.95,247.3,240.5,242.5,80340,2334670,17.269961,24254.25,24400.0,24300,ATM+3,PUT,24150,2026-07-17
2026-07-17 13:45:00+05:30,242.65,246.0,242.05,243.7,65520,2314650,17.279765,24252.4,24400.0,24300,ATM+3,PUT,24150,2026-07-17
2026-07-17 13:46:00+05:30,243.3,252.0,242.1,251.7,161915,2297295,17.644137,24245.1,24400.0,24300,ATM+3,PUT,24150,2026-07-17
2026-07-17 13:47:00+05:30,250.2,257.25,249.8,254.6,218530,2218840,17.542795,24238.7,24400.0,24300,ATM+3,PUT,24150,2026-07-17
2026-07-17 13:48:00+05:30,252.15,254.6,248.0,248.95,125970,2161965,17.487471,24247.05,24400.0,24300,ATM+3,PUT,24150,2026-07-17
2026-07-17 13:49:00+05:30,248.85,253.85,248.45,253.85,96200,2127060,17.546863,24239.95,24400.0,24300,ATM+3,PUT,24150,2026-07-17
2026-07-17 13:50:00+05:30,253.45,258.6,252.4,257.15,227110,2116660,17.066341,24227.05,24400.0,24300,ATM+3,PUT,24150,2026-07-17
2026-07-17 13:51:00+05:30,221.5,229.3,220.5,226.4,447200,1707680,16.39066,24215.95,24350.0,24300,ATM+3,PUT,24150,2026-07-17
2026-07-17 13:52:00+05:30,226.1,226.4,220.9,224.35,211185,1638260,16.56819,24222.35,24350.0,24300,ATM+3,PUT,24150,2026-07-17
2026-07-17 13:53:00+05:30,261.1,261.55,256.8,258.4,82745,1941095,17.340513,24229.25,24400.0,24300,ATM+3,PUT,24150,2026-07-17
2026-07-17 13:54:00+05:30,257.5,258.85,252.6,253.55,108615,1921010,17.018775,24232.0,24400.0,24300,ATM+3,PUT,24150,2026-07-17
2026-07-17 13:55:00+05:30,254.8,257.85,248.8,251.25,121875,1917110,17.070731,24236.5,24400.0,24300,ATM+3,PUT,24150,2026-07-17
2026-07-17 13:56:00+05:30,252.1,256.35,251.25,253.15,56290,1889420,17.027987,24232.75,24400.0,24300,ATM+3,PUT,24150,2026-07-17
2026-07-17 13:57:00+05:30,252.1,254.0,250.0,252.2,49270,1887340,16.992206,24233.7,24400.0,24300,ATM+3,PUT,24150,2026-07-17
2026-07-17 13:58:00+05:30,250.7,252.9,249.35,249.35,46800,1890005,16.949104,24237.6,24400.0,24300,ATM+3,PUT,24150,2026-07-17
2026-07-17 13:59:00+05:30,249.75,249.75,234.0,237.75,298740,1878110,16.549721,24250.1,24400.0,24300,ATM+3,PUT,24150,2026-07-17
2026-07-17 14:00:00+05:30,239.5,242.8,237.45,238.95,142480,1785810,16.592222,24248.8,24400.0,24300,ATM+3,PUT,24150,2026-07-17
2026-07-17 14:01:00+05:30,238.6,243.6,238.6,240.3,56160,1774825,16.606167,24246.8,24400.0,24300,ATM+3,PUT,24150,2026-07-17
2026-07-17 14:02:00+05:30,240.6,245.0,240.3,243.4,55055,1775280,16.723319,24243.6,24400.0,24300,ATM+3,PUT,24150,2026-07-17
2026-07-17 14:03:00+05:30,242.65,244.2,240.2,241.35,36985,1788150,16.681238,24246.25,24400.0,24300,ATM+3,PUT,24150,2026-07-17
2026-07-17 14:04:00+05:30,240.65,241.35,236.8,239.3,55445,1794325,16.728819,24250.35,24400.0,24300,ATM+3,PUT,24150,2026-07-17
2026-07-17 14:05:00+05:30,239.1,239.3,233.4,235.55,63960,1801280,16.617297,24254.7,24400.0,24300,ATM+3,PUT,24150,2026-07-17
2026-07-17 14:06:00+05:30,236.3,241.9,235.55,241.9,42965,1805830,16.95249,24249.65,24400.0,24300,ATM+3,PUT,24150,2026-07-17
2026-07-17 14:07:00+05:30,241.6,241.9,238.25,238.75,34970,1813175,16.719629,24251.05,24400.0,24300,ATM+3,PUT,24150,2026-07-17
2026-07-17 14:08:00+05:30,239.0,242.2,237.5,239.8,36140,1808560,16.830769,24251.1,24400.0,24300,ATM+3,PUT,24150,2026-07-17
2026-07-17 14:09:00+05:30,240.3,240.7,237.95,238.6,21840,1812135,16.824076,24252.95,24400.0,24300,ATM+3,PUT,24150,2026-07-17
2026-07-17 14:10:00+05:30,238.0,239.3,236.15,237.25,36270,1808300,16.752666,24254.0,24400.0,24300,ATM+3,PUT,24150,2026-07-17
2026-07-17 14:11:00+05:30,236.35,237.25,228.5,228.7,169000,1811810,16.572817,24265.25,24400.0,24300,ATM+3,PUT,24150,2026-07-17
2026-07-17 14:12:00+05:30,228.3,229.45,221.35,223.2,165620,1821885,16.399869,24271.6,24400.0,24300,ATM+3,PUT,24150,2026-07-17
2026-07-17 14:13:00+05:30,259.05,259.45,249.0,252.05,34255,385255,16.546942,24277.25,24450.0,24300,ATM+3,PUT,24150,2026-07-17
2026-07-17 14:14:00+05:30,250.4,253.5,246.05,247.6,34515,408850,16.302626,24280.55,24450.0,24300,ATM+3,PUT,24150,2026-07-17
2026-07-17 14:15:00+05:30,285.0,286.0,225.45,226.3,489255,1433380,15.039291,24345.4,24500.0,24300,ATM+3,PUT,24150,2026-07-17
2026-07-17 14:16:00+05:30,217.95,237.45,215.35,217.85,467545,1484275,15.279154,24362.9,24500.0,24300,ATM+3,PUT,24150,2026-07-17
2026-07-17 14:17:00+05:30,217.6,230.75,214.95,229.75,390260,1617265,15.526616,24347.45,24500.0,24300,ATM+3,PUT,24150,2026-07-17
2026-07-17 14:18:00+05:30,237.35,242.0,229.75,238.65,485030,1773525,15.491242,24332.7,24500.0,24300,ATM+3,PUT,24150,2026-07-17
2026-07-17 14:19:00+05:30,206.55,221.75,205.4,221.25,164450,568490,15.380278,24308.45,24450.0,24300,ATM+3,PUT,24150,2026-07-17
2026-07-17 14:20:00+05:30,219.3,224.0,213.0,223.65,117065,556855,15.89033,24312.75,24450.0,24300,ATM+3,PUT,24150,2026-07-17
2026-07-17 14:21:00+05:30,223.15,230.45,219.2,227.25,234910,598520,16.048107,24309.35,24450.0,24300,ATM+3,PUT,24150,2026-07-17
2026-07-17 14:22:00+05:30,228.3,239.0,227.25,239.0,145795,566085,16.725136,24300.95,24450.0,24300,ATM+3,PUT,24150,2026-07-17
2026-07-17 14:23:00+05:30,239.15,242.85,233.75,242.85,117325,531375,16.603319,24292.7,24450.0,24300,ATM+3,PUT,24150,2026-07-17
2026-07-17 14:24:00+05:30,242.2,243.6,234.95,234.95,58240,513760,16.148879,24298.3,24450.0,24300,ATM+3,PUT,24150,2026-07-17
2026-07-17 14:25:00+05:30,235.25,236.85,223.45,225.65,69290,500955,15.763202,24307.3,24450.0,24300,ATM+3,PUT,24150,2026-07-17
2026-07-17 14:26:00+05:30,228.0,228.0,221.1,223.45,58305,488735,15.784534,24311.25,24450.0,24300,ATM+3,PUT,24150,2026-07-17
2026-07-17 14:27:00+05:30,223.9,225.6,220.2,222.45,28925,492375,15.665558,24310.95,24450.0,24300,ATM+3,PUT,24150,2026-07-17
2026-07-17 14:28:00+05:30,220.05,222.45,215.2,221.3,53495,504010,15.459924,24309.5,24450.0,24300,ATM+3,PUT,24150,2026-07-17
2026-07-17 14:29:00+05:30,230.2,242.1,221.3,237.65,128375,503945,15.734888,24287.4,24450.0,24300,ATM+3,PUT,24150,2026-07-17
2026-07-17 14:30:00+05:30,238.15,238.15,224.9,226.35,69420,517335,15.674772,24304.65,24450.0,24300,ATM+3,PUT,24150,2026-07-17
2026-07-17 14:31:00+05:30,226.3,232.05,224.5,231.55,39780,527605,15.934464,24300.3,24450.0,24300,ATM+3,PUT,24150,2026-07-17
2026-07-17 14:32:00+05:30,232.0,232.75,228.9,231.35,40300,529750,15.842557,24299.15,24450.0,24300,ATM+3,PUT,24150,2026-07-17
2026-07-17 14:33:00+05:30,231.5,233.7,230.0,230.4,18850,528255,15.51691,24295.55,24450.0,24300,ATM+3,PUT,24150,2026-07-17
2026-07-17 14:34:00+05:30,230.6,231.95,227.45,229.5,16315,523900,15.581908,24298.0,24450.0,24300,ATM+3,PUT,24150,2026-07-17
2026-07-17 14:35:00+05:30,230.0,231.5,228.05,230.9,8190,527475,15.767969,24298.65,24450.0,24300,ATM+3,PUT,24150,2026-07-17
2026-07-17 14:36:00+05:30,232.0,236.35,230.9,234.1,46215,512460,15.753637,24293.25,24450.0,24300,ATM+3,PUT,24150,2026-07-17
2026-07-17 14:37:00+05:30,235.0,236.1,230.1,234.3,24180,509730,15.762461,24293.05,24450.0,24300,ATM+3,PUT,24150,2026-07-17
2026-07-17 14:38:00+05:30,234.15,237.25,228.1,230.1,35555,512395,15.708075,24298.95,24450.0,24300,ATM+3,PUT,24150,2026-07-17
2026-07-17 14:39:00+05:30,230.3,231.9,228.95,229.15,9360,512330,15.544762,24297.9,24450.0,24300,ATM+3,PUT,24150,2026-07-17
2026-07-17 14:40:00+05:30,229.15,230.0,226.0,228.9,16770,513630,15.779826,24302.0,24450.0,24300,ATM+3,PUT,24150,2026-07-17
2026-07-17 14:41:00+05:30,229.8,230.65,220.95,220.95,45240,521885,15.583306,24311.85,24450.0,24300,ATM+3,PUT,24150,2026-07-17
2026-07-17 14:42:00+05:30,221.4,225.85,220.95,222.0,35035,531115,15.601621,24310.4,24450.0,24300,ATM+3,PUT,24150,2026-07-17
2026-07-17 14:43:00+05:30,221.5,222.0,217.1,221.0,37310,531245,15.605918,24312.1,24450.0,24300,ATM+3,PUT,24150,2026-07-17
2026-07-17 14:44:00+05:30,221.7,221.7,214.1,216.5,28210,535730,15.490333,24317.65,24450.0,24300,ATM+3,PUT,24150,2026-07-17
2026-07-17 14:45:00+05:30,215.7,219.0,215.0,217.6,27170,546845,15.715203,24319.5,24450.0,24300,ATM+3,PUT,24150,2026-07-17
2026-07-17 14:46:00+05:30,253.4,256.1,246.6,248.3,110045,1683435,16.018248,24325.05,24500.0,24300,ATM+3,PUT,24150,2026-07-17
2026-07-17 14:47:00+05:30,213.15,216.05,212.25,215.4,25870,556595,15.621764,24321.6,24450.0,24300,ATM+3,PUT,24150,2026-07-17
2026-07-17 14:48:00+05:30,215.2,219.8,213.5,213.5,33410,569010,15.348775,24320.25,24450.0,24300,ATM+3,PUT,24150,2026-07-17
2026-07-17 14:49:00+05:30,214.85,214.85,210.95,214.4,34905,583245,15.667275,24324.0,24450.0,24300,ATM+3,PUT,24150,2026-07-17
2026-07-17 14:50:00+05:30,213.85,219.0,213.2,216.45,35165,582595,15.634439,24320.0,24450.0,24300,ATM+3,PUT,24150,2026-07-17
2026-07-17 14:51:00+05:30,216.5,219.4,212.45,218.65,16510,579410,15.679159,24317.05,24450.0,24300,ATM+3,PUT,24150,2026-07-17
2026-07-17 14:52:00+05:30,217.35,218.65,215.1,216.6,13520,583180,15.627507,24319.6,24450.0,24300,ATM+3,PUT,24150,2026-07-17
2026-07-17 14:53:00+05:30,217.0,221.0,215.55,216.3,41275,581295,15.652718,24320.5,24450.0,24300,ATM+3,PUT,24150,2026-07-17
2026-07-17 14:54:00+05:30,216.2,220.5,216.05,216.05,23270,583700,15.655703,24320.95,24450.0,24300,ATM+3,PUT,24150,2026-07-17
2026-07-17 14:55:00+05:30,252.95,254.45,248.15,248.55,43225,1736865,16.209638,24327.4,24500.0,24300,ATM+3,PUT,24150,2026-07-17
2026-07-17 14:56:00+05:30,209.35,216.65,205.2,214.5,123175,575835,15.738806,24324.9,24450.0,24300,ATM+3,PUT,24150,2026-07-17
2026-07-17 14:57:00+05:30,214.35,217.8,213.0,215.45,23010,577655,15.637467,24321.6,24450.0,24300,ATM+3,PUT,24150,2026-07-17
2026-07-17 14:58:00+05:30,216.15,220.75,215.45,219.15,40235,578760,15.664088,24315.85,24450.0,24300,ATM+3,PUT,24150,2026-07-17
2026-07-17 14:59:00+05:30,217.95,222.65,216.5,221.65,43485,585975,15.667426,24311.75,24450.0,24300,ATM+3,PUT,24150,2026-07-17
2026-07-17 15:00:00+05:30,219.55,224.4,207.0,210.4,108030,596375,15.256457,24323.7,24450.0,24300,ATM+3,PUT,24150,2026-07-17
2026-07-17 15:01:00+05:30,240.0,248.6,236.7,245.35,195455,1703130,15.762546,24325.6,24500.0,24300,ATM+3,PUT,24150,2026-07-17
2026-07-17 15:02:00+05:30,211.3,216.25,209.35,212.55,41015,603200,15.51525,24324.35,24450.0,24300,ATM+3,PUT,24150,2026-07-17
2026-07-17 15:03:00+05:30,213.2,217.3,210.9,216.65,28405,600145,15.543847,24317.95,24450.0,24300,ATM+3,PUT,24150,2026-07-17
2026-07-17 15:04:00+05:30,217.9,218.75,213.85,215.45,31655,593515,15.672116,24322.05,24450.0,24300,ATM+3,PUT,24150,2026-07-17
2026-07-17 15:05:00+05:30,250.6,251.35,244.9,245.4,65065,1689870,15.902027,24327.55,24500.0,24300,ATM+3,PUT,24150,2026-07-17
2026-07-17 15:06:00+05:30,246.05,246.05,242.1,244.45,59995,1694875,15.979468,24330.2,24500.0,24300,ATM+3,PUT,24150,2026-07-17
2026-07-17 15:07:00+05:30,244.0,245.35,238.8,240.55,139750,1738880,15.844498,24334.3,24500.0,24300,ATM+3,PUT,24150,2026-07-17
2026-07-17 15:08:00+05:30,242.0,246.25,240.55,245.1,66300,1732250,16.173957,24332.1,24500.0,24300,ATM+3,PUT,24150,2026-07-17
2026-07-17 15:09:00+05:30,245.95,246.85,242.8,244.05,36335,1731600,16.160811,24333.55,24500.0,24300,ATM+3,PUT,24150,2026-07-17
2026-07-17 15:10:00+05:30,244.1,246.3,243.7,244.25,46215,1715545,16.064919,24331.75,24500.0,24300,ATM+3,PUT,24150,2026-07-17
2026-07-17 15:11:00+05:30,242.3,244.25,240.9,242.6,47905,1711450,15.927288,24332.25,24500.0,24300,ATM+3,PUT,24150,2026-07-17
2026-07-17 15:12:00+05:30,242.45,242.6,237.0,240.0,95680,1705925,15.907106,24336.05,24500.0,24300,ATM+3,PUT,24150,2026-07-17
2026-07-17 15:13:00+05:30,240.5,243.5,240.0,242.1,55900,1689805,16.050972,24334.9,24500.0,24300,ATM+3,PUT,24150,2026-07-17
2026-07-17 15:14:00+05:30,243.0,249.85,242.1,248.8,119210,1657955,16.345382,24328.75,24500.0,24300,ATM+3,PUT,24150,2026-07-17
2026-07-17 15:15:00+05:30,215.0,221.2,212.8,216.9,71760,533975,15.938981,24323.85,24450.0,24300,ATM+3,PUT,24150,2026-07-17
2026-07-17 15:16:00+05:30,218.0,219.9,216.55,217.85,36660,519805,15.979135,24322.9,24450.0,24300,ATM+3,PUT,24150,2026-07-17
2026-07-17 15:17:00+05:30,253.95,254.2,248.0,250.85,60320,1508520,16.35115,24325.55,24500.0,24300,ATM+3,PUT,24150,2026-07-17
2026-07-17 15:18:00+05:30,251.45,254.4,248.55,254.4,43485,1497015,16.934625,24328.8,24500.0,24300,ATM+3,PUT,24150,2026-07-17
2026-07-17 15:19:00+05:30,253.4,254.4,250.65,252.3,29575,1493700,16.731017,24329.0,24500.0,24300,ATM+3,PUT,24150,2026-07-17
2026-07-17 15:20:00+05:30,252.3,253.35,249.35,249.7,64350,1497730,16.71934,24332.95,24500.0,24300,ATM+3,PUT,24150,2026-07-17
2026-07-17 15:21:00+05:30,250.55,251.0,239.6,240.15,100880,1477385,15.742143,24333.15,24500.0,24300,ATM+3,PUT,24150,2026-07-17
2026-07-17 15:22:00+05:30,240.05,241.2,236.4,240.9,69940,1475045,16.063231,24336.85,24500.0,24300,ATM+3,PUT,24150,2026-07-17
2026-07-17 15:23:00+05:30,240.55,241.0,237.6,238.0,59865,1487590,15.83524,24337.95,24500.0,24300,ATM+3,PUT,24150,2026-07-17
2026-07-17 15:24:00+05:30,237.4,238.0,231.05,234.9,129285,1482975,15.829407,24342.8,24500.0,24300,ATM+3,PUT,24150,2026-07-17
2026-07-17 15:25:00+05:30,235.95,237.55,232.95,234.75,117520,1504620,15.956091,24345.0,24500.0,24300,ATM+3,PUT,24150,2026-07-17
2026-07-17 15:26:00+05:30,235.7,236.2,232.0,234.65,82810,1506440,15.80572,24342.8,24500.0,24300,ATM+3,PUT,24150,2026-07-17
2026-07-17 15:27:00+05:30,234.85,234.85,230.35,231.0,74425,1501110,15.506862,24344.0,24500.0,24300,ATM+3,PUT,24150,2026-07-17
2026-07-17 15:28:00+05:30,231.1,231.8,223.2,223.6,171795,1479595,14.435367,24339.4,24500.0,24300,ATM+3,PUT,24150,2026-07-17
2026-07-17 15:29:00+05:30,223.0,224.95,218.55,220.4,192920,1460030,14.585574,24346.7,24500.0,24300,ATM+3,PUT,24150,2026-07-17
2026-07-17 09:15:00+05:30,35.6,45.65,30.55,45.65,1395810,2524990,10.586033,24151.25,24350.0,24350,ATM+4,CALL,24150,2026-07-17
2026-07-17 09:16:00+05:30,46.5,48.3,44.6,48.3,1340430,2560805,10.258795,24171.0,24350.0,24350,ATM+4,CALL,24150,2026-07-17
2026-07-17 09:17:00+05:30,36.2,38.3,36.1,36.75,1395810,5838560,10.260476,24176.15,24400.0,24350,ATM+4,CALL,24150,2026-07-17
2026-07-17 09:18:00+05:30,37.05,41.25,36.6,40.7,1218100,5826925,10.409213,24187.4,24400.0,24350,ATM+4,CALL,24150,2026-07-17
2026-07-17 09:19:00+05:30,41.6,43.5,40.55,41.35,1383200,5784350,10.474448,24187.85,24400.0,24350,ATM+4,CALL,24150,2026-07-17
2026-07-17 09:20:00+05:30,40.95,42.9,39.2,40.4,1004120,5840705,10.364582,24187.75,24400.0,24350,ATM+4,CALL,24150,2026-07-17
2026-07-17 09:21:00+05:30,40.3,40.55,38.4,38.6,621595,5945810,10.207948,24185.75,24400.0,24350,ATM+4,CALL,24150,2026-07-17
2026-07-17 09:22:00+05:30,38.7,40.45,38.2,40.2,478465,6041100,10.312319,24188.75,24400.0,24350,ATM+4,CALL,24150,2026-07-17
2026-07-17 09:23:00+05:30,40.0,40.5,38.5,38.5,371865,6136520,10.185767,24186.15,24400.0,24350,ATM+4,CALL,24150,2026-07-17
2026-07-17 09:24:00+05:30,38.35,41.05,37.95,40.75,511810,6205030,10.284784,24191.9,24400.0,24350,ATM+4,CALL,24150,2026-07-17
2026-07-17 09:25:00+05:30,40.75,43.65,40.45,42.7,920790,6255405,10.303778,24198.85,24400.0,24350,ATM+4,CALL,24150,2026-07-17
2026-07-17 09:26:00+05:30,42.85,44.1,42.05,42.35,711750,6221020,10.234371,24199.8,24400.0,24350,ATM+4,CALL,24150,2026-07-17
2026-07-17 09:27:00+05:30,42.5,44.3,41.4,43.15,657865,6259305,10.234522,24202.85,24400.0,24350,ATM+4,CALL,24150,2026-07-17
2026-07-17 09:28:00+05:30,43.45,43.75,42.8,43.7,298675,6277050,10.238752,24204.8,24400.0,24350,ATM+4,CALL,24150,2026-07-17
2026-07-17 09:29:00+05:30,43.25,45.75,42.9,45.2,625690,6345235,10.249451,24210.0,24400.0,24350,ATM+4,CALL,24150,2026-07-17
2026-07-17 09:30:00+05:30,45.75,46.2,42.05,42.95,896675,6303440,10.187735,24203.7,24400.0,24350,ATM+4,CALL,24150,2026-07-17
2026-07-17 09:31:00+05:30,43.05,43.8,40.3,40.45,493675,6332560,10.105191,24196.85,24400.0,24350,ATM+4,CALL,24150,2026-07-17
2026-07-17 09:32:00+05:30,40.65,42.8,39.25,42.8,608335,6405555,10.125577,24205.2,24400.0,24350,ATM+4,CALL,24150,2026-07-17
2026-07-17 09:33:00+05:30,42.75,44.55,41.9,43.7,512980,6502405,10.058903,24210.7,24400.0,24350,ATM+4,CALL,24150,2026-07-17
2026-07-17 09:34:00+05:30,44.0,45.9,41.7,42.05,797615,6573840,9.996569,24206.6,24400.0,24350,ATM+4,CALL,24150,2026-07-17
2026-07-17 09:35:00+05:30,42.1,42.85,41.55,41.75,350870,6632730,9.948534,24207.05,24400.0,24350,ATM+4,CALL,24150,2026-07-17
2026-07-17 09:36:00+05:30,41.5,42.5,40.5,42.2,332150,6676930,9.928848,24209.4,24400.0,24350,ATM+4,CALL,24150,2026-07-17
2026-07-17 09:37:00+05:30,42.35,44.4,41.65,44.4,347230,6698510,9.967885,24216.25,24400.0,24350,ATM+4,CALL,24150,2026-07-17
2026-07-17 09:38:00+05:30,44.75,45.65,43.55,45.15,604760,6715280,9.885215,24221.55,24400.0,24350,ATM+4,CALL,24150,2026-07-17
2026-07-17 09:39:00+05:30,45.45,46.0,43.7,43.85,455390,6713525,9.814972,24219.15,24400.0,24350,ATM+4,CALL,24150,2026-07-17
2026-07-17 09:40:00+05:30,43.5,45.65,43.05,44.6,430625,6774625,9.840771,24221.05,24400.0,24350,ATM+4,CALL,24150,2026-07-17
2026-07-17 09:41:00+05:30,44.55,45.75,44.2,44.55,281710,6806150,9.799307,24222.2,24400.0,24350,ATM+4,CALL,24150,2026-07-17
2026-07-17 09:42:00+05:30,45.25,45.95,44.5,45.4,327145,6816420,9.816147,24224.7,24400.0,24350,ATM+4,CALL,24150,2026-07-17
2026-07-17 09:43:00+05:30,33.4,35.1,33.3,34.45,458770,3258580,10.003403,24225.15,24450.0,24350,ATM+4,CALL,24150,2026-07-17
2026-07-17 09:44:00+05:30,35.2,37.0,33.85,36.0,572390,3156205,10.019602,24231.3,24450.0,24350,ATM+4,CALL,24150,2026-07-17
2026-07-17 09:45:00+05:30,35.8,40.1,35.8,37.4,832910,3082365,10.099096,24234.5,24450.0,24350,ATM+4,CALL,24150,2026-07-17
2026-07-17 09:46:00+05:30,37.35,39.8,36.85,38.9,407095,3015610,10.07503,24241.45,24450.0,24350,ATM+4,CALL,24150,2026-07-17
2026-07-17 09:47:00+05:30,38.95,40.75,38.0,38.25,538785,2982590,10.149958,24236.35,24450.0,24350,ATM+4,CALL,24150,2026-07-17
2026-07-17 09:48:00+05:30,38.3,40.3,38.2,39.2,233675,2954770,10.155278,24240.05,24450.0,24350,ATM+4,CALL,24150,2026-07-17
2026-07-17 09:49:00+05:30,39.5,39.65,37.9,38.35,233220,2971410,10.149148,24236.85,24450.0,24350,ATM+4,CALL,24150,2026-07-17
2026-07-17 09:50:00+05:30,38.55,40.7,38.35,39.75,276900,2977715,10.128313,24243.2,24450.0,24350,ATM+4,CALL,24150,2026-07-17
2026-07-17 09:51:00+05:30,39.7,39.8,36.1,36.4,312585,2951195,10.146506,24228.9,24450.0,24350,ATM+4,CALL,24150,2026-07-17
2026-07-17 09:52:00+05:30,36.7,37.1,35.65,35.8,274430,2974205,10.041925,24229.95,24450.0,24350,ATM+4,CALL,24150,2026-07-17
2026-07-17 09:53:00+05:30,35.8,37.65,35.5,37.6,242840,2964195,10.172904,24233.1,24450.0,24350,ATM+4,CALL,24150,2026-07-17
2026-07-17 09:54:00+05:30,37.7,40.65,37.3,39.35,253110,2984670,10.180711,24240.0,24450.0,24350,ATM+4,CALL,24150,2026-07-17
2026-07-17 09:55:00+05:30,39.1,39.35,36.1,36.75,414180,3096405,10.155627,24230.2,24450.0,24350,ATM+4,CALL,24150,2026-07-17
2026-07-17 09:56:00+05:30,48.8,49.05,45.5,46.35,534625,7025005,9.98818,24223.1,24400.0,24350,ATM+4,CALL,24150,2026-07-17
2026-07-17 09:57:00+05:30,46.4,46.45,44.1,45.15,599625,7005180,9.973859,24219.35,24400.0,24350,ATM+4,CALL,24150,2026-07-17
2026-07-17 09:58:00+05:30,33.15,35.5,32.85,35.25,224705,3105440,10.005175,24229.05,24450.0,24350,ATM+4,CALL,24150,2026-07-17
2026-07-17 09:59:00+05:30,35.55,35.9,34.55,35.8,178815,3067480,10.080853,24228.85,24450.0,24350,ATM+4,CALL,24150,2026-07-17
2026-07-17 10:00:00+05:30,47.75,49.15,44.25,44.65,441610,7020910,9.846335,24221.65,24400.0,24350,ATM+4,CALL,24150,2026-07-17
2026-07-17 10:01:00+05:30,44.3,46.1,41.05,41.65,743730,7119060,9.796583,24212.35,24400.0,24350,ATM+4,CALL,24150,2026-07-17
2026-07-17 10:02:00+05:30,42.3,43.1,41.65,41.85,608855,7159490,9.709512,24215.9,24400.0,24350,ATM+4,CALL,24150,2026-07-17
2026-07-17 10:03:00+05:30,42.3,42.85,41.25,42.2,404105,7160270,9.780816,24214.95,24400.0,24350,ATM+4,CALL,24150,2026-07-17
2026-07-17 10:04:00+05:30,42.2,42.4,40.6,41.4,461890,7185035,9.703095,24214.5,24400.0,24350,ATM+4,CALL,24150,2026-07-17
2026-07-17 10:05:00+05:30,41.55,44.65,41.2,44.2,411450,7196930,9.811107,24221.3,24400.0,24350,ATM+4,CALL,24150,2026-07-17
2026-07-17 10:06:00+05:30,44.1,45.45,44.0,44.05,400010,7165665,9.75023,24222.7,24400.0,24350,ATM+4,CALL,24150,2026-07-17
2026-07-17 10:07:00+05:30,32.6,33.5,32.45,33.5,80275,3169985,9.890968,24225.65,24450.0,24350,ATM+4,CALL,24150,2026-07-17
2026-07-17 10:08:00+05:30,33.35,34.0,32.65,34.0,126880,3172845,9.899173,24227.6,24450.0,24350,ATM+4,CALL,24150,2026-07-17
2026-07-17 10:09:00+05:30,34.05,36.2,34.0,34.45,249990,3164200,9.830499,24231.95,24450.0,24350,ATM+4,CALL,24150,2026-07-17
2026-07-17 10:10:00+05:30,34.3,35.45,34.2,34.45,111410,3172910,9.869341,24230.65,24450.0,24350,ATM+4,CALL,24150,2026-07-17
2026-07-17 10:11:00+05:30,34.6,34.9,34.25,34.9,136175,3192930,9.850863,24233.25,24450.0,24350,ATM+4,CALL,24150,2026-07-17
2026-07-17 10:12:00+05:30,34.95,38.35,34.9,38.2,381160,3192150,10.061858,24239.9,24450.0,24350,ATM+4,CALL,24150,2026-07-17
2026-07-17 10:13:00+05:30,38.25,39.9,38.2,38.35,431665,3184155,9.894404,24246.1,24450.0,24350,ATM+4,CALL,24150,2026-07-17
2026-07-17 10:14:00+05:30,38.45,38.45,36.2,36.3,235170,3195920,9.832824,24239.85,24450.0,24350,ATM+4,CALL,24150,2026-07-17
2026-07-17 10:15:00+05:30,36.5,38.6,36.0,38.25,267735,3194945,9.896315,24245.7,24450.0,24350,ATM+4,CALL,24150,2026-07-17
2026-07-17 10:16:00+05:30,38.25,39.4,38.15,38.15,174525,3216330,9.841414,24247.15,24450.0,24350,ATM+4,CALL,24150,2026-07-17
2026-07-17 10:17:00+05:30,38.25,42.5,38.1,42.0,404170,3223480,10.101338,24253.65,24450.0,24350,ATM+4,CALL,24150,2026-07-17
2026-07-17 10:18:00+05:30,41.7,57.55,41.7,55.8,1495780,3085030,10.990008,24274.45,24450.0,24350,ATM+4,CALL,24150,2026-07-17
2026-07-17 10:19:00+05:30,56.15,57.75,50.05,51.8,1002105,2912715,10.568238,24273.95,24450.0,24350,ATM+4,CALL,24150,2026-07-17
2026-07-17 10:20:00+05:30,51.55,53.9,49.25,49.5,489710,2944955,10.548639,24266.75,24450.0,24350,ATM+4,CALL,24150,2026-07-17
2026-07-17 10:21:00+05:30,49.45,50.55,48.5,49.15,372125,2956135,10.460109,24268.3,24450.0,24350,ATM+4,CALL,24150,2026-07-17
2026-07-17 10:22:00+05:30,48.5,49.35,46.65,46.8,370175,2952950,10.367955,24262.95,24450.0,24350,ATM+4,CALL,24150,2026-07-17
2026-07-17 10:23:00+05:30,46.7,46.8,45.0,45.8,286650,2879175,10.386744,24258.8,24450.0,24350,ATM+4,CALL,24150,2026-07-17
2026-07-17 10:24:00+05:30,46.0,46.0,44.15,45.4,267605,2840110,10.442853,24255.6,24450.0,24350,ATM+4,CALL,24150,2026-07-17
2026-07-17 10:25:00+05:30,45.7,47.95,44.3,47.9,298415,2841800,10.465385,24263.9,24450.0,24350,ATM+4,CALL,24150,2026-07-17
2026-07-17 10:26:00+05:30,47.5,48.05,46.3,47.6,263185,2833025,10.372944,24265.75,24450.0,24350,ATM+4,CALL,24150,2026-07-17
2026-07-17 10:27:00+05:30,47.9,49.55,46.8,47.95,288275,2853370,10.352238,24267.65,24450.0,24350,ATM+4,CALL,24150,2026-07-17
2026-07-17 10:28:00+05:30,47.8,50.55,47.8,49.95,269620,2860455,10.393546,24273.3,24450.0,24350,ATM+4,CALL,24150,2026-07-17
2026-07-17 10:29:00+05:30,37.3,40.85,37.3,40.35,1000610,9339395,10.56754,24281.55,24500.0,24350,ATM+4,CALL,24150,2026-07-17
2026-07-17 10:30:00+05:30,40.0,40.35,37.45,39.15,684255,9381385,10.486628,24279.4,24500.0,24350,ATM+4,CALL,24150,2026-07-17
2026-07-17 10:31:00+05:30,39.2,41.3,39.15,40.9,815880,9409725,10.589474,24283.1,24500.0,24350,ATM+4,CALL,24150,2026-07-17
2026-07-17 10:32:00+05:30,41.0,43.5,40.3,40.3,1184755,9395555,10.45467,24285.2,24500.0,24350,ATM+4,CALL,24150,2026-07-17
2026-07-17 10:33:00+05:30,40.35,40.35,38.45,39.45,913510,9179885,10.518884,24279.65,24500.0,24350,ATM+4,CALL,24150,2026-07-17
2026-07-17 10:34:00+05:30,39.35,41.3,39.05,41.15,475150,9203220,10.58642,24284.3,24500.0,24350,ATM+4,CALL,24150,2026-07-17
2026-07-17 10:35:00+05:30,54.95,55.0,48.65,48.9,395525,2888925,10.319336,24272.2,24450.0,24350,ATM+4,CALL,24150,2026-07-17
2026-07-17 10:36:00+05:30,49.05,49.45,47.65,48.85,358020,2978820,10.304961,24272.5,24450.0,24350,ATM+4,CALL,24150,2026-07-17
2026-07-17 10:37:00+05:30,48.9,49.15,46.3,46.3,203385,2999750,10.188329,24267.25,24450.0,24350,ATM+4,CALL,24150,2026-07-17
2026-07-17 10:38:00+05:30,46.35,47.65,45.15,47.0,285155,3029845,10.251032,24267.8,24450.0,24350,ATM+4,CALL,24150,2026-07-17
2026-07-17 10:39:00+05:30,47.1,47.95,46.2,46.3,209950,3042260,10.190308,24267.25,24450.0,24350,ATM+4,CALL,24150,2026-07-17
2026-07-17 10:40:00+05:30,46.5,47.9,45.9,47.8,130715,3053440,10.322489,24268.45,24450.0,24350,ATM+4,CALL,24150,2026-07-17
2026-07-17 10:41:00+05:30,47.6,48.15,46.65,47.95,145990,3062735,10.265899,24270.75,24450.0,24350,ATM+4,CALL,24150,2026-07-17
2026-07-17 10:42:00+05:30,48.05,48.3,46.8,47.2,159510,3075345,10.230874,24269.25,24450.0,24350,ATM+4,CALL,24150,2026-07-17
2026-07-17 10:43:00+05:30,47.25,47.25,40.85,40.85,498485,3088020,10.16049,24248.15,24450.0,24350,ATM+4,CALL,24150,2026-07-17
2026-07-17 10:44:00+05:30,42.95,44.1,41.95,43.05,378235,3126110,10.080393,24259.1,24450.0,24350,ATM+4,CALL,24150,2026-07-17
2026-07-17 10:45:00+05:30,42.9,43.55,40.1,40.15,451165,3119675,9.920912,24253.3,24450.0,24350,ATM+4,CALL,24150,2026-07-17
2026-07-17 10:46:00+05:30,40.15,41.35,39.55,40.65,327080,3079960,10.005838,24252.5,24450.0,24350,ATM+4,CALL,24150,2026-07-17
2026-07-17 10:47:00+05:30,40.75,42.3,40.35,42.05,157235,3096405,10.113233,24254.4,24450.0,24350,ATM+4,CALL,24150,2026-07-17
2026-07-17 10:48:00+05:30,41.8,42.05,39.8,40.0,176930,3087825,9.896749,24253.6,24450.0,24350,ATM+4,CALL,24150,2026-07-17
2026-07-17 10:49:00+05:30,39.9,40.45,38.85,39.4,187980,3103295,9.939608,24249.9,24450.0,24350,ATM+4,CALL,24150,2026-07-17
2026-07-17 10:50:00+05:30,39.2,40.95,38.75,39.9,191165,3138785,9.965113,24251.05,24450.0,24350,ATM+4,CALL,24150,2026-07-17
2026-07-17 10:51:00+05:30,40.15,40.15,37.9,37.9,164060,3174470,9.791494,24248.9,24450.0,24350,ATM+4,CALL,24150,2026-07-17
2026-07-17 10:52:00+05:30,38.0,39.4,37.45,39.4,166530,3192150,9.885889,24251.75,24450.0,24350,ATM+4,CALL,24150,2026-07-17
2026-07-17 10:53:00+05:30,39.45,41.5,39.4,41.0,269815,3216720,9.939598,24256.2,24450.0,24350,ATM+4,CALL,24150,2026-07-17
2026-07-17 10:54:00+05:30,40.95,41.1,38.65,39.5,238680,3285425,9.783055,24255.55,24450.0,24350,ATM+4,CALL,24150,2026-07-17
2026-07-17 10:55:00+05:30,39.75,40.05,38.5,40.05,106990,3279575,9.812256,24256.75,24450.0,24350,ATM+4,CALL,24150,2026-07-17
2026-07-17 10:56:00+05:30,40.25,41.8,39.9,40.9,234520,3266835,9.941547,24255.85,24450.0,24350,ATM+4,CALL,24150,2026-07-17
2026-07-17 10:57:00+05:30,41.05,41.25,39.6,40.55,127400,3282955,9.881041,24256.5,24450.0,24350,ATM+4,CALL,24150,2026-07-17
2026-07-17 10:58:00+05:30,40.55,41.75,40.4,41.65,147095,3287180,9.972699,24257.75,24450.0,24350,ATM+4,CALL,24150,2026-07-17
2026-07-17 10:59:00+05:30,41.85,41.9,40.7,40.8,104000,3299465,9.896981,24257.0,24450.0,24350,ATM+4,CALL,24150,2026-07-17
2026-07-17 11:00:00+05:30,40.7,42.85,40.7,41.8,221455,3282500,9.92509,24259.9,24450.0,24350,ATM+4,CALL,24150,2026-07-17
2026-07-17 11:01:00+05:30,42.0,42.65,40.3,40.55,159770,3324815,9.881791,24256.6,24450.0,24350,ATM+4,CALL,24150,2026-07-17
2026-07-17 11:02:00+05:30,40.55,40.65,38.4,38.6,269295,3305770,9.897151,24248.55,24450.0,24350,ATM+4,CALL,24150,2026-07-17
2026-07-17 11:03:00+05:30,39.2,40.05,38.6,39.95,174265,3293095,10.011285,24250.15,24450.0,24350,ATM+4,CALL,24150,2026-07-17
2026-07-17 11:04:00+05:30,40.1,41.45,39.8,41.45,109785,3320525,9.942563,24258.15,24450.0,24350,ATM+4,CALL,24150,2026-07-17
2026-07-17 11:05:00+05:30,41.5,42.9,41.2,41.9,250055,3320395,9.869554,24262.2,24450.0,24350,ATM+4,CALL,24150,2026-07-17
2026-07-17 11:06:00+05:30,41.15,42.6,40.75,42.55,151320,3330015,9.955685,24261.9,24450.0,24350,ATM+4,CALL,24150,2026-07-17
2026-07-17 11:07:00+05:30,42.65,42.65,38.1,38.1,257465,3355300,9.914342,24246.15,24450.0,24350,ATM+4,CALL,24150,2026-07-17
2026-07-17 11:08:00+05:30,38.15,38.15,35.75,37.0,467675,3387735,10.015436,24238.35,24450.0,24350,ATM+4,CALL,24150,2026-07-17
2026-07-17 11:09:00+05:30,37.25,37.95,36.55,37.4,165425,3360240,9.959165,24241.9,24450.0,24350,ATM+4,CALL,24150,2026-07-17
2026-07-17 11:10:00+05:30,37.35,37.8,36.0,36.3,147225,3359850,9.914443,24238.9,24450.0,24350,ATM+4,CALL,24150,2026-07-17
2026-07-17 11:11:00+05:30,36.35,37.85,36.05,37.3,175370,3364400,9.983372,24240.75,24450.0,24350,ATM+4,CALL,24150,2026-07-17
2026-07-17 11:12:00+05:30,37.15,37.9,36.9,37.5,101205,3378765,9.980326,24241.7,24450.0,24350,ATM+4,CALL,24150,2026-07-17
2026-07-17 11:13:00+05:30,37.7,37.75,35.65,36.15,148005,3385655,9.928509,24237.9,24450.0,24350,ATM+4,CALL,24150,2026-07-17
2026-07-17 11:14:00+05:30,36.2,37.95,35.65,37.4,145535,3398005,10.149864,24235.7,24450.0,24350,ATM+4,CALL,24150,2026-07-17
2026-07-17 11:15:00+05:30,37.5,37.9,36.85,37.3,132080,3417830,10.041241,24238.95,24450.0,24350,ATM+4,CALL,24150,2026-07-17
2026-07-17 11:16:00+05:30,37.5,37.5,35.35,35.6,172835,3437200,9.938569,24235.35,24450.0,24350,ATM+4,CALL,24150,2026-07-17
2026-07-17 11:17:00+05:30,35.8,37.25,35.6,36.35,109655,3434990,9.909462,24239.5,24450.0,24350,ATM+4,CALL,24150,2026-07-17
2026-07-17 11:18:00+05:30,36.15,36.35,34.9,35.1,148265,3442985,9.832073,24236.9,24450.0,24350,ATM+4,CALL,24150,2026-07-17
2026-07-17 11:19:00+05:30,35.05,36.5,34.55,36.15,137930,3455595,9.822436,24241.65,24450.0,24350,ATM+4,CALL,24150,2026-07-17
2026-07-17 11:20:00+05:30,36.05,36.85,35.9,36.25,94965,3462290,9.832756,24241.75,24450.0,24350,ATM+4,CALL,24150,2026-07-17
2026-07-17 11:21:00+05:30,36.45,36.6,35.75,36.55,95420,3464305,9.872235,24241.7,24450.0,24350,ATM+4,CALL,24150,2026-07-17
2026-07-17 11:22:00+05:30,36.35,38.65,36.35,38.1,211120,3467230,9.828544,24249.45,24450.0,24350,ATM+4,CALL,24150,2026-07-17
2026-07-17 11:23:00+05:30,38.1,38.1,35.4,35.9,173160,3475225,9.89069,24238.45,24450.0,24350,ATM+4,CALL,24150,2026-07-17
2026-07-17 11:24:00+05:30,36.1,37.8,35.2,37.55,147420,3484910,9.862266,24246.2,24450.0,24350,ATM+4,CALL,24150,2026-07-17
2026-07-17 11:25:00+05:30,37.5,37.8,36.3,36.4,115050,3473990,9.827612,24242.7,24450.0,24350,ATM+4,CALL,24150,2026-07-17
2026-07-17 11:26:00+05:30,36.6,37.0,35.6,37.0,54795,3476720,9.94148,24241.4,24450.0,24350,ATM+4,CALL,24150,2026-07-17
2026-07-17 11:27:00+05:30,36.9,37.85,36.75,37.1,121615,3498755,9.891596,24243.5,24450.0,24350,ATM+4,CALL,24150,2026-07-17
2026-07-17 11:28:00+05:30,37.15,37.65,36.7,37.2,57070,3500445,9.853572,24245.2,24450.0,24350,ATM+4,CALL,24150,2026-07-17
2026-07-17 11:29:00+05:30,37.5,38.55,36.9,36.9,127920,3497000,9.883998,24243.0,24450.0,24350,ATM+4,CALL,24150,2026-07-17
2026-07-17 11:30:00+05:30,37.0,38.1,36.7,36.95,103220,3501940,9.856503,24244.15,24450.0,24350,ATM+4,CALL,24150,2026-07-17
2026-07-17 11:31:00+05:30,36.85,37.4,36.1,37.3,53105,3504345,9.838476,24246.2,24450.0,24350,ATM+4,CALL,24150,2026-07-17
2026-07-17 11:32:00+05:30,37.3,37.7,36.45,37.0,35945,3502265,9.90369,24242.85,24450.0,24350,ATM+4,CALL,24150,2026-07-17
2026-07-17 11:33:00+05:30,37.05,37.8,35.85,37.5,117130,3508440,9.781474,24248.95,24450.0,24350,ATM+4,CALL,24150,2026-07-17
2026-07-17 11:34:00+05:30,37.5,39.65,37.5,38.35,219830,3493685,9.77409,24252.6,24450.0,24350,ATM+4,CALL,24150,2026-07-17
2026-07-17 11:35:00+05:30,38.45,40.5,38.35,40.05,194090,3500835,9.794788,24258.55,24450.0,24350,ATM+4,CALL,24150,2026-07-17
2026-07-17 11:36:00+05:30,40.0,40.9,38.0,38.3,260845,3499990,9.823468,24250.85,24450.0,24350,ATM+4,CALL,24150,2026-07-17
2026-07-17 11:37:00+05:30,38.5,39.0,36.8,37.15,156195,3525795,9.804725,24246.9,24450.0,24350,ATM+4,CALL,24150,2026-07-17
2026-07-17 11:38:00+05:30,37.25,39.1,37.05,39.0,102570,3523130,9.899079,24251.2,24450.0,24350,ATM+4,CALL,24150,2026-07-17
2026-07-17 11:39:00+05:30,39.1,40.35,38.7,40.1,140660,3504865,9.851124,24257.05,24450.0,24350,ATM+4,CALL,24150,2026-07-17
2026-07-17 11:40:00+05:30,40.15,40.5,39.0,40.45,85410,3513965,9.848533,24258.5,24450.0,24350,ATM+4,CALL,24150,2026-07-17
2026-07-17 11:41:00+05:30,40.35,42.35,40.35,42.35,357175,3485885,9.922283,24263.3,24450.0,24350,ATM+4,CALL,24150,2026-07-17
2026-07-17 11:42:00+05:30,42.35,42.6,40.7,40.7,155415,3472300,9.789517,24261.4,24450.0,24350,ATM+4,CALL,24150,2026-07-17
2026-07-17 11:43:00+05:30,41.1,42.1,40.65,41.45,149045,3476980,9.856727,24262.1,24450.0,24350,ATM+4,CALL,24150,2026-07-17
2026-07-17 11:44:00+05:30,41.45,43.25,41.3,42.3,277550,3505255,9.795981,24267.2,24450.0,24350,ATM+4,CALL,24150,2026-07-17
2026-07-17 11:45:00+05:30,42.2,43.6,42.2,43.1,215345,3499860,9.750923,24271.55,24450.0,24350,ATM+4,CALL,24150,2026-07-17
2026-07-17 11:46:00+05:30,42.9,43.6,42.05,42.65,156910,3505190,9.77971,24269.05,24450.0,24350,ATM+4,CALL,24150,2026-07-17
2026-07-17 11:47:00+05:30,43.0,43.0,41.0,41.45,160810,3514810,9.726774,24266.35,24450.0,24350,ATM+4,CALL,24150,2026-07-17
2026-07-17 11:48:00+05:30,41.4,42.95,41.1,41.75,104195,3517995,9.721611,24267.65,24450.0,24350,ATM+4,CALL,24150,2026-07-17
2026-07-17 11:49:00+05:30,42.05,42.6,41.5,41.65,68250,3523260,9.710926,24267.65,24450.0,24350,ATM+4,CALL,24150,2026-07-17
2026-07-17 11:50:00+05:30,42.2,42.35,41.2,41.85,91455,3521440,9.641561,24270.6,24450.0,24350,ATM+4,CALL,24150,2026-07-17
2026-07-17 11:51:00+05:30,42.15,43.2,41.85,42.45,213265,3526575,9.656165,24272.35,24450.0,24350,ATM+4,CALL,24150,2026-07-17
2026-07-17 11:52:00+05:30,42.65,44.9,42.45,44.75,192270,3528330,9.872902,24273.85,24450.0,24350,ATM+4,CALL,24150,2026-07-17
2026-07-17 11:53:00+05:30,33.1,34.4,32.45,33.5,965185,10607935,9.881658,24278.7,24500.0,24350,ATM+4,CALL,24150,2026-07-17
2026-07-17 11:54:00+05:30,33.45,34.1,33.25,33.35,531895,10603970,9.854672,24279.0,24500.0,24350,ATM+4,CALL,24150,2026-07-17
2026-07-17 11:55:00+05:30,45.85,45.95,43.65,43.75,210405,3476720,9.730828,24274.8,24450.0,24350,ATM+4,CALL,24150,2026-07-17
2026-07-17 11:56:00+05:30,31.9,34.05,31.15,33.3,544960,10602020,9.810887,24280.35,24500.0,24350,ATM+4,CALL,24150,2026-07-17
2026-07-17 11:57:00+05:30,33.2,33.8,32.85,33.55,327080,10600525,9.872972,24279.35,24500.0,24350,ATM+4,CALL,24150,2026-07-17
2026-07-17 11:58:00+05:30,44.8,45.05,42.85,43.3,178035,3490955,9.675698,24275.0,24450.0,24350,ATM+4,CALL,24150,2026-07-17
2026-07-17 11:59:00+05:30,31.65,32.35,31.4,31.75,202150,10611770,9.68617,24277.85,24500.0,24350,ATM+4,CALL,24150,2026-07-17
2026-07-17 12:00:00+05:30,42.95,44.4,40.95,41.3,211835,3494855,9.577662,24270.9,24450.0,24350,ATM+4,CALL,24150,2026-07-17
2026-07-17 12:01:00+05:30,41.55,42.25,40.25,41.5,190580,3525925,9.6891,24268.15,24450.0,24350,ATM+4,CALL,24150,2026-07-17
2026-07-17 12:02:00+05:30,40.9,41.5,40.0,40.4,138775,3531125,9.588229,24267.3,24450.0,24350,ATM+4,CALL,24150,2026-07-17
2026-07-17 12:03:00+05:30,29.65,31.85,29.6,31.7,360295,10653825,9.751047,24275.5,24500.0,24350,ATM+4,CALL,24150,2026-07-17
2026-07-17 12:04:00+05:30,43.4,44.45,43.2,43.2,177970,3526900,9.674795,24274.85,24450.0,24350,ATM+4,CALL,24150,2026-07-17
2026-07-17 12:05:00+05:30,43.2,43.9,42.45,42.6,80080,3527420,9.62601,24274.25,24450.0,24350,ATM+4,CALL,24150,2026-07-17
2026-07-17 12:06:00+05:30,42.5,42.65,40.55,41.0,158015,3559530,9.646555,24267.8,24450.0,24350,ATM+4,CALL,24150,2026-07-17
2026-07-17 12:07:00+05:30,40.8,41.45,39.05,39.35,181350,3577925,9.5929,24263.35,24450.0,24350,ATM+4,CALL,24150,2026-07-17
2026-07-17 12:08:00+05:30,39.45,41.0,38.7,40.8,134810,3561675,9.615578,24268.1,24450.0,24350,ATM+4,CALL,24150,2026-07-17
2026-07-17 12:09:00+05:30,40.9,42.8,40.8,42.2,228410,3540680,9.585287,24274.2,24450.0,24350,ATM+4,CALL,24150,2026-07-17
2026-07-17 12:10:00+05:30,42.5,44.15,42.2,43.1,200980,3545815,9.696397,24274.0,24450.0,24350,ATM+4,CALL,24150,2026-07-17
2026-07-17 12:11:00+05:30,42.95,43.1,41.35,41.75,187135,3545815,9.619737,24271.55,24450.0,24350,ATM+4,CALL,24150,2026-07-17
2026-07-17 12:12:00+05:30,30.35,31.6,30.1,31.0,189605,10680280,9.656436,24275.9,24500.0,24350,ATM+4,CALL,24150,2026-07-17
2026-07-17 12:13:00+05:30,42.45,43.35,40.5,40.9,97305,3550690,9.55607,24270.5,24450.0,24350,ATM+4,CALL,24150,2026-07-17
2026-07-17 12:14:00+05:30,30.0,31.7,29.95,31.35,187785,10681320,9.685553,24276.55,24500.0,24350,ATM+4,CALL,24150,2026-07-17
2026-07-17 12:15:00+05:30,31.6,31.8,31.15,31.8,188825,10679305,9.631271,24280.5,24500.0,24350,ATM+4,CALL,24150,2026-07-17
2026-07-17 12:16:00+05:30,43.2,43.75,40.5,40.85,159900,3548090,9.432336,24274.3,24450.0,24350,ATM+4,CALL,24150,2026-07-17
2026-07-17 12:17:00+05:30,41.05,41.2,39.4,41.15,159250,3557515,9.535006,24272.2,24450.0,24350,ATM+4,CALL,24150,2026-07-17
2026-07-17 12:18:00+05:30,30.25,31.55,29.8,31.55,242060,10683140,9.741378,24275.65,24500.0,24350,ATM+4,CALL,24150,2026-07-17
2026-07-17 12:19:00+05:30,31.25,31.55,30.45,30.5,154440,10706475,9.610053,24275.45,24500.0,24350,ATM+4,CALL,24150,2026-07-17
2026-07-17 12:20:00+05:30,30.45,31.5,30.45,31.35,161915,10717460,9.570272,24280.75,24500.0,24350,ATM+4,CALL,24150,2026-07-17
2026-07-17 12:21:00+05:30,31.2,31.35,30.45,30.65,145275,10720645,9.515708,24279.5,24500.0,24350,ATM+4,CALL,24150,2026-07-17
2026-07-17 12:22:00+05:30,41.6,41.9,40.55,41.9,93730,3580915,9.636493,24271.9,24450.0,24350,ATM+4,CALL,24150,2026-07-17
2026-07-17 12:23:00+05:30,30.85,32.7,30.7,32.15,544570,10684960,9.668226,24281.05,24500.0,24350,ATM+4,CALL,24150,2026-07-17
2026-07-17 12:24:00+05:30,32.05,32.75,31.65,32.4,283270,10682815,9.681135,24281.75,24500.0,24350,ATM+4,CALL,24150,2026-07-17
2026-07-17 12:25:00+05:30,32.35,34.8,32.35,32.9,875095,10658180,9.835271,24278.7,24500.0,24350,ATM+4,CALL,24150,2026-07-17
2026-07-17 12:26:00+05:30,32.9,33.65,32.0,32.2,380185,10650705,9.786186,24277.3,24500.0,24350,ATM+4,CALL,24150,2026-07-17
2026-07-17 12:27:00+05:30,31.85,33.5,31.85,32.6,234715,10638745,9.802791,24278.55,24500.0,24350,ATM+4,CALL,24150,2026-07-17
2026-07-17 12:28:00+05:30,32.65,33.3,32.2,32.6,189605,10649275,9.822612,24277.9,24500.0,24350,ATM+4,CALL,24150,2026-07-17
2026-07-17 12:29:00+05:30,32.6,32.85,31.65,32.15,223275,10649275,9.772428,24277.65,24500.0,24350,ATM+4,CALL,24150,2026-07-17
2026-07-17 12:30:00+05:30,43.15,43.65,42.4,43.25,119990,3551795,9.715225,24274.55,24450.0,24350,ATM+4,CALL,24150,2026-07-17
2026-07-17 12:31:00+05:30,31.9,32.5,31.4,32.35,208780,10662210,9.816254,24277.1,24500.0,24350,ATM+4,CALL,24150,2026-07-17
2026-07-17 12:32:00+05:30,44.15,44.65,42.8,42.95,81575,3544060,9.70834,24273.75,24450.0,24350,ATM+4,CALL,24150,2026-07-17
2026-07-17 12:33:00+05:30,31.7,32.8,31.45,32.7,193440,10700560,9.766221,24280.45,24500.0,24350,ATM+4,CALL,24150,2026-07-17
2026-07-17 12:34:00+05:30,32.8,33.65,32.65,32.7,323180,10716160,9.746794,24281.15,24500.0,24350,ATM+4,CALL,24150,2026-07-17
2026-07-17 12:35:00+05:30,32.75,33.1,32.2,32.4,188825,10728575,9.704666,24281.3,24500.0,24350,ATM+4,CALL,24150,2026-07-17
2026-07-17 12:36:00+05:30,32.55,32.9,32.0,32.15,154960,10731240,9.663117,24281.65,24500.0,24350,ATM+4,CALL,24150,2026-07-17
2026-07-17 12:37:00+05:30,32.2,32.7,31.2,31.25,261690,10752365,9.626564,24278.9,24500.0,24350,ATM+4,CALL,24150,2026-07-17
2026-07-17 12:38:00+05:30,31.0,31.65,30.3,31.2,369850,10764715,9.632491,24278.5,24500.0,24350,ATM+4,CALL,24150,2026-07-17
2026-07-17 12:39:00+05:30,31.4,31.5,30.6,30.85,173485,10773880,9.609088,24277.75,24500.0,24350,ATM+4,CALL,24150,2026-07-17
2026-07-17 12:40:00+05:30,42.2,42.45,40.3,40.3,191815,3612050,9.636297,24266.55,24450.0,24350,ATM+4,CALL,24150,2026-07-17
2026-07-17 12:41:00+05:30,40.25,41.3,38.7,41.3,265785,3616925,9.675569,24269.05,24450.0,24350,ATM+4,CALL,24150,2026-07-17
2026-07-17 12:42:00+05:30,30.25,31.8,30.2,31.65,402350,10799750,9.647395,24280.15,24500.0,24350,ATM+4,CALL,24150,2026-07-17
2026-07-17 12:43:00+05:30,43.45,43.45,41.25,41.75,139490,3628820,9.539943,24275.0,24450.0,24350,ATM+4,CALL,24150,2026-07-17
2026-07-17 12:44:00+05:30,30.7,31.55,30.6,31.45,174525,10816000,9.712715,24277.05,24500.0,24350,ATM+4,CALL,24150,2026-07-17
2026-07-17 12:45:00+05:30,31.35,34.0,31.35,33.45,664300,10839465,9.784923,24283.5,24500.0,24350,ATM+4,CALL,24150,2026-07-17
2026-07-17 12:46:00+05:30,33.45,33.55,32.6,33.0,961740,10792210,9.76479,24282.25,24500.0,24350,ATM+4,CALL,24150,2026-07-17
2026-07-17 12:47:00+05:30,32.95,33.65,32.85,33.6,250835,10462465,9.716293,24286.55,24500.0,24350,ATM+4,CALL,24150,2026-07-17
2026-07-17 12:48:00+05:30,33.65,34.45,33.05,34.25,407485,10383815,9.779098,24287.25,24500.0,24350,ATM+4,CALL,24150,2026-07-17
2026-07-17 12:49:00+05:30,34.7,39.7,34.25,37.05,2008435,10338185,9.927845,24294.0,24500.0,24350,ATM+4,CALL,24150,2026-07-17
2026-07-17 12:50:00+05:30,36.6,37.05,32.6,32.6,970580,10102495,9.677683,24283.6,24500.0,24350,ATM+4,CALL,24150,2026-07-17
2026-07-17 12:51:00+05:30,32.4,32.85,31.65,32.35,589550,10172240,9.71199,24281.35,24500.0,24350,ATM+4,CALL,24150,2026-07-17
2026-07-17 12:52:00+05:30,32.65,32.65,31.25,31.25,332215,10242440,9.616207,24279.75,24500.0,24350,ATM+4,CALL,24150,2026-07-17
2026-07-17 12:53:00+05:30,42.6,43.25,40.55,40.9,311935,3481920,9.530481,24272.5,24450.0,24350,ATM+4,CALL,24150,2026-07-17
2026-07-17 12:54:00+05:30,41.35,41.55,40.3,40.55,256880,3501420,9.445907,24273.9,24450.0,24350,ATM+4,CALL,24150,2026-07-17
2026-07-17 12:55:00+05:30,40.85,42.55,40.2,40.4,210795,3550820,9.515208,24271.2,24450.0,24350,ATM+4,CALL,24150,2026-07-17
2026-07-17 12:56:00+05:30,40.4,42.05,40.35,41.75,101530,3541135,9.566785,24274.55,24450.0,24350,ATM+4,CALL,24150,2026-07-17
2026-07-17 12:57:00+05:30,30.7,32.65,30.6,31.65,590525,10314655,9.655825,24280.35,24500.0,24350,ATM+4,CALL,24150,2026-07-17
2026-07-17 12:58:00+05:30,31.7,32.45,30.95,30.95,259610,10287550,9.605627,24278.95,24500.0,24350,ATM+4,CALL,24150,2026-07-17
2026-07-17 12:59:00+05:30,31.35,32.55,30.95,32.35,247910,10298665,9.662765,24283.3,24500.0,24350,ATM+4,CALL,24150,2026-07-17
2026-07-17 13:00:00+05:30,32.7,33.15,31.8,32.0,278460,10297235,9.633004,24282.8,24500.0,24350,ATM+4,CALL,24150,2026-07-17
2026-07-17 13:01:00+05:30,32.05,33.4,32.0,32.15,290290,10316930,9.625685,24283.75,24500.0,24350,ATM+4,CALL,24150,2026-07-17
2026-07-17 13:02:00+05:30,32.2,32.3,30.75,30.75,368225,10345270,9.591738,24278.65,24500.0,24350,ATM+4,CALL,24150,2026-07-17
2026-07-17 13:03:00+05:30,30.9,31.45,30.15,30.9,228605,10368150,9.553295,24280.7,24500.0,24350,ATM+4,CALL,24150,2026-07-17
2026-07-17 13:04:00+05:30,30.95,31.85,30.9,31.2,142870,10356190,9.618124,24279.85,24500.0,24350,ATM+4,CALL,24150,2026-07-17
2026-07-17 13:05:00+05:30,31.1,31.2,30.4,31.0,163345,10362625,9.556731,24281.1,24500.0,24350,ATM+4,CALL,24150,2026-07-17
2026-07-17 13:06:00+05:30,30.9,31.5,30.65,31.4,187265,10367435,9.527303,24283.95,24500.0,24350,ATM+4,CALL,24150,2026-07-17
2026-07-17 13:07:00+05:30,31.35,32.1,29.85,29.9,412555,10371985,9.54702,24276.45,24500.0,24350,ATM+4,CALL,24150,2026-07-17
2026-07-17 13:08:00+05:30,30.2,30.9,29.95,30.35,203775,10366590,9.512988,24279.75,24500.0,24350,ATM+4,CALL,24150,2026-07-17
2026-07-17 13:09:00+05:30,30.5,30.75,29.9,30.1,175565,10364640,9.531098,24278.0,24500.0,24350,ATM+4,CALL,24150,2026-07-17
2026-07-17 13:10:00+05:30,30.05,30.6,30.05,30.25,131235,10375950,9.508841,24279.5,24500.0,24350,ATM+4,CALL,24150,2026-07-17
2026-07-17 13:11:00+05:30,30.45,31.0,30.15,30.45,173355,10389145,9.541953,24279.3,24500.0,24350,ATM+4,CALL,24150,2026-07-17
2026-07-17 13:12:00+05:30,29.95,30.5,29.2,29.2,332475,10389080,9.432568,24277.35,24500.0,24350,ATM+4,CALL,24150,2026-07-17
2026-07-17 13:13:00+05:30,29.3,30.35,29.2,30.0,185770,10414560,9.565978,24276.45,24500.0,24350,ATM+4,CALL,24150,2026-07-17
2026-07-17 13:14:00+05:30,30.3,31.05,30.0,30.4,323960,10384530,9.444523,24282.55,24500.0,24350,ATM+4,CALL,24150,2026-07-17
2026-07-17 13:15:00+05:30,41.4,41.7,37.55,38.7,422045,3966235,9.311548,24271.9,24450.0,24350,ATM+4,CALL,24150,2026-07-17
2026-07-17 13:16:00+05:30,38.6,39.4,38.2,39.1,131170,3923790,9.331307,24272.8,24450.0,24350,ATM+4,CALL,24150,2026-07-17
2026-07-17 13:17:00+05:30,28.45,29.05,28.05,28.95,237185,10403705,9.459155,24275.4,24500.0,24350,ATM+4,CALL,24150,2026-07-17
2026-07-17 13:18:00+05:30,39.7,40.75,38.9,39.75,153270,3904160,9.417738,24272.55,24450.0,24350,ATM+4,CALL,24150,2026-07-17
2026-07-17 13:19:00+05:30,39.7,39.75,38.35,38.7,109525,3894995,9.237788,24274.35,24450.0,24350,ATM+4,CALL,24150,2026-07-17
2026-07-17 13:20:00+05:30,28.05,29.1,28.05,28.65,299585,10441210,9.367577,24277.3,24500.0,24350,ATM+4,CALL,24150,2026-07-17
2026-07-17 13:21:00+05:30,28.45,28.8,27.65,27.65,273845,10458435,9.228966,24277.45,24500.0,24350,ATM+4,CALL,24150,2026-07-17
2026-07-17 13:22:00+05:30,38.7,39.0,38.1,38.75,147355,3897270,9.246482,24274.35,24450.0,24350,ATM+4,CALL,24150,2026-07-17
2026-07-17 13:23:00+05:30,38.85,39.4,37.5,37.8,100880,3893175,9.301657,24269.05,24450.0,24350,ATM+4,CALL,24150,2026-07-17
2026-07-17 13:24:00+05:30,37.85,38.5,36.0,36.5,266955,3893955,9.22757,24266.45,24450.0,24350,ATM+4,CALL,24150,2026-07-17
2026-07-17 13:25:00+05:30,36.25,38.0,35.2,38.0,242580,3886350,9.339965,24268.65,24450.0,24350,ATM+4,CALL,24150,2026-07-17
2026-07-17 13:26:00+05:30,38.1,38.5,36.15,36.6,222430,3811860,9.286513,24265.0,24450.0,24350,ATM+4,CALL,24150,2026-07-17
2026-07-17 13:27:00+05:30,36.6,36.6,35.25,35.25,285155,3758560,9.220368,24261.85,24450.0,24350,ATM+4,CALL,24150,2026-07-17
2026-07-17 13:28:00+05:30,35.35,36.15,35.05,35.9,155480,3779620,9.33766,24260.65,24450.0,24350,ATM+4,CALL,24150,2026-07-17
2026-07-17 13:29:00+05:30,35.9,37.6,35.75,36.55,163020,3772730,9.21182,24267.3,24450.0,24350,ATM+4,CALL,24150,2026-07-17
2026-07-17 13:30:00+05:30,37.05,37.6,36.3,37.15,110045,3783455,9.208464,24269.75,24450.0,24350,ATM+4,CALL,24150,2026-07-17
2026-07-17 13:31:00+05:30,37.55,38.85,36.85,36.95,184470,3792165,9.238494,24268.05,24450.0,24350,ATM+4,CALL,24150,2026-07-17
2026-07-17 13:32:00+05:30,37.05,37.55,35.85,36.85,124345,3798535,9.275686,24266.5,24450.0,24350,ATM+4,CALL,24150,2026-07-17
2026-07-17 13:33:00+05:30,36.85,36.85,35.8,36.35,76895,3803865,9.29529,24263.95,24450.0,24350,ATM+4,CALL,24150,2026-07-17
2026-07-17 13:34:00+05:30,36.4,37.25,35.8,37.0,69745,3809065,9.32055,24265.7,24450.0,24350,ATM+4,CALL,24150,2026-07-17
2026-07-17 13:35:00+05:30,37.05,38.35,37.0,37.7,230555,3806010,9.346358,24267.6,24450.0,24350,ATM+4,CALL,24150,2026-07-17
2026-07-17 13:36:00+05:30,37.75,39.4,37.6,37.85,323960,3979430,9.296246,24269.8,24450.0,24350,ATM+4,CALL,24150,2026-07-17
2026-07-17 13:37:00+05:30,37.7,38.55,36.0,36.25,158015,4012775,9.263657,24264.7,24450.0,24350,ATM+4,CALL,24150,2026-07-17
2026-07-17 13:38:00+05:30,36.4,36.75,35.65,35.9,170495,4009590,9.188027,24265.8,24450.0,24350,ATM+4,CALL,24150,2026-07-17
2026-07-17 13:39:00+05:30,36.1,37.1,35.8,36.35,64025,3944850,9.128434,24269.5,24450.0,24350,ATM+4,CALL,24150,2026-07-17
2026-07-17 13:40:00+05:30,36.3,36.4,33.05,33.4,564720,3959085,9.113563,24258.25,24450.0,24350,ATM+4,CALL,24150,2026-07-17
2026-07-17 13:41:00+05:30,34.0,34.4,31.95,34.25,333190,3814460,9.329496,24254.65,24450.0,24350,ATM+4,CALL,24150,2026-07-17
2026-07-17 13:42:00+05:30,34.45,34.5,32.25,33.0,202865,3785080,9.277706,24251.2,24450.0,24350,ATM+4,CALL,24150,2026-07-17
2026-07-17 13:43:00+05:30,32.9,33.1,31.8,33.1,187590,3783195,9.376664,24248.35,24450.0,24350,ATM+4,CALL,24150,2026-07-17
2026-07-17 13:44:00+05:30,32.85,33.6,31.65,33.1,150410,3761030,9.200491,24254.25,24450.0,24350,ATM+4,CALL,24150,2026-07-17
2026-07-17 13:45:00+05:30,32.7,33.4,32.2,32.9,138515,3767140,9.231858,24252.4,24450.0,24350,ATM+4,CALL,24150,2026-07-17
2026-07-17 13:46:00+05:30,32.95,33.35,30.15,30.25,256425,3774030,9.110016,24245.1,24450.0,24350,ATM+4,CALL,24150,2026-07-17
2026-07-17 13:47:00+05:30,30.45,30.6,28.8,29.2,484120,3729635,9.159573,24238.7,24450.0,24350,ATM+4,CALL,24150,2026-07-17
2026-07-17 13:48:00+05:30,29.7,30.65,29.15,30.5,221260,3750695,9.086993,24247.05,24450.0,24350,ATM+4,CALL,24150,2026-07-17
2026-07-17 13:49:00+05:30,30.45,30.7,29.2,29.3,145080,3748225,9.138413,24239.95,24450.0,24350,ATM+4,CALL,24150,2026-07-17
2026-07-17 13:50:00+05:30,29.35,29.7,28.15,28.55,265720,3744195,9.409929,24227.05,24450.0,24350,ATM+4,CALL,24150,2026-07-17
2026-07-17 13:51:00+05:30,39.05,39.05,35.4,36.5,1343810,7646340,9.289009,24215.95,24400.0,24350,ATM+4,CALL,24150,2026-07-17
2026-07-17 13:52:00+05:30,36.45,38.1,36.45,37.7,777140,7761455,9.23371,24222.35,24400.0,24350,ATM+4,CALL,24150,2026-07-17
2026-07-17 13:53:00+05:30,27.55,28.0,27.15,27.8,215605,3710525,9.248237,24229.25,24450.0,24350,ATM+4,CALL,24150,2026-07-17
2026-07-17 13:54:00+05:30,28.0,28.5,27.35,28.1,260195,3701425,9.211468,24232.0,24450.0,24350,ATM+4,CALL,24150,2026-07-17
2026-07-17 13:55:00+05:30,28.05,29.1,27.35,28.85,268580,3697915,9.183934,24236.5,24450.0,24350,ATM+4,CALL,24150,2026-07-17
2026-07-17 13:56:00+05:30,28.75,28.85,27.55,28.15,136695,3729375,9.19862,24232.75,24450.0,24350,ATM+4,CALL,24150,2026-07-17
2026-07-17 13:57:00+05:30,28.35,28.95,28.1,28.75,158665,3728985,9.253009,24233.7,24450.0,24350,ATM+4,CALL,24150,2026-07-17
2026-07-17 13:58:00+05:30,28.95,29.8,28.5,29.65,217295,3734055,9.261126,24237.6,24450.0,24350,ATM+4,CALL,24150,2026-07-17
2026-07-17 13:59:00+05:30,29.8,33.85,29.6,32.9,582140,3725670,9.31387,24250.1,24450.0,24350,ATM+4,CALL,24150,2026-07-17
2026-07-17 14:00:00+05:30,32.7,33.25,31.5,32.7,278590,3761680,9.328348,24248.8,24450.0,24350,ATM+4,CALL,24150,2026-07-17
2026-07-17 14:01:00+05:30,32.7,33.1,31.6,32.6,248950,3795285,9.376287,24246.8,24450.0,24350,ATM+4,CALL,24150,2026-07-17
2026-07-17 14:02:00+05:30,32.45,32.6,30.85,31.3,221910,3773510,9.305113,24243.6,24450.0,24350,ATM+4,CALL,24150,2026-07-17
2026-07-17 14:03:00+05:30,31.65,32.8,31.3,32.65,205010,3814200,9.400955,24246.25,24450.0,24350,ATM+4,CALL,24150,2026-07-17
2026-07-17 14:04:00+05:30,32.75,34.0,32.65,33.25,384475,3857555,9.355344,24250.35,24450.0,24350,ATM+4,CALL,24150,2026-07-17
2026-07-17 14:05:00+05:30,33.2,34.9,33.2,34.0,375765,3889405,9.319222,24254.7,24450.0,24350,ATM+4,CALL,24150,2026-07-17
2026-07-17 14:06:00+05:30,34.05,34.3,32.65,32.65,179270,3889340,9.302159,24249.65,24450.0,24350,ATM+4,CALL,24150,2026-07-17
2026-07-17 14:07:00+05:30,32.6,33.35,32.4,33.1,160420,3850145,9.318143,24251.05,24450.0,24350,ATM+4,CALL,24150,2026-07-17
2026-07-17 14:08:00+05:30,33.2,33.7,32.05,32.7,137800,3860740,9.266914,24251.1,24450.0,24350,ATM+4,CALL,24150,2026-07-17
2026-07-17 14:09:00+05:30,32.75,33.7,32.6,33.4,83590,3862430,9.300633,24252.95,24450.0,24350,ATM+4,CALL,24150,2026-07-17
2026-07-17 14:10:00+05:30,33.35,34.2,33.25,34.1,153920,3850925,9.357661,24254.0,24450.0,24350,ATM+4,CALL,24150,2026-07-17
2026-07-17 14:11:00+05:30,34.25,37.0,34.1,37.0,408850,3811925,9.369389,24265.25,24450.0,24350,ATM+4,CALL,24150,2026-07-17
2026-07-17 14:12:00+05:30,36.6,38.65,36.5,37.75,637780,3882515,9.261339,24271.6,24450.0,24350,ATM+4,CALL,24150,2026-07-17
2026-07-17 14:13:00+05:30,27.5,30.55,27.4,29.8,1422005,9646065,9.573179,24277.25,24500.0,24350,ATM+4,CALL,24150,2026-07-17
2026-07-17 14:14:00+05:30,30.2,32.8,29.8,32.5,1910935,9440275,9.835003,24280.55,24500.0,24350,ATM+4,CALL,24150,2026-07-17
2026-07-17 14:15:00+05:30,23.4,40.4,23.4,39.15,2684565,3612635,10.206387,24345.4,24550.0,24350,ATM+4,CALL,24150,2026-07-17
2026-07-17 14:16:00+05:30,40.9,49.6,36.65,49.0,2774525,3481205,10.817006,24362.9,24550.0,24350,ATM+4,CALL,24150,2026-07-17
2026-07-17 14:17:00+05:30,48.4,50.6,41.8,42.2,1920490,3400280,10.514474,24347.45,24550.0,24350,ATM+4,CALL,24150,2026-07-17
2026-07-17 14:18:00+05:30,39.5,42.2,36.45,36.7,1188265,3546010,10.291184,24332.7,24550.0,24350,ATM+4,CALL,24150,2026-07-17
2026-07-17 14:19:00+05:30,49.15,49.65,41.55,41.8,2310945,8601125,10.145511,24308.45,24500.0,24350,ATM+4,CALL,24150,2026-07-17
2026-07-17 14:20:00+05:30,42.1,45.2,41.65,42.0,1747525,8549840,10.033771,24312.75,24500.0,24350,ATM+4,CALL,24150,2026-07-17
2026-07-17 14:21:00+05:30,41.9,44.1,40.05,41.1,1612845,8586045,10.035637,24309.35,24500.0,24350,ATM+4,CALL,24150,2026-07-17
2026-07-17 14:22:00+05:30,40.75,41.1,37.7,37.75,1270165,8534240,9.893322,24300.95,24500.0,24350,ATM+4,CALL,24150,2026-07-17
2026-07-17 14:23:00+05:30,37.3,38.75,36.85,36.95,1036555,8526310,10.047909,24292.7,24500.0,24350,ATM+4,CALL,24150,2026-07-17
2026-07-17 14:24:00+05:30,37.2,37.9,36.5,37.35,736710,8546655,9.927505,24298.3,24500.0,24350,ATM+4,CALL,24150,2026-07-17
2026-07-17 14:25:00+05:30,37.3,41.05,36.5,40.25,1287975,8545095,10.002414,24307.3,24500.0,24350,ATM+4,CALL,24150,2026-07-17
2026-07-17 14:26:00+05:30,40.7,43.0,40.25,42.3,1447160,8564400,10.123114,24311.25,24500.0,24350,ATM+4,CALL,24150,2026-07-17
2026-07-17 14:27:00+05:30,42.4,43.0,41.2,42.2,766740,8567325,10.121828,24310.95,24500.0,24350,ATM+4,CALL,24150,2026-07-17
2026-07-17 14:28:00+05:30,43.0,44.45,42.15,42.7,1050205,8571355,10.228269,24309.5,24500.0,24350,ATM+4,CALL,24150,2026-07-17
2026-07-17 14:29:00+05:30,39.35,42.7,34.55,35.45,2237105,8499400,10.025637,24287.4,24500.0,24350,ATM+4,CALL,24150,2026-07-17
2026-07-17 14:30:00+05:30,35.55,40.3,35.45,39.75,1228630,8433360,10.030163,24304.65,24500.0,24350,ATM+4,CALL,24150,2026-07-17
2026-07-17 14:31:00+05:30,39.85,40.3,37.45,37.85,833560,8460075,9.934566,24300.3,24500.0,24350,ATM+4,CALL,24150,2026-07-17
2026-07-17 14:32:00+05:30,37.9,38.75,36.15,37.05,677430,8541975,9.872308,24299.15,24500.0,24350,ATM+4,CALL,24150,2026-07-17
2026-07-17 14:33:00+05:30,36.75,38.45,36.65,37.9,422370,8580910,10.088792,24295.55,24500.0,24350,ATM+4,CALL,24150,2026-07-17
2026-07-17 14:34:00+05:30,37.7,39.55,37.45,38.95,439140,8509085,10.143537,24298.0,24500.0,24350,ATM+4,CALL,24150,2026-07-17
2026-07-17 14:35:00+05:30,38.6,39.1,38.0,38.25,446485,8539050,10.038585,24298.65,24500.0,24350,ATM+4,CALL,24150,2026-07-17
2026-07-17 14:36:00+05:30,38.25,38.35,36.2,37.35,473265,8487635,10.094016,24293.25,24500.0,24350,ATM+4,CALL,24150,2026-07-17
2026-07-17 14:37:00+05:30,37.15,37.9,36.5,36.8,313170,8482760,10.032583,24293.05,24500.0,24350,ATM+4,CALL,24150,2026-07-17
2026-07-17 14:38:00+05:30,36.7,39.2,35.85,38.05,578630,8446945,10.007758,24298.95,24500.0,24350,ATM+4,CALL,24150,2026-07-17
2026-07-17 14:39:00+05:30,38.05,38.45,37.35,38.45,305110,8457410,10.090332,24297.9,24500.0,24350,ATM+4,CALL,24150,2026-07-17
2026-07-17 14:40:00+05:30,38.45,39.6,38.3,38.95,518245,8491340,10.025625,24302.0,24500.0,24350,ATM+4,CALL,24150,2026-07-17
2026-07-17 14:41:00+05:30,38.5,41.65,38.2,41.65,765765,8443045,10.042079,24311.85,24500.0,24350,ATM+4,CALL,24150,2026-07-17
2026-07-17 14:42:00+05:30,41.75,42.0,39.8,41.45,657410,8436480,10.065339,24310.4,24500.0,24350,ATM+4,CALL,24150,2026-07-17
2026-07-17 14:43:00+05:30,41.3,43.45,40.55,41.05,841100,8354970,9.964721,24312.1,24500.0,24350,ATM+4,CALL,24150,2026-07-17
2026-07-17 14:44:00+05:30,41.0,44.1,41.0,42.65,704145,8344960,9.977808,24317.65,24500.0,24350,ATM+4,CALL,24150,2026-07-17
2026-07-17 14:45:00+05:30,42.9,43.4,42.0,42.25,638235,8350225,9.872274,24319.5,24500.0,24350,ATM+4,CALL,24150,2026-07-17
2026-07-17 14:46:00+05:30,31.2,32.9,30.35,32.45,372580,3395535,9.99896,24325.05,24550.0,24350,ATM+4,CALL,24150,2026-07-17
2026-07-17 14:47:00+05:30,43.75,44.45,42.5,42.75,582790,8391695,9.865146,24321.6,24500.0,24350,ATM+4,CALL,24150,2026-07-17
2026-07-17 14:48:00+05:30,43.05,43.5,41.4,43.5,508950,8423155,9.997516,24320.25,24500.0,24350,ATM+4,CALL,24150,2026-07-17
2026-07-17 14:49:00+05:30,43.25,43.95,42.45,42.45,450385,8443955,9.754388,24324.0,24500.0,24350,ATM+4,CALL,24150,2026-07-17
2026-07-17 14:50:00+05:30,42.5,43.15,40.9,42.0,694720,8458320,9.83178,24320.0,24500.0,24350,ATM+4,CALL,24150,2026-07-17
2026-07-17 14:51:00+05:30,42.05,43.4,40.65,41.0,558740,8409700,9.809217,24317.05,24500.0,24350,ATM+4,CALL,24150,2026-07-17
2026-07-17 14:52:00+05:30,41.25,42.4,41.0,41.4,300950,8438885,9.775925,24319.6,24500.0,24350,ATM+4,CALL,24150,2026-07-17
2026-07-17 14:53:00+05:30,41.1,41.4,39.25,40.9,728910,8443045,9.68901,24320.5,24500.0,24350,ATM+4,CALL,24150,2026-07-17
2026-07-17 14:54:00+05:30,40.95,41.15,39.5,41.15,451165,8380775,9.705082,24320.95,24500.0,24350,ATM+4,CALL,24150,2026-07-17
2026-07-17 14:55:00+05:30,30.3,31.7,29.7,31.7,284050,3500965,9.840556,24327.4,24550.0,24350,ATM+4,CALL,24150,2026-07-17
2026-07-17 14:56:00+05:30,44.55,45.05,41.0,42.1,1277965,8362315,9.691243,24324.9,24500.0,24350,ATM+4,CALL,24150,2026-07-17
2026-07-17 14:57:00+05:30,42.65,42.7,40.35,41.4,446550,8355360,9.716619,24321.6,24500.0,24350,ATM+4,CALL,24150,2026-07-17
2026-07-17 14:58:00+05:30,41.15,41.75,39.75,40.95,607100,8415290,9.848532,24315.85,24500.0,24350,ATM+4,CALL,24150,2026-07-17
2026-07-17 14:59:00+05:30,41.2,41.25,38.55,38.85,772980,8421855,9.727749,24311.75,24500.0,24350,ATM+4,CALL,24150,2026-07-17
2026-07-17 15:00:00+05:30,39.5,42.25,37.25,41.75,2319005,8205990,9.693018,24323.7,24500.0,24350,ATM+4,CALL,24150,2026-07-17
2026-07-17 15:01:00+05:30,30.55,33.25,29.7,30.95,975195,3607305,9.799301,24325.6,24550.0,24350,ATM+4,CALL,24150,2026-07-17
2026-07-17 15:02:00+05:30,41.75,42.6,40.4,41.45,628030,8144435,9.63878,24324.35,24500.0,24350,ATM+4,CALL,24150,2026-07-17
2026-07-17 15:03:00+05:30,41.35,42.25,39.15,39.45,517920,8160555,9.60787,24317.95,24500.0,24350,ATM+4,CALL,24150,2026-07-17
2026-07-17 15:04:00+05:30,38.9,41.25,38.7,40.65,667225,8122465,9.620554,24322.05,24500.0,24350,ATM+4,CALL,24150,2026-07-17
2026-07-17 15:05:00+05:30,29.75,31.7,29.4,31.7,343850,3526185,9.846028,24327.55,24550.0,24350,ATM+4,CALL,24150,2026-07-17
2026-07-17 15:06:00+05:30,31.65,32.7,31.2,32.0,357565,3477370,9.809083,24330.2,24550.0,24350,ATM+4,CALL,24150,2026-07-17
2026-07-17 15:07:00+05:30,32.2,33.2,31.65,32.85,327145,3436095,9.800403,24334.3,24550.0,24350,ATM+4,CALL,24150,2026-07-17
2026-07-17 15:08:00+05:30,32.4,32.85,30.9,31.15,278590,3421340,9.643622,24332.1,24550.0,24350,ATM+4,CALL,24150,2026-07-17
2026-07-17 15:09:00+05:30,31.0,32.1,30.4,31.5,232570,3424850,9.64824,24333.55,24550.0,24350,ATM+4,CALL,24150,2026-07-17
2026-07-17 15:10:00+05:30,31.4,31.5,29.65,30.25,338325,3391830,9.536552,24331.75,24550.0,24350,ATM+4,CALL,24150,2026-07-17
2026-07-17 15:11:00+05:30,30.3,31.05,30.25,30.6,133835,3408860,9.56944,24332.25,24550.0,24350,ATM+4,CALL,24150,2026-07-17
2026-07-17 15:12:00+05:30,30.55,32.0,30.55,31.25,227500,3404505,9.545054,24336.05,24550.0,24350,ATM+4,CALL,24150,2026-07-17
2026-07-17 15:13:00+05:30,31.0,31.25,30.0,30.6,212745,3391050,9.494127,24334.9,24550.0,24350,ATM+4,CALL,24150,2026-07-17
2026-07-17 15:14:00+05:30,30.4,31.0,29.0,29.25,289510,3375190,9.493211,24328.75,24550.0,24350,ATM+4,CALL,24150,2026-07-17
2026-07-17 15:15:00+05:30,39.7,40.3,37.75,38.2,1128400,7715760,9.282571,24323.85,24500.0,24350,ATM+4,CALL,24150,2026-07-17
2026-07-17 15:16:00+05:30,38.05,38.75,37.1,38.35,729885,7673575,9.331664,24322.9,24500.0,24350,ATM+4,CALL,24150,2026-07-17
2026-07-17 15:17:00+05:30,27.7,28.65,27.7,28.45,343460,3311295,9.479307,24325.55,24550.0,24350,ATM+4,CALL,24150,2026-07-17
2026-07-17 15:18:00+05:30,28.35,28.7,27.05,27.05,338910,3241680,9.195939,24328.8,24550.0,24350,ATM+4,CALL,24150,2026-07-17
2026-07-17 15:19:00+05:30,27.05,27.5,26.65,27.3,188760,3204565,9.225564,24329.0,24550.0,24350,ATM+4,CALL,24150,2026-07-17
2026-07-17 15:20:00+05:30,27.65,28.6,27.3,28.0,333450,3196895,9.209296,24332.95,24550.0,24350,ATM+4,CALL,24150,2026-07-17
2026-07-17 15:21:00+05:30,28.15,29.5,27.7,29.3,374205,3162835,9.379682,24333.15,24550.0,24350,ATM+4,CALL,24150,2026-07-17
2026-07-17 15:22:00+05:30,30.0,30.25,29.3,29.75,468715,3039855,9.33331,24336.85,24550.0,24350,ATM+4,CALL,24150,2026-07-17
2026-07-17 15:23:00+05:30,29.9,32.3,29.75,31.45,547300,2939885,9.525977,24337.95,24550.0,24350,ATM+4,CALL,24150,2026-07-17
2026-07-17 15:24:00+05:30,31.85,34.45,31.45,33.75,545220,2827890,9.679881,24342.8,24550.0,24350,ATM+4,CALL,24150,2026-07-17
2026-07-17 15:25:00+05:30,34.45,36.55,33.6,35.65,704600,2777125,9.855147,24345.0,24550.0,24350,ATM+4,CALL,24150,2026-07-17
2026-07-17 15:26:00+05:30,35.05,36.1,34.05,34.1,515255,2847195,9.726475,24342.8,24550.0,24350,ATM+4,CALL,24150,2026-07-17
2026-07-17 15:27:00+05:30,34.8,35.4,34.1,35.15,313170,2851550,9.824452,24344.0,24550.0,24350,ATM+4,CALL,24150,2026-07-17
2026-07-17 15:28:00+05:30,35.05,36.0,34.7,35.35,546195,2831205,9.989764,24339.4,24550.0,24350,ATM+4,CALL,24150,2026-07-17
2026-07-17 15:29:00+05:30,35.25,37.7,34.5,36.8,663000,2674295,9.951219,24346.7,24550.0,24350,ATM+4,CALL,24150,2026-07-17
2026-07-17 09:15:00+05:30,279.7,310.05,266.6,266.6,111865,265525,16.069903,24151.25,24350.0,24350,ATM+4,PUT,24150,2026-07-17
2026-07-17 09:16:00+05:30,262.65,266.6,247.0,247.0,148265,295685,15.369335,24171.0,24350.0,24350,ATM+4,PUT,24150,2026-07-17
2026-07-17 09:17:00+05:30,283.85,287.3,279.95,283.35,96590,648505,16.049286,24176.15,24400.0,24350,ATM+4,PUT,24150,2026-07-17
2026-07-17 09:18:00+05:30,283.05,283.35,271.05,272.4,173420,684385,15.691505,24187.4,24400.0,24350,ATM+4,PUT,24150,2026-07-17
2026-07-17 09:19:00+05:30,270.6,275.9,267.0,272.25,187785,808275,15.708429,24187.85,24400.0,24350,ATM+4,PUT,24150,2026-07-17
2026-07-17 09:20:00+05:30,272.8,273.6,264.95,270.6,131690,905710,15.527827,24187.75,24400.0,24350,ATM+4,PUT,24150,2026-07-17
2026-07-17 09:21:00+05:30,270.15,274.9,269.35,273.1,73515,927095,15.651322,24185.75,24400.0,24350,ATM+4,PUT,24150,2026-07-17
2026-07-17 09:22:00+05:30,273.25,274.6,269.15,269.3,49790,946920,15.46311,24188.75,24400.0,24350,ATM+4,PUT,24150,2026-07-17
2026-07-17 09:23:00+05:30,269.8,273.9,268.5,273.9,31525,959920,15.766311,24186.15,24400.0,24350,ATM+4,PUT,24150,2026-07-17
2026-07-17 09:24:00+05:30,273.0,273.9,266.05,266.35,37960,965250,15.376217,24191.9,24400.0,24350,ATM+4,PUT,24150,2026-07-17
2026-07-17 09:25:00+05:30,266.8,267.5,260.0,262.25,98735,975585,15.432537,24198.85,24400.0,24350,ATM+4,PUT,24150,2026-07-17
2026-07-17 09:26:00+05:30,261.45,264.6,259.5,264.6,95615,1017900,15.74466,24199.8,24400.0,24350,ATM+4,PUT,24150,2026-07-17
2026-07-17 09:27:00+05:30,263.75,265.9,257.95,259.95,105430,1039415,15.470068,24202.85,24400.0,24350,ATM+4,PUT,24150,2026-07-17
2026-07-17 09:28:00+05:30,259.0,262.1,259.0,259.0,64025,1084265,15.505553,24204.8,24400.0,24350,ATM+4,PUT,24150,2026-07-17
2026-07-17 09:29:00+05:30,260.05,261.0,255.4,255.95,68510,1134770,15.542707,24210.0,24400.0,24350,ATM+4,PUT,24150,2026-07-17
2026-07-17 09:30:00+05:30,255.55,263.35,253.0,260.9,258375,1176760,15.630051,24203.7,24400.0,24350,ATM+4,PUT,24150,2026-07-17
2026-07-17 09:31:00+05:30,260.7,266.0,258.6,265.8,97045,1123460,15.671389,24196.85,24400.0,24350,ATM+4,PUT,24150,2026-07-17
2026-07-17 09:32:00+05:30,264.95,268.0,259.75,259.75,77025,1108055,15.614612,24205.2,24400.0,24350,ATM+4,PUT,24150,2026-07-17
2026-07-17 09:33:00+05:30,258.6,260.25,253.2,255.45,75855,1122940,15.541929,24210.7,24400.0,24350,ATM+4,PUT,24150,2026-07-17
2026-07-17 09:34:00+05:30,254.6,262.0,250.35,260.85,127790,1137370,15.82553,24206.6,24400.0,24350,ATM+4,PUT,24150,2026-07-17
2026-07-17 09:35:00+05:30,260.35,261.2,257.9,259.35,58240,1157260,15.701475,24207.05,24400.0,24350,ATM+4,PUT,24150,2026-07-17
2026-07-17 09:36:00+05:30,260.3,263.0,257.5,257.85,45500,1174420,15.705604,24209.4,24400.0,24350,ATM+4,PUT,24150,2026-07-17
2026-07-17 09:37:00+05:30,257.4,259.35,252.0,252.0,52325,1188980,15.560837,24216.25,24400.0,24350,ATM+4,PUT,24150,2026-07-17
2026-07-17 09:38:00+05:30,251.6,253.55,249.05,250.55,100230,1212640,15.762058,24221.55,24400.0,24350,ATM+4,PUT,24150,2026-07-17
2026-07-17 09:39:00+05:30,249.8,253.7,248.2,253.1,50505,1248195,15.866932,24219.15,24400.0,24350,ATM+4,PUT,24150,2026-07-17
2026-07-17 09:40:00+05:30,252.65,254.4,248.8,251.2,56160,1256710,15.79783,24221.05,24400.0,24350,ATM+4,PUT,24150,2026-07-17
2026-07-17 09:41:00+05:30,251.55,253.8,249.35,252.25,48100,1277185,15.980939,24222.2,24400.0,24350,ATM+4,PUT,24150,2026-07-17
2026-07-17 09:42:00+05:30,251.0,252.25,248.55,249.75,31330,1292915,15.889057,24224.7,24400.0,24350,ATM+4,PUT,24150,2026-07-17
2026-07-17 09:43:00+05:30,287.1,288.75,284.15,285.4,7930,206180,16.192164,24225.15,24450.0,24350,ATM+4,PUT,24150,2026-07-17
2026-07-17 09:44:00+05:30,284.1,290.0,280.0,283.5,14300,206960,16.429186,24231.3,24450.0,24350,ATM+4,PUT,24150,2026-07-17
2026-07-17 09:45:00+05:30,283.1,283.5,273.2,280.85,52715,212875,16.375721,24234.5,24450.0,24350,ATM+4,PUT,24150,2026-07-17
2026-07-17 09:46:00+05:30,279.75,283.9,276.65,277.8,11960,228605,16.538781,24241.45,24450.0,24350,ATM+4,PUT,24150,2026-07-17
2026-07-17 09:47:00+05:30,278.1,282.1,274.7,282.1,15795,233935,16.637607,24236.35,24450.0,24350,ATM+4,PUT,24150,2026-07-17
2026-07-17 09:48:00+05:30,280.3,282.1,276.85,278.2,5915,239460,16.486359,24240.05,24450.0,24350,ATM+4,PUT,24150,2026-07-17
2026-07-17 09:49:00+05:30,279.0,283.8,278.2,282.1,7475,241865,16.674257,24236.85,24450.0,24350,ATM+4,PUT,24150,2026-07-17
2026-07-17 09:50:00+05:30,281.85,282.1,276.5,277.15,23335,253110,16.594945,24243.2,24450.0,24350,ATM+4,PUT,24150,2026-07-17
2026-07-17 09:51:00+05:30,277.9,289.95,277.15,287.8,20475,255840,16.720866,24228.9,24450.0,24350,ATM+4,PUT,24150,2026-07-17
2026-07-17 09:52:00+05:30,287.6,288.9,286.0,288.9,15015,261235,16.911192,24229.95,24450.0,24350,ATM+4,PUT,24150,2026-07-17
2026-07-17 09:53:00+05:30,288.4,288.95,283.6,283.7,11310,264030,16.585662,24233.1,24450.0,24350,ATM+4,PUT,24150,2026-07-17
2026-07-17 09:54:00+05:30,283.05,284.25,276.5,280.2,24115,267085,16.697888,24240.0,24450.0,24350,ATM+4,PUT,24150,2026-07-17
2026-07-17 09:55:00+05:30,280.0,288.0,280.0,288.0,12675,265655,16.837215,24230.2,24450.0,24350,ATM+4,PUT,24150,2026-07-17
2026-07-17 09:56:00+05:30,250.85,256.0,250.3,253.9,112060,1582425,16.222644,24223.1,24400.0,24350,ATM+4,PUT,24150,2026-07-17
2026-07-17 09:57:00+05:30,253.45,258.8,253.4,256.95,114400,1566955,16.291898,24219.35,24400.0,24350,ATM+4,PUT,24150,2026-07-17
2026-07-17 09:58:00+05:30,294.9,295.95,287.8,288.25,12805,259025,16.786139,24229.05,24450.0,24350,ATM+4,PUT,24150,2026-07-17
2026-07-17 09:59:00+05:30,286.85,290.25,286.85,287.9,5980,261690,16.736236,24228.85,24450.0,24350,ATM+4,PUT,24150,2026-07-17
2026-07-17 10:00:00+05:30,248.05,258.25,244.9,256.8,95680,1546090,16.42868,24221.65,24400.0,24350,ATM+4,PUT,24150,2026-07-17
2026-07-17 10:01:00+05:30,257.0,263.6,253.05,262.6,140010,1564810,16.416638,24212.35,24400.0,24350,ATM+4,PUT,24150,2026-07-17
2026-07-17 10:02:00+05:30,260.45,262.75,258.9,260.1,97435,1526590,16.394326,24215.9,24400.0,24350,ATM+4,PUT,24150,2026-07-17
2026-07-17 10:03:00+05:30,259.85,261.45,258.0,258.6,84370,1525030,16.179127,24214.95,24400.0,24350,ATM+4,PUT,24150,2026-07-17
2026-07-17 10:04:00+05:30,257.7,262.2,257.7,260.7,69485,1491880,16.366143,24214.5,24400.0,24350,ATM+4,PUT,24150,2026-07-17
2026-07-17 10:05:00+05:30,260.9,262.0,253.8,255.0,62920,1497210,16.227617,24221.3,24400.0,24350,ATM+4,PUT,24150,2026-07-17
2026-07-17 10:06:00+05:30,255.5,255.9,251.5,255.45,51025,1496625,16.365126,24222.7,24400.0,24350,ATM+4,PUT,24150,2026-07-17
2026-07-17 10:07:00+05:30,293.4,294.6,291.1,292.0,10920,276510,16.952098,24225.65,24450.0,24350,ATM+4,PUT,24150,2026-07-17
2026-07-17 10:08:00+05:30,290.7,294.95,289.2,289.2,6890,278850,16.794861,24227.6,24450.0,24350,ATM+4,PUT,24150,2026-07-17
2026-07-17 10:09:00+05:30,288.85,289.7,283.05,288.2,10595,279565,16.995033,24231.95,24450.0,24350,ATM+4,PUT,24150,2026-07-17
2026-07-17 10:10:00+05:30,289.0,291.15,287.8,291.15,7215,281385,17.215356,24230.65,24450.0,24350,ATM+4,PUT,24150,2026-07-17
2026-07-17 10:11:00+05:30,290.75,291.15,288.9,289.65,3510,286130,17.239005,24233.25,24450.0,24350,ATM+4,PUT,24150,2026-07-17
2026-07-17 10:12:00+05:30,288.05,289.65,279.9,280.75,13455,288535,16.767365,24239.9,24450.0,24350,ATM+4,PUT,24150,2026-07-17
2026-07-17 10:13:00+05:30,280.0,280.8,277.05,280.15,26195,294580,17.127003,24246.1,24450.0,24350,ATM+4,PUT,24150,2026-07-17
2026-07-17 10:14:00+05:30,280.15,284.9,280.15,284.7,6110,288340,17.177736,24239.85,24450.0,24350,ATM+4,PUT,24150,2026-07-17
2026-07-17 10:15:00+05:30,284.15,284.7,279.0,279.15,14235,293410,16.99871,24245.7,24450.0,24350,ATM+4,PUT,24150,2026-07-17
2026-07-17 10:16:00+05:30,279.0,279.4,276.0,278.0,19175,290940,16.978304,24247.15,24450.0,24350,ATM+4,PUT,24150,2026-07-17
2026-07-17 10:17:00+05:30,277.65,278.0,268.65,270.0,23465,292370,16.587976,24253.65,24450.0,24350,ATM+4,PUT,24150,2026-07-17
2026-07-17 10:18:00+05:30,270.1,271.05,247.0,249.3,57395,301340,15.834123,24274.45,24450.0,24350,ATM+4,PUT,24150,2026-07-17
2026-07-17 10:19:00+05:30,249.7,257.45,248.9,256.1,48035,319865,16.495251,24273.95,24450.0,24350,ATM+4,PUT,24150,2026-07-17
2026-07-17 10:20:00+05:30,255.2,260.5,251.65,259.85,50245,336700,16.413117,24266.75,24450.0,24350,ATM+4,PUT,24150,2026-07-17
2026-07-17 10:21:00+05:30,260.2,261.75,256.7,259.9,29185,354380,16.520093,24268.3,24450.0,24350,ATM+4,PUT,24150,2026-07-17
2026-07-17 10:22:00+05:30,260.25,262.5,258.5,261.5,13975,357630,16.335169,24262.95,24450.0,24350,ATM+4,PUT,24150,2026-07-17
2026-07-17 10:23:00+05:30,262.8,265.45,261.5,264.1,40755,353665,16.32892,24258.8,24450.0,24350,ATM+4,PUT,24150,2026-07-17
2026-07-17 10:24:00+05:30,263.85,266.05,263.5,263.5,13390,366535,16.053462,24255.6,24450.0,24350,ATM+4,PUT,24150,2026-07-17
2026-07-17 10:25:00+05:30,262.5,265.9,260.0,260.8,19825,366210,16.328966,24263.9,24450.0,24350,ATM+4,PUT,24150,2026-07-17
2026-07-17 10:26:00+05:30,261.2,263.0,260.4,260.9,10140,364260,16.461575,24265.75,24450.0,24350,ATM+4,PUT,24150,2026-07-17
2026-07-17 10:27:00+05:30,260.65,261.9,257.2,259.75,25090,366145,16.468871,24267.65,24450.0,24350,ATM+4,PUT,24150,2026-07-17
2026-07-17 10:28:00+05:30,259.25,259.95,254.85,256.1,16380,361855,16.463054,24273.3,24450.0,24350,ATM+4,PUT,24150,2026-07-17
2026-07-17 10:29:00+05:30,294.4,294.4,286.3,287.1,104260,1487460,16.842308,24281.55,24500.0,24350,ATM+4,PUT,24150,2026-07-17
2026-07-17 10:30:00+05:30,287.5,291.7,286.9,288.0,65650,1529450,16.787644,24279.4,24500.0,24350,ATM+4,PUT,24150,2026-07-17
2026-07-17 10:31:00+05:30,288.4,288.4,285.0,286.0,64025,1540955,16.83684,24283.1,24500.0,24350,ATM+4,PUT,24150,2026-07-17
2026-07-17 10:32:00+05:30,286.3,287.0,280.0,286.0,77935,1569295,16.983349,24285.2,24500.0,24350,ATM+4,PUT,24150,2026-07-17
2026-07-17 10:33:00+05:30,286.3,292.25,286.0,289.5,127270,1583270,16.966316,24279.65,24500.0,24350,ATM+4,PUT,24150,2026-07-17
2026-07-17 10:34:00+05:30,290.0,290.5,286.6,286.6,35750,1634880,16.986159,24284.3,24500.0,24350,ATM+4,PUT,24150,2026-07-17
2026-07-17 10:35:00+05:30,249.4,259.6,249.4,258.7,25870,427375,16.66442,24272.2,24450.0,24350,ATM+4,PUT,24150,2026-07-17
2026-07-17 10:36:00+05:30,258.35,260.25,257.8,259.35,17160,429390,16.750872,24272.5,24450.0,24350,ATM+4,PUT,24150,2026-07-17
2026-07-17 10:37:00+05:30,258.0,262.0,257.45,261.9,15015,429975,16.673254,24267.25,24450.0,24350,ATM+4,PUT,24150,2026-07-17
2026-07-17 10:38:00+05:30,262.4,264.55,259.3,260.35,21840,426530,16.551606,24267.8,24450.0,24350,ATM+4,PUT,24150,2026-07-17
2026-07-17 10:39:00+05:30,259.6,263.05,259.0,263.05,12350,429910,16.792899,24267.25,24450.0,24350,ATM+4,PUT,24150,2026-07-17
2026-07-17 10:40:00+05:30,263.0,263.65,259.0,259.0,12350,434070,16.457934,24268.45,24450.0,24350,ATM+4,PUT,24150,2026-07-17
2026-07-17 10:41:00+05:30,259.95,261.35,258.55,258.55,3705,437840,16.562155,24270.75,24450.0,24350,ATM+4,PUT,24150,2026-07-17
2026-07-17 10:42:00+05:30,259.9,261.45,258.55,260.45,4615,437840,16.660145,24269.25,24450.0,24350,ATM+4,PUT,24150,2026-07-17
2026-07-17 10:43:00+05:30,261.3,274.9,260.45,274.9,27690,436800,16.753219,24248.15,24450.0,24350,ATM+4,PUT,24150,2026-07-17
2026-07-17 10:44:00+05:30,271.95,274.9,265.65,268.05,25285,434720,16.777836,24259.1,24450.0,24350,ATM+4,PUT,24150,2026-07-17
2026-07-17 10:45:00+05:30,268.4,274.45,267.15,274.45,24440,433940,17.054183,24253.3,24450.0,24350,ATM+4,PUT,24150,2026-07-17
2026-07-17 10:46:00+05:30,274.95,276.0,270.6,273.55,26130,421655,16.908991,24252.5,24450.0,24350,ATM+4,PUT,24150,2026-07-17
2026-07-17 10:47:00+05:30,272.55,273.55,267.9,268.25,12870,420030,16.488709,24254.4,24450.0,24350,ATM+4,PUT,24150,2026-07-17
2026-07-17 10:48:00+05:30,270.0,272.5,268.25,272.5,5980,416975,16.876052,24253.6,24450.0,24350,ATM+4,PUT,24150,2026-07-17
2026-07-17 10:49:00+05:30,273.25,275.5,271.55,274.9,11765,417170,16.877737,24249.9,24450.0,24350,ATM+4,PUT,24150,2026-07-17
2026-07-17 10:50:00+05:30,274.95,275.5,270.45,273.9,9620,416585,16.852437,24251.05,24450.0,24350,ATM+4,PUT,24150,2026-07-17
2026-07-17 10:51:00+05:30,273.2,276.2,273.2,276.0,8775,414570,16.926708,24248.9,24450.0,24350,ATM+4,PUT,24150,2026-07-17
2026-07-17 10:52:00+05:30,276.25,278.0,272.3,273.5,18525,411060,16.860119,24251.75,24450.0,24350,ATM+4,PUT,24150,2026-07-17
2026-07-17 10:53:00+05:30,272.2,273.5,266.85,268.2,21775,407160,16.61041,24256.2,24450.0,24350,ATM+4,PUT,24150,2026-07-17
2026-07-17 10:54:00+05:30,269.2,276.35,268.0,272.7,9815,405470,17.03289,24255.55,24450.0,24350,ATM+4,PUT,24150,2026-07-17
2026-07-17 10:55:00+05:30,273.7,276.35,272.7,273.1,7930,404495,17.154502,24256.75,24450.0,24350,ATM+4,PUT,24150,2026-07-17
2026-07-17 10:56:00+05:30,270.95,274.15,267.55,270.85,10660,403715,16.864116,24255.85,24450.0,24350,ATM+4,PUT,24150,2026-07-17
2026-07-17 10:57:00+05:30,269.55,273.25,269.55,272.7,2925,405145,17.099046,24256.5,24450.0,24350,ATM+4,PUT,24150,2026-07-17
2026-07-17 10:58:00+05:30,271.95,272.7,267.15,267.15,3315,405015,16.610538,24257.75,24450.0,24350,ATM+4,PUT,24150,2026-07-17
2026-07-17 10:59:00+05:30,267.4,270.35,267.15,269.1,3120,405730,16.763119,24257.0,24450.0,24350,ATM+4,PUT,24150,2026-07-17
2026-07-17 11:00:00+05:30,269.5,269.5,264.55,267.1,10075,407745,16.750116,24259.9,24450.0,24350,ATM+4,PUT,24150,2026-07-17
2026-07-17 11:01:00+05:30,266.65,271.45,265.7,271.45,6500,409240,16.981249,24256.6,24450.0,24350,ATM+4,PUT,24150,2026-07-17
2026-07-17 11:02:00+05:30,271.0,276.5,270.7,276.5,23985,412230,16.967003,24248.55,24450.0,24350,ATM+4,PUT,24150,2026-07-17
2026-07-17 11:03:00+05:30,275.6,276.5,272.1,273.5,26520,428740,16.764325,24250.15,24450.0,24350,ATM+4,PUT,24150,2026-07-17
2026-07-17 11:04:00+05:30,271.5,273.5,268.65,268.65,4875,430300,16.798414,24258.15,24450.0,24350,ATM+4,PUT,24150,2026-07-17
2026-07-17 11:05:00+05:30,268.0,268.7,264.35,265.8,8385,429585,16.773308,24262.2,24450.0,24350,ATM+4,PUT,24150,2026-07-17
2026-07-17 11:06:00+05:30,269.2,271.15,265.8,266.2,5070,429390,16.795805,24261.9,24450.0,24350,ATM+4,PUT,24150,2026-07-17
2026-07-17 11:07:00+05:30,265.75,277.75,265.75,277.75,11700,429130,16.940108,24246.15,24450.0,24350,ATM+4,PUT,24150,2026-07-17
2026-07-17 11:08:00+05:30,278.0,284.0,277.3,282.2,23465,426725,16.872138,24238.35,24450.0,24350,ATM+4,PUT,24150,2026-07-17
2026-07-17 11:09:00+05:30,281.1,283.2,277.5,279.1,13065,423995,16.792899,24241.9,24450.0,24350,ATM+4,PUT,24150,2026-07-17
2026-07-17 11:10:00+05:30,279.5,284.2,279.0,282.8,10660,426270,16.975282,24238.9,24450.0,24350,ATM+4,PUT,24150,2026-07-17
2026-07-17 11:11:00+05:30,282.8,283.7,278.35,280.5,11115,424970,16.862636,24240.75,24450.0,24350,ATM+4,PUT,24150,2026-07-17
2026-07-17 11:12:00+05:30,281.05,282.3,279.4,279.4,10335,431405,16.813797,24241.7,24450.0,24350,ATM+4,PUT,24150,2026-07-17
2026-07-17 11:13:00+05:30,280.5,286.9,279.4,284.2,18590,424320,17.056471,24237.9,24450.0,24350,ATM+4,PUT,24150,2026-07-17
2026-07-17 11:14:00+05:30,284.5,286.35,279.35,282.2,9815,424385,16.694139,24235.7,24450.0,24350,ATM+4,PUT,24150,2026-07-17
2026-07-17 11:15:00+05:30,282.35,283.65,279.7,282.2,24180,415350,16.921183,24238.95,24450.0,24350,ATM+4,PUT,24150,2026-07-17
2026-07-17 11:16:00+05:30,281.0,287.15,281.0,286.5,18395,412490,17.125051,24235.35,24450.0,24350,ATM+4,PUT,24150,2026-07-17
2026-07-17 11:17:00+05:30,286.2,286.5,280.85,283.4,18525,412685,17.087152,24239.5,24450.0,24350,ATM+4,PUT,24150,2026-07-17
2026-07-17 11:18:00+05:30,285.15,288.0,283.4,287.5,4875,408915,17.339242,24236.9,24450.0,24350,ATM+4,PUT,24150,2026-07-17
2026-07-17 11:19:00+05:30,287.4,288.4,282.3,283.6,14235,404105,17.25747,24241.65,24450.0,24350,ATM+4,PUT,24150,2026-07-17
2026-07-17 11:20:00+05:30,283.4,285.0,282.4,284.0,6370,405145,17.307167,24241.75,24450.0,24350,ATM+4,PUT,24150,2026-07-17
2026-07-17 11:21:00+05:30,284.15,285.0,283.45,283.55,1755,403975,17.257888,24241.7,24450.0,24350,ATM+4,PUT,24150,2026-07-17
2026-07-17 11:22:00+05:30,280.3,283.55,275.15,278.2,19825,408005,17.226149,24249.45,24450.0,24350,ATM+4,PUT,24150,2026-07-17
2026-07-17 11:23:00+05:30,280.0,287.2,278.2,285.3,5460,407160,17.220756,24238.45,24450.0,24350,ATM+4,PUT,24150,2026-07-17
2026-07-17 11:24:00+05:30,286.25,287.4,279.05,279.7,3770,407095,17.165323,24246.2,24450.0,24350,ATM+4,PUT,24150,2026-07-17
2026-07-17 11:25:00+05:30,280.2,283.3,278.75,281.65,5655,406770,17.132014,24242.7,24450.0,24350,ATM+4,PUT,24150,2026-07-17
2026-07-17 11:26:00+05:30,282.7,286.15,281.4,281.4,18330,414765,17.017965,24241.4,24450.0,24350,ATM+4,PUT,24150,2026-07-17
2026-07-17 11:27:00+05:30,280.95,282.25,279.25,281.3,21710,407355,17.152209,24243.5,24450.0,24350,ATM+4,PUT,24150,2026-07-17
2026-07-17 11:28:00+05:30,280.95,283.05,280.0,282.2,2015,409500,17.362507,24245.2,24450.0,24350,ATM+4,PUT,24150,2026-07-17
2026-07-17 11:29:00+05:30,281.4,282.2,276.7,282.2,5005,408005,17.214381,24243.0,24450.0,24350,ATM+4,PUT,24150,2026-07-17
2026-07-17 11:30:00+05:30,282.25,282.25,278.6,281.6,3575,406315,17.231086,24244.15,24450.0,24350,ATM+4,PUT,24150,2026-07-17
2026-07-17 11:31:00+05:30,280.4,282.8,280.0,280.0,780,406315,17.204378,24246.2,24450.0,24350,ATM+4,PUT,24150,2026-07-17
2026-07-17 11:32:00+05:30,279.65,281.45,279.25,280.3,6110,403390,17.008741,24242.85,24450.0,24350,ATM+4,PUT,24150,2026-07-17
2026-07-17 11:33:00+05:30,280.25,282.45,276.95,277.6,4680,403195,17.142476,24248.95,24450.0,24350,ATM+4,PUT,24150,2026-07-17
2026-07-17 11:34:00+05:30,277.45,277.6,271.6,276.5,34320,401895,17.274059,24252.6,24450.0,24350,ATM+4,PUT,24150,2026-07-17
2026-07-17 11:35:00+05:30,275.65,276.5,270.35,271.3,6305,403520,17.132405,24258.55,24450.0,24350,ATM+4,PUT,24150,2026-07-17
2026-07-17 11:36:00+05:30,271.9,277.95,268.5,276.55,19760,408135,17.164448,24250.85,24450.0,24350,ATM+4,PUT,24150,2026-07-17
2026-07-17 11:37:00+05:30,276.0,280.9,274.95,278.25,9620,409435,17.076034,24246.9,24450.0,24350,ATM+4,PUT,24150,2026-07-17
2026-07-17 11:38:00+05:30,279.7,279.7,275.75,276.8,6825,411385,17.216105,24251.2,24450.0,24350,ATM+4,PUT,24150,2026-07-17
2026-07-17 11:39:00+05:30,273.85,276.8,270.85,271.35,6045,411775,17.04272,24257.05,24450.0,24350,ATM+4,PUT,24150,2026-07-17
2026-07-17 11:40:00+05:30,271.65,274.0,270.5,270.75,5330,413595,17.077912,24258.5,24450.0,24350,ATM+4,PUT,24150,2026-07-17
2026-07-17 11:41:00+05:30,270.8,271.3,266.55,268.2,22815,417170,17.131942,24263.3,24450.0,24350,ATM+4,PUT,24150,2026-07-17
2026-07-17 11:42:00+05:30,267.1,270.15,265.6,269.9,9360,419510,17.183532,24261.4,24450.0,24350,ATM+4,PUT,24150,2026-07-17
2026-07-17 11:43:00+05:30,269.9,270.0,266.5,267.95,5850,420095,17.029787,24262.1,24450.0,24350,ATM+4,PUT,24150,2026-07-17
2026-07-17 11:44:00+05:30,267.95,267.95,262.35,265.0,18655,421525,17.06086,24267.2,24450.0,24350,ATM+4,PUT,24150,2026-07-17
2026-07-17 11:45:00+05:30,265.6,265.6,262.0,262.6,10010,422435,17.097422,24271.55,24450.0,24350,ATM+4,PUT,24150,2026-07-17
2026-07-17 11:46:00+05:30,262.75,266.0,262.2,264.1,4225,425425,17.09077,24269.05,24450.0,24350,ATM+4,PUT,24150,2026-07-17
2026-07-17 11:47:00+05:30,263.65,268.5,263.65,266.3,6760,428740,17.142375,24266.35,24450.0,24350,ATM+4,PUT,24150,2026-07-17
2026-07-17 11:48:00+05:30,266.85,266.85,263.35,264.7,4875,429260,17.063793,24267.65,24450.0,24350,ATM+4,PUT,24150,2026-07-17
2026-07-17 11:49:00+05:30,264.2,265.6,263.35,265.6,9295,430430,17.157214,24267.65,24450.0,24350,ATM+4,PUT,24150,2026-07-17
2026-07-17 11:50:00+05:30,264.35,265.6,263.5,263.5,11635,444015,17.133932,24270.6,24450.0,24350,ATM+4,PUT,24150,2026-07-17
2026-07-17 11:51:00+05:30,263.0,263.5,260.85,262.8,6240,445705,17.176034,24272.35,24450.0,24350,ATM+4,PUT,24150,2026-07-17
2026-07-17 11:52:00+05:30,262.35,262.8,257.75,258.45,10725,447850,16.828945,24273.85,24450.0,24350,ATM+4,PUT,24150,2026-07-17
2026-07-17 11:53:00+05:30,295.55,298.4,292.4,295.55,46995,1452750,17.626029,24278.7,24500.0,24350,ATM+4,PUT,24150,2026-07-17
2026-07-17 11:54:00+05:30,295.5,296.3,293.25,296.2,25090,1460485,17.716537,24279.0,24500.0,24350,ATM+4,PUT,24150,2026-07-17
2026-07-17 11:55:00+05:30,257.1,262.2,256.75,260.95,10985,453245,17.148587,24274.8,24450.0,24350,ATM+4,PUT,24150,2026-07-17
2026-07-17 11:56:00+05:30,300.25,302.25,294.75,295.0,52845,1501890,17.686135,24280.35,24500.0,24350,ATM+4,PUT,24150,2026-07-17
2026-07-17 11:57:00+05:30,295.45,297.0,294.1,294.95,16380,1507480,17.612588,24279.35,24500.0,24350,ATM+4,PUT,24150,2026-07-17
2026-07-17 11:58:00+05:30,259.3,262.7,258.25,262.5,6175,459485,17.322817,24275.0,24450.0,24350,ATM+4,PUT,24150,2026-07-17
2026-07-17 11:59:00+05:30,300.15,300.8,297.9,298.6,15730,1515930,17.895321,24277.85,24500.0,24350,ATM+4,PUT,24150,2026-07-17
2026-07-17 12:00:00+05:30,262.0,267.1,258.8,266.25,13650,457600,17.445819,24270.9,24450.0,24350,ATM+4,PUT,24150,2026-07-17
2026-07-17 12:01:00+05:30,265.45,267.85,264.4,265.85,14170,460525,17.228854,24268.15,24450.0,24350,ATM+4,PUT,24150,2026-07-17
2026-07-17 12:02:00+05:30,266.75,268.2,265.85,266.85,13130,462605,17.277501,24267.3,24450.0,24350,ATM+4,PUT,24150,2026-07-17
2026-07-17 12:03:00+05:30,305.0,306.6,299.3,299.3,26650,1508130,17.810252,24275.5,24500.0,24350,ATM+4,PUT,24150,2026-07-17
2026-07-17 12:04:00+05:30,260.0,261.35,259.3,260.75,11570,470990,17.141593,24274.85,24450.0,24350,ATM+4,PUT,24150,2026-07-17
2026-07-17 12:05:00+05:30,264.0,264.7,260.75,264.0,7865,470990,17.436055,24274.25,24450.0,24350,ATM+4,PUT,24150,2026-07-17
2026-07-17 12:06:00+05:30,264.0,268.4,263.9,268.4,18525,464620,17.473361,24267.8,24450.0,24350,ATM+4,PUT,24150,2026-07-17
2026-07-17 12:07:00+05:30,267.7,271.5,266.65,271.2,23010,468065,17.473347,24263.35,24450.0,24350,ATM+4,PUT,24150,2026-07-17
2026-07-17 12:08:00+05:30,271.1,271.75,266.05,266.05,19435,471445,17.254119,24268.1,24450.0,24350,ATM+4,PUT,24150,2026-07-17
2026-07-17 12:09:00+05:30,265.55,266.05,262.55,263.6,11440,471445,17.39671,24274.2,24450.0,24350,ATM+4,PUT,24150,2026-07-17
2026-07-17 12:10:00+05:30,262.7,263.6,259.6,261.7,9750,470015,17.191059,24274.0,24450.0,24350,ATM+4,PUT,24150,2026-07-17
2026-07-17 12:11:00+05:30,262.8,265.5,261.7,265.35,6825,470015,17.40827,24271.55,24450.0,24350,ATM+4,PUT,24150,2026-07-17
2026-07-17 12:12:00+05:30,304.4,305.85,300.5,302.45,10985,1508000,18.181065,24275.9,24500.0,24350,ATM+4,PUT,24150,2026-07-17
2026-07-17 12:13:00+05:30,262.3,266.3,261.3,266.3,3185,469040,17.440352,24270.5,24450.0,24350,ATM+4,PUT,24150,2026-07-17
2026-07-17 12:14:00+05:30,305.55,305.75,299.0,300.0,16445,1522495,17.970265,24276.55,24500.0,24350,ATM+4,PUT,24150,2026-07-17
2026-07-17 12:15:00+05:30,299.85,301.1,299.0,299.0,7475,1522170,18.139296,24280.5,24500.0,24350,ATM+4,PUT,24150,2026-07-17
2026-07-17 12:16:00+05:30,260.65,267.95,259.5,265.45,9295,475215,17.599973,24274.3,24450.0,24350,ATM+4,PUT,24150,2026-07-17
2026-07-17 12:17:00+05:30,266.3,270.7,265.45,267.5,11180,475410,17.676552,24272.2,24450.0,24350,ATM+4,PUT,24150,2026-07-17
2026-07-17 12:18:00+05:30,305.25,306.85,301.55,301.7,9035,1538095,18.091812,24275.65,24500.0,24350,ATM+4,PUT,24150,2026-07-17
2026-07-17 12:19:00+05:30,302.5,305.0,301.05,305.0,8645,1538290,18.426889,24275.45,24500.0,24350,ATM+4,PUT,24150,2026-07-17
2026-07-17 12:20:00+05:30,305.05,305.05,301.45,302.2,7735,1543295,18.497951,24280.75,24500.0,24350,ATM+4,PUT,24150,2026-07-17
2026-07-17 12:21:00+05:30,302.3,304.7,301.5,304.7,14495,1543295,18.675642,24279.5,24500.0,24350,ATM+4,PUT,24150,2026-07-17
2026-07-17 12:22:00+05:30,266.75,268.1,265.0,265.95,5395,475735,17.504881,24271.9,24450.0,24350,ATM+4,PUT,24150,2026-07-17
2026-07-17 12:23:00+05:30,303.65,304.6,298.0,299.75,20345,1545960,18.2654,24281.05,24500.0,24350,ATM+4,PUT,24150,2026-07-17
2026-07-17 12:24:00+05:30,298.05,300.45,297.6,298.95,29250,1545960,18.230656,24281.75,24500.0,24350,ATM+4,PUT,24150,2026-07-17
2026-07-17 12:25:00+05:30,299.5,300.65,293.1,299.25,39390,1543945,18.053418,24278.7,24500.0,24350,ATM+4,PUT,24150,2026-07-17
2026-07-17 12:26:00+05:30,300.0,301.7,297.9,300.2,21905,1555450,18.057725,24277.3,24500.0,24350,ATM+4,PUT,24150,2026-07-17
2026-07-17 12:27:00+05:30,301.75,301.75,297.3,298.95,7215,1555450,18.013799,24278.55,24500.0,24350,ATM+4,PUT,24150,2026-07-17
2026-07-17 12:28:00+05:30,299.4,300.25,297.1,298.65,7345,1560455,17.938212,24277.9,24500.0,24350,ATM+4,PUT,24150,2026-07-17
2026-07-17 12:29:00+05:30,299.3,302.8,298.65,302.35,10725,1564810,18.312079,24277.65,24500.0,24350,ATM+4,PUT,24150,2026-07-17
2026-07-17 12:30:00+05:30,263.0,266.25,263.0,264.75,9490,485290,17.560967,24274.55,24450.0,24350,ATM+4,PUT,24150,2026-07-17
2026-07-17 12:31:00+05:30,302.3,303.65,300.0,300.25,9555,1561950,18.055075,24277.1,24500.0,24350,ATM+4,PUT,24150,2026-07-17
2026-07-17 12:32:00+05:30,260.8,264.7,260.8,264.7,1950,485290,17.507166,24273.75,24450.0,24350,ATM+4,PUT,24150,2026-07-17
2026-07-17 12:33:00+05:30,303.0,303.1,298.8,299.25,8190,1569035,18.183791,24280.45,24500.0,24350,ATM+4,PUT,24150,2026-07-17
2026-07-17 12:34:00+05:30,299.2,299.7,296.7,299.7,15990,1573975,18.280377,24281.15,24500.0,24350,ATM+4,PUT,24150,2026-07-17
2026-07-17 12:35:00+05:30,298.6,300.1,297.95,300.1,5980,1572805,18.333864,24281.3,24500.0,24350,ATM+4,PUT,24150,2026-07-17
2026-07-17 12:36:00+05:30,299.85,300.1,298.0,298.4,4290,1572285,18.180582,24281.65,24500.0,24350,ATM+4,PUT,24150,2026-07-17
2026-07-17 12:37:00+05:30,298.7,301.75,297.2,301.15,8385,1573650,18.281734,24278.9,24500.0,24350,ATM+4,PUT,24150,2026-07-17
2026-07-17 12:38:00+05:30,302.0,304.45,300.0,301.15,16055,1573325,18.255355,24278.5,24500.0,24350,ATM+4,PUT,24150,2026-07-17
2026-07-17 12:39:00+05:30,300.85,303.05,299.1,302.0,9815,1573910,18.294301,24277.75,24500.0,24350,ATM+4,PUT,24150,2026-07-17
2026-07-17 12:40:00+05:30,264.95,268.35,262.2,268.35,10660,490425,17.426789,24266.55,24450.0,24350,ATM+4,PUT,24150,2026-07-17
2026-07-17 12:41:00+05:30,267.25,271.45,265.95,265.95,19890,489580,17.343374,24269.05,24450.0,24350,ATM+4,PUT,24150,2026-07-17
2026-07-17 12:42:00+05:30,302.9,304.2,299.1,299.3,16315,1560650,18.179262,24280.15,24500.0,24350,ATM+4,PUT,24150,2026-07-17
2026-07-17 12:43:00+05:30,258.9,265.5,258.9,264.6,9425,496145,17.589682,24275.0,24450.0,24350,ATM+4,PUT,24150,2026-07-17
2026-07-17 12:44:00+05:30,301.05,303.3,299.4,300.2,4810,1560520,18.061852,24277.05,24500.0,24350,ATM+4,PUT,24150,2026-07-17
2026-07-17 12:45:00+05:30,299.05,300.2,293.95,295.3,43095,1562730,17.992697,24283.5,24500.0,24350,ATM+4,PUT,24150,2026-07-17
2026-07-17 12:46:00+05:30,294.95,298.65,294.35,297.8,14950,1579435,18.170837,24282.25,24500.0,24350,ATM+4,PUT,24150,2026-07-17
2026-07-17 12:47:00+05:30,297.25,298.5,295.35,295.8,14105,1589120,18.256097,24286.55,24500.0,24350,ATM+4,PUT,24150,2026-07-17
2026-07-17 12:48:00+05:30,295.3,296.6,292.65,293.0,24895,1593085,18.011687,24287.25,24500.0,24350,ATM+4,PUT,24150,2026-07-17
2026-07-17 12:49:00+05:30,290.9,293.0,274.4,283.85,231660,1588210,17.51418,24294.0,24500.0,24350,ATM+4,PUT,24150,2026-07-17
2026-07-17 12:50:00+05:30,284.7,296.0,283.85,295.85,106080,1606085,18.063399,24283.6,24500.0,24350,ATM+4,PUT,24150,2026-07-17
2026-07-17 12:51:00+05:30,297.5,300.45,294.3,295.25,64805,1590550,17.84605,24281.35,24500.0,24350,ATM+4,PUT,24150,2026-07-17
2026-07-17 12:52:00+05:30,295.4,299.4,295.0,298.45,33670,1598415,18.074092,24279.75,24500.0,24350,ATM+4,PUT,24150,2026-07-17
2026-07-17 12:53:00+05:30,259.7,265.3,259.55,265.3,16900,506155,17.51322,24272.5,24450.0,24350,ATM+4,PUT,24150,2026-07-17
2026-07-17 12:54:00+05:30,263.2,267.45,263.2,266.6,16510,506610,17.737144,24273.9,24450.0,24350,ATM+4,PUT,24150,2026-07-17
2026-07-17 12:55:00+05:30,265.9,268.8,261.7,268.7,15470,506935,17.780696,24271.2,24450.0,24350,ATM+4,PUT,24150,2026-07-17
2026-07-17 12:56:00+05:30,268.0,268.7,263.0,263.75,29185,519220,17.489348,24274.55,24450.0,24350,ATM+4,PUT,24150,2026-07-17
2026-07-17 12:57:00+05:30,302.1,303.15,295.1,299.4,31720,1620515,18.221778,24280.35,24500.0,24350,ATM+4,PUT,24150,2026-07-17
2026-07-17 12:58:00+05:30,299.45,301.7,296.7,301.0,17940,1621555,18.294995,24278.95,24500.0,24350,ATM+4,PUT,24150,2026-07-17
2026-07-17 12:59:00+05:30,300.0,301.0,295.7,296.1,14820,1626430,18.079912,24283.3,24500.0,24350,ATM+4,PUT,24150,2026-07-17
2026-07-17 13:00:00+05:30,293.9,297.0,292.4,296.6,26845,1635465,18.099345,24282.8,24500.0,24350,ATM+4,PUT,24150,2026-07-17
2026-07-17 13:01:00+05:30,296.8,296.8,291.0,293.95,57460,1646190,17.886855,24283.75,24500.0,24350,ATM+4,PUT,24150,2026-07-17
2026-07-17 13:02:00+05:30,294.55,298.15,294.2,297.9,20670,1640275,17.951498,24278.65,24500.0,24350,ATM+4,PUT,24150,2026-07-17
2026-07-17 13:03:00+05:30,297.85,300.6,295.95,298.1,24375,1643655,18.116164,24280.7,24500.0,24350,ATM+4,PUT,24150,2026-07-17
2026-07-17 13:04:00+05:30,298.3,298.3,295.75,297.9,14430,1648790,18.037358,24279.85,24500.0,24350,ATM+4,PUT,24150,2026-07-17
2026-07-17 13:05:00+05:30,298.2,300.15,297.6,298.4,9750,1654640,18.177857,24281.1,24500.0,24350,ATM+4,PUT,24150,2026-07-17
2026-07-17 13:06:00+05:30,298.4,299.0,295.65,296.85,17160,1652300,18.211946,24283.95,24500.0,24350,ATM+4,PUT,24150,2026-07-17
2026-07-17 13:07:00+05:30,296.3,302.45,294.15,302.2,39975,1655680,18.25939,24276.45,24500.0,24350,ATM+4,PUT,24150,2026-07-17
2026-07-17 13:08:00+05:30,302.35,302.35,298.75,300.0,15210,1645345,18.25702,24279.75,24500.0,24350,ATM+4,PUT,24150,2026-07-17
2026-07-17 13:09:00+05:30,301.0,302.0,298.85,301.75,14820,1646840,18.321886,24278.0,24500.0,24350,ATM+4,PUT,24150,2026-07-17
2026-07-17 13:10:00+05:30,301.3,301.75,298.25,299.8,33410,1636245,18.221057,24279.5,24500.0,24350,ATM+4,PUT,24150,2026-07-17
2026-07-17 13:11:00+05:30,299.35,300.25,296.95,299.25,10660,1629290,18.150307,24279.3,24500.0,24350,ATM+4,PUT,24150,2026-07-17
2026-07-17 13:12:00+05:30,299.75,303.5,298.2,303.5,13390,1626170,18.465389,24277.35,24500.0,24350,ATM+4,PUT,24150,2026-07-17
2026-07-17 13:13:00+05:30,303.85,303.85,299.0,299.7,13780,1624675,18.001701,24276.45,24500.0,24350,ATM+4,PUT,24150,2026-07-17
2026-07-17 13:14:00+05:30,298.35,299.7,296.0,298.8,25480,1630200,18.330815,24282.55,24500.0,24350,ATM+4,PUT,24150,2026-07-17
2026-07-17 13:15:00+05:30,260.2,270.95,258.2,267.05,20150,527605,17.680369,24271.9,24450.0,24350,ATM+4,PUT,24150,2026-07-17
2026-07-17 13:16:00+05:30,266.95,267.7,265.05,265.35,6565,523120,17.564845,24272.8,24450.0,24350,ATM+4,PUT,24150,2026-07-17
2026-07-17 13:17:00+05:30,303.95,306.4,302.5,303.45,15535,1586585,18.330842,24275.4,24500.0,24350,ATM+4,PUT,24150,2026-07-17
2026-07-17 13:18:00+05:30,264.3,266.15,262.1,265.2,4615,525460,17.535724,24272.55,24450.0,24350,ATM+4,PUT,24150,2026-07-17
2026-07-17 13:19:00+05:30,266.0,268.0,265.0,267.6,9165,525395,17.898434,24274.35,24450.0,24350,ATM+4,PUT,24150,2026-07-17
2026-07-17 13:20:00+05:30,305.95,306.0,301.8,304.25,18200,1580930,18.551075,24277.3,24500.0,24350,ATM+4,PUT,24150,2026-07-17
2026-07-17 13:21:00+05:30,304.95,306.75,303.85,306.25,7930,1584115,18.773648,24277.45,24500.0,24350,ATM+4,PUT,24150,2026-07-17
2026-07-17 13:22:00+05:30,266.3,267.55,265.5,265.5,975,533130,17.686843,24274.35,24450.0,24350,ATM+4,PUT,24150,2026-07-17
2026-07-17 13:23:00+05:30,266.0,269.3,264.75,269.3,11895,528255,17.737577,24269.05,24450.0,24350,ATM+4,PUT,24150,2026-07-17
2026-07-17 13:24:00+05:30,268.2,272.9,266.0,272.65,41145,526110,17.915531,24266.45,24450.0,24350,ATM+4,PUT,24150,2026-07-17
2026-07-17 13:25:00+05:30,272.25,276.0,266.85,267.05,42510,504075,17.482133,24268.65,24450.0,24350,ATM+4,PUT,24150,2026-07-17
2026-07-17 13:26:00+05:30,266.0,273.45,266.0,272.6,22555,503295,17.818593,24265.0,24450.0,24350,ATM+4,PUT,24150,2026-07-17
2026-07-17 13:27:00+05:30,271.85,275.35,271.85,275.35,29835,499720,17.898317,24261.85,24450.0,24350,ATM+4,PUT,24150,2026-07-17
2026-07-17 13:28:00+05:30,275.3,276.25,273.05,274.6,15665,495950,17.743064,24260.65,24450.0,24350,ATM+4,PUT,24150,2026-07-17
2026-07-17 13:29:00+05:30,273.6,274.6,267.95,271.75,13130,495755,17.883939,24267.3,24450.0,24350,ATM+4,PUT,24150,2026-07-17
2026-07-17 13:30:00+05:30,271.25,272.5,268.65,269.4,5590,495105,17.80154,24269.75,24450.0,24350,ATM+4,PUT,24150,2026-07-17
2026-07-17 13:31:00+05:30,267.8,272.0,265.4,271.55,14235,493545,17.914304,24268.05,24450.0,24350,ATM+4,PUT,24150,2026-07-17
2026-07-17 13:32:00+05:30,270.55,275.0,270.0,271.25,13065,496925,17.784095,24266.5,24450.0,24350,ATM+4,PUT,24150,2026-07-17
2026-07-17 13:33:00+05:30,272.7,275.0,271.25,274.1,3900,499395,17.913589,24263.95,24450.0,24350,ATM+4,PUT,24150,2026-07-17
2026-07-17 13:34:00+05:30,272.8,275.0,270.4,270.7,9945,497250,17.677575,24265.7,24450.0,24350,ATM+4,PUT,24150,2026-07-17
2026-07-17 13:35:00+05:30,270.35,270.9,267.9,269.2,5655,495950,17.647621,24267.6,24450.0,24350,ATM+4,PUT,24150,2026-07-17
2026-07-17 13:36:00+05:30,267.95,269.2,262.85,268.8,14300,495690,17.750242,24269.8,24450.0,24350,ATM+4,PUT,24150,2026-07-17
2026-07-17 13:37:00+05:30,268.45,274.0,267.0,274.0,10985,495625,17.957009,24264.7,24450.0,24350,ATM+4,PUT,24150,2026-07-17
2026-07-17 13:38:00+05:30,272.5,274.6,272.0,273.45,7345,496925,17.972965,24265.8,24450.0,24350,ATM+4,PUT,24150,2026-07-17
2026-07-17 13:39:00+05:30,273.45,273.45,270.2,272.0,5330,497575,18.063972,24269.5,24450.0,24350,ATM+4,PUT,24150,2026-07-17
2026-07-17 13:40:00+05:30,272.8,281.0,272.0,280.45,55120,506350,18.206337,24258.25,24450.0,24350,ATM+4,PUT,24150,2026-07-17
2026-07-17 13:41:00+05:30,278.85,285.95,276.8,277.35,50960,491400,17.646448,24254.65,24450.0,24350,ATM+4,PUT,24150,2026-07-17
2026-07-17 13:42:00+05:30,276.75,284.9,276.5,281.4,27625,488800,17.839502,24251.2,24450.0,24350,ATM+4,PUT,24150,2026-07-17
2026-07-17 13:43:00+05:30,283.1,284.85,280.8,280.8,31330,481780,17.585348,24248.35,24450.0,24350,ATM+4,PUT,24150,2026-07-17
2026-07-17 13:44:00+05:30,281.4,284.85,278.05,280.95,16120,472160,17.998813,24254.25,24450.0,24350,ATM+4,PUT,24150,2026-07-17
2026-07-17 13:45:00+05:30,281.0,283.9,279.75,280.8,12155,474890,17.860893,24252.4,24450.0,24350,ATM+4,PUT,24150,2026-07-17
2026-07-17 13:46:00+05:30,281.35,290.7,280.2,289.5,36010,469885,18.281625,24245.1,24450.0,24350,ATM+4,PUT,24150,2026-07-17
2026-07-17 13:47:00+05:30,288.95,296.25,288.45,293.65,55640,445315,18.284325,24238.7,24450.0,24350,ATM+4,PUT,24150,2026-07-17
2026-07-17 13:48:00+05:30,291.05,293.65,286.5,287.65,26065,421330,18.221722,24247.05,24450.0,24350,ATM+4,PUT,24150,2026-07-17
2026-07-17 13:49:00+05:30,288.0,292.8,286.5,292.8,14105,416325,18.282637,24239.95,24450.0,24350,ATM+4,PUT,24150,2026-07-17
2026-07-17 13:50:00+05:30,292.7,298.1,291.5,296.5,40040,406640,17.779791,24227.05,24450.0,24350,ATM+4,PUT,24150,2026-07-17
2026-07-17 13:51:00+05:30,257.2,267.2,257.15,263.05,338130,2056080,16.951447,24215.95,24400.0,24350,ATM+4,PUT,24150,2026-07-17
2026-07-17 13:52:00+05:30,262.9,263.05,257.95,260.45,145795,1962545,17.104255,24222.35,24400.0,24350,ATM+4,PUT,24150,2026-07-17
2026-07-17 13:53:00+05:30,301.5,301.5,296.55,297.3,21970,377585,18.023947,24229.25,24450.0,24350,ATM+4,PUT,24150,2026-07-17
2026-07-17 13:54:00+05:30,296.15,298.15,292.2,293.4,23725,368030,17.802584,24232.0,24450.0,24350,ATM+4,PUT,24150,2026-07-17
2026-07-17 13:55:00+05:30,294.45,297.3,287.55,290.35,20540,362765,17.793639,24236.5,24450.0,24350,ATM+4,PUT,24150,2026-07-17
2026-07-17 13:56:00+05:30,291.0,295.85,290.35,292.3,8580,356850,17.740386,24232.75,24450.0,24350,ATM+4,PUT,24150,2026-07-17
2026-07-17 13:57:00+05:30,290.4,293.45,289.0,292.1,12675,357175,17.786804,24233.7,24450.0,24350,ATM+4,PUT,24150,2026-07-17
2026-07-17 13:58:00+05:30,288.9,292.45,286.95,288.4,8645,354120,17.666727,24237.6,24450.0,24350,ATM+4,PUT,24150,2026-07-17
2026-07-17 13:59:00+05:30,288.5,288.6,271.65,274.05,28470,351195,17.012576,24250.1,24450.0,24350,ATM+4,PUT,24150,2026-07-17
2026-07-17 14:00:00+05:30,278.0,279.85,274.05,276.45,16835,358280,17.177832,24248.8,24450.0,24350,ATM+4,PUT,24150,2026-07-17
2026-07-17 14:01:00+05:30,276.75,281.7,276.45,278.05,15015,360815,17.210503,24246.8,24450.0,24350,ATM+4,PUT,24150,2026-07-17
2026-07-17 14:02:00+05:30,279.15,284.55,278.05,281.5,6435,364585,17.355881,24243.6,24450.0,24350,ATM+4,PUT,24150,2026-07-17
2026-07-17 14:03:00+05:30,281.0,282.65,278.55,278.55,8125,364130,17.227775,24246.25,24450.0,24350,ATM+4,PUT,24150,2026-07-17
2026-07-17 14:04:00+05:30,278.6,278.6,274.65,276.85,8840,367250,17.330638,24250.35,24450.0,24350,ATM+4,PUT,24150,2026-07-17
2026-07-17 14:05:00+05:30,277.05,277.05,271.65,273.55,16770,372125,17.280261,24254.7,24450.0,24350,ATM+4,PUT,24150,2026-07-17
2026-07-17 14:06:00+05:30,274.95,278.65,273.2,278.6,7150,370240,17.469522,24249.65,24450.0,24350,ATM+4,PUT,24150,2026-07-17
2026-07-17 14:07:00+05:30,279.15,279.55,276.35,276.75,13390,370630,17.371289,24251.05,24450.0,24350,ATM+4,PUT,24150,2026-07-17
2026-07-17 14:08:00+05:30,276.8,281.4,275.4,278.6,5915,372060,17.570382,24251.1,24450.0,24350,ATM+4,PUT,24150,2026-07-17
2026-07-17 14:09:00+05:30,277.8,278.6,276.6,278.2,3965,373490,17.6546,24252.95,24450.0,24350,ATM+4,PUT,24150,2026-07-17
2026-07-17 14:10:00+05:30,275.75,278.2,274.8,275.45,3250,374790,17.438191,24254.0,24450.0,24350,ATM+4,PUT,24150,2026-07-17
2026-07-17 14:11:00+05:30,274.0,275.45,264.5,264.5,38740,370955,17.047746,24265.25,24450.0,24350,ATM+4,PUT,24150,2026-07-17
2026-07-17 14:12:00+05:30,266.0,266.0,257.1,259.45,14885,380185,16.943035,24271.6,24450.0,24350,ATM+4,PUT,24150,2026-07-17
2026-07-17 14:13:00+05:30,299.75,299.75,288.55,290.65,107510,1348620,17.160926,24277.25,24500.0,24350,ATM+4,PUT,24150,2026-07-17
2026-07-17 14:14:00+05:30,288.6,291.9,285.0,285.0,104650,1391910,16.790981,24280.55,24500.0,24350,ATM+4,PUT,24150,2026-07-17
2026-07-17 14:15:00+05:30,323.85,327.15,262.4,262.4,26260,102895,15.399449,24345.4,24550.0,24350,ATM+4,PUT,24150,2026-07-17
2026-07-17 14:16:00+05:30,253.0,274.45,249.35,252.75,60970,119795,15.604005,24362.9,24550.0,24350,ATM+4,PUT,24150,2026-07-17
2026-07-17 14:17:00+05:30,251.45,266.9,249.6,265.8,83850,156195,15.912204,24347.45,24550.0,24350,ATM+4,PUT,24150,2026-07-17
2026-07-17 14:18:00+05:30,272.3,279.3,265.8,277.15,47190,159965,16.073551,24332.7,24550.0,24350,ATM+4,PUT,24150,2026-07-17
2026-07-17 14:19:00+05:30,242.0,257.4,238.65,257.4,417690,1837225,15.819719,24308.45,24500.0,24350,ATM+4,PUT,24150,2026-07-17
2026-07-17 14:20:00+05:30,255.95,259.95,247.75,259.35,226135,1739920,16.320889,24312.75,24500.0,24350,ATM+4,PUT,24150,2026-07-17
2026-07-17 14:21:00+05:30,260.0,266.05,255.0,263.35,309985,1626365,16.511374,24309.35,24500.0,24350,ATM+4,PUT,24150,2026-07-17
2026-07-17 14:22:00+05:30,264.3,272.5,263.35,272.5,167505,1600170,16.902334,24300.95,24500.0,24350,ATM+4,PUT,24150,2026-07-17
2026-07-17 14:23:00+05:30,276.3,280.2,271.5,280.2,139100,1572155,17.148254,24292.7,24500.0,24350,ATM+4,PUT,24150,2026-07-17
2026-07-17 14:24:00+05:30,279.0,281.45,272.3,272.3,99125,1566045,16.70033,24298.3,24500.0,24350,ATM+4,PUT,24150,2026-07-17
2026-07-17 14:25:00+05:30,273.35,274.45,258.5,264.45,118950,1567020,16.491737,24307.3,24500.0,24350,ATM+4,PUT,24150,2026-07-17
2026-07-17 14:26:00+05:30,264.2,264.45,256.8,260.6,94250,1561235,16.356895,24311.25,24500.0,24350,ATM+4,PUT,24150,2026-07-17
2026-07-17 14:27:00+05:30,259.6,261.75,256.0,257.25,57590,1575925,15.984566,24310.95,24500.0,24350,ATM+4,PUT,24150,2026-07-17
2026-07-17 14:28:00+05:30,255.75,258.1,251.3,257.0,96850,1586195,15.85932,24309.5,24500.0,24350,ATM+4,PUT,24150,2026-07-17
2026-07-17 14:29:00+05:30,267.0,280.6,257.0,276.5,251940,1588080,16.384542,24287.4,24500.0,24350,ATM+4,PUT,24150,2026-07-17
2026-07-17 14:30:00+05:30,274.85,276.5,261.4,262.8,89960,1561495,16.140054,24304.65,24500.0,24350,ATM+4,PUT,24150,2026-07-17
2026-07-17 14:31:00+05:30,262.6,268.95,261.0,267.6,58955,1571635,16.348063,24300.3,24500.0,24350,ATM+4,PUT,24150,2026-07-17
2026-07-17 14:32:00+05:30,268.2,270.0,265.25,268.05,37570,1574755,16.316604,24299.15,24500.0,24350,ATM+4,PUT,24150,2026-07-17
2026-07-17 14:33:00+05:30,268.15,270.85,266.4,267.2,37245,1587430,15.972358,24295.55,24500.0,24350,ATM+4,PUT,24150,2026-07-17
2026-07-17 14:34:00+05:30,268.2,269.5,264.3,265.45,52650,1613560,15.960023,24298.0,24500.0,24350,ATM+4,PUT,24150,2026-07-17
2026-07-17 14:35:00+05:30,265.7,267.95,264.8,267.05,26455,1617200,16.17806,24298.65,24500.0,24350,ATM+4,PUT,24150,2026-07-17
2026-07-17 14:36:00+05:30,267.05,273.3,267.05,270.65,47450,1607905,16.181804,24293.25,24500.0,24350,ATM+4,PUT,24150,2026-07-17
2026-07-17 14:37:00+05:30,272.55,272.75,268.2,270.85,32955,1604850,16.190067,24293.05,24500.0,24350,ATM+4,PUT,24150,2026-07-17
2026-07-17 14:38:00+05:30,272.0,274.4,264.65,267.5,31785,1604070,16.250375,24298.95,24500.0,24350,ATM+4,PUT,24150,2026-07-17
2026-07-17 14:39:00+05:30,267.0,269.1,266.1,266.1,23465,1602640,16.027741,24297.9,24500.0,24350,ATM+4,PUT,24150,2026-07-17
2026-07-17 14:40:00+05:30,266.25,266.8,262.65,265.5,35295,1613820,16.253048,24302.0,24500.0,24350,ATM+4,PUT,24150,2026-07-17
2026-07-17 14:41:00+05:30,266.1,267.25,256.25,256.25,100815,1613560,15.955465,24311.85,24500.0,24350,ATM+4,PUT,24150,2026-07-17
2026-07-17 14:42:00+05:30,256.95,262.1,256.15,258.0,75465,1623505,16.04181,24310.4,24500.0,24350,ATM+4,PUT,24150,2026-07-17
2026-07-17 14:43:00+05:30,257.0,258.95,252.35,258.1,93795,1645020,16.16994,24312.1,24500.0,24350,ATM+4,PUT,24150,2026-07-17
2026-07-17 14:44:00+05:30,257.15,258.1,249.85,251.7,122005,1683305,15.87504,24317.65,24500.0,24350,ATM+4,PUT,24150,2026-07-17
2026-07-17 14:45:00+05:30,250.7,254.3,250.5,253.05,52975,1680640,16.14271,24319.5,24500.0,24350,ATM+4,PUT,24150,2026-07-17
2026-07-17 14:46:00+05:30,291.0,294.0,284.65,286.2,8060,130715,16.524908,24325.05,24550.0,24350,ATM+4,PUT,24150,2026-07-17
2026-07-17 14:47:00+05:30,248.8,251.85,247.8,251.25,72735,1716260,16.097286,24321.6,24500.0,24350,ATM+4,PUT,24150,2026-07-17
2026-07-17 14:48:00+05:30,251.0,255.8,249.15,249.15,83070,1732705,15.787409,24320.25,24500.0,24350,ATM+4,PUT,24150,2026-07-17
2026-07-17 14:49:00+05:30,249.8,250.35,246.1,250.0,71630,1738360,16.129006,24324.0,24500.0,24350,ATM+4,PUT,24150,2026-07-17
2026-07-17 14:50:00+05:30,249.4,255.0,248.0,252.35,80275,1747200,16.108348,24320.0,24500.0,24350,ATM+4,PUT,24150,2026-07-17
2026-07-17 14:51:00+05:30,252.3,255.2,248.5,254.85,50830,1739270,16.172862,24317.05,24500.0,24350,ATM+4,PUT,24150,2026-07-17
2026-07-17 14:52:00+05:30,253.4,254.85,250.95,253.0,58500,1755975,16.151724,24319.6,24500.0,24350,ATM+4,PUT,24150,2026-07-17
2026-07-17 14:53:00+05:30,253.1,259.5,251.15,251.85,54080,1744145,16.092769,24320.5,24500.0,24350,ATM+4,PUT,24150,2026-07-17
2026-07-17 14:54:00+05:30,253.35,256.65,251.85,252.45,53300,1740505,16.18686,24320.95,24500.0,24350,ATM+4,PUT,24150,2026-07-17
2026-07-17 14:55:00+05:30,291.75,292.55,286.45,286.45,5265,138320,16.734129,24327.4,24550.0,24350,ATM+4,PUT,24150,2026-07-17
2026-07-17 14:56:00+05:30,240.35,252.7,240.35,249.5,188110,1718080,16.144222,24324.9,24500.0,24350,ATM+4,PUT,24150,2026-07-17
2026-07-17 14:57:00+05:30,249.65,254.5,248.2,252.25,44330,1729715,16.212676,24321.6,24500.0,24350,ATM+4,PUT,24150,2026-07-17
2026-07-17 14:58:00+05:30,252.0,257.0,252.0,254.2,78520,1716065,16.030616,24315.85,24500.0,24350,ATM+4,PUT,24150,2026-07-17
2026-07-17 14:59:00+05:30,253.15,259.45,252.6,258.4,55445,1707745,16.194847,24311.75,24500.0,24350,ATM+4,PUT,24150,2026-07-17
2026-07-17 15:00:00+05:30,256.5,260.6,243.6,246.2,193375,1688570,15.723056,24323.7,24500.0,24350,ATM+4,PUT,24150,2026-07-17
2026-07-17 15:01:00+05:30,284.55,288.05,273.6,283.1,19175,132405,16.243157,24325.6,24550.0,24350,ATM+4,PUT,24150,2026-07-17
2026-07-17 15:02:00+05:30,246.45,251.3,243.1,248.1,82615,1709630,15.967748,24324.35,24500.0,24350,ATM+4,PUT,24150,2026-07-17
2026-07-17 15:03:00+05:30,248.7,253.25,246.5,253.2,46475,1706380,16.073234,24317.95,24500.0,24350,ATM+4,PUT,24150,2026-07-17
2026-07-17 15:04:00+05:30,253.9,255.2,250.0,251.35,57850,1691430,16.15618,24322.05,24500.0,24350,ATM+4,PUT,24150,2026-07-17
2026-07-17 15:05:00+05:30,289.35,290.3,282.45,283.75,6760,132015,16.462569,24327.55,24550.0,24350,ATM+4,PUT,24150,2026-07-17
2026-07-17 15:06:00+05:30,282.7,285.05,280.2,282.7,4810,131625,16.543617,24330.2,24550.0,24350,ATM+4,PUT,24150,2026-07-17
2026-07-17 15:07:00+05:30,282.55,283.5,276.75,278.9,6825,129805,16.431101,24334.3,24550.0,24350,ATM+4,PUT,24150,2026-07-17
2026-07-17 15:08:00+05:30,280.0,284.75,278.9,281.7,7345,127205,16.575649,24332.1,24550.0,24350,ATM+4,PUT,24150,2026-07-17
2026-07-17 15:09:00+05:30,283.8,285.55,280.85,282.2,3705,125645,16.735614,24333.55,24550.0,24350,ATM+4,PUT,24150,2026-07-17
2026-07-17 15:10:00+05:30,282.95,284.7,281.95,281.95,7800,122785,16.579493,24331.75,24550.0,24350,ATM+4,PUT,24150,2026-07-17
2026-07-17 15:11:00+05:30,282.15,282.6,279.0,282.05,6565,123110,16.627694,24332.25,24550.0,24350,ATM+4,PUT,24150,2026-07-17
2026-07-17 15:12:00+05:30,280.45,282.05,275.25,278.55,11895,123370,16.525148,24336.05,24550.0,24350,ATM+4,PUT,24150,2026-07-17
2026-07-17 15:13:00+05:30,278.55,281.75,278.55,280.2,10985,121160,16.621459,24334.9,24550.0,24350,ATM+4,PUT,24150,2026-07-17
2026-07-17 15:14:00+05:30,281.3,289.1,280.2,288.55,12090,117065,17.080697,24328.75,24550.0,24350,ATM+4,PUT,24150,2026-07-17
2026-07-17 15:15:00+05:30,250.8,258.0,248.8,252.75,246740,1561235,16.434549,24323.85,24500.0,24350,ATM+4,PUT,24150,2026-07-17
2026-07-17 15:16:00+05:30,254.05,256.4,252.5,254.0,96395,1528215,16.503134,24322.9,24500.0,24350,ATM+4,PUT,24150,2026-07-17
2026-07-17 15:17:00+05:30,294.2,294.2,287.35,289.95,5655,112450,17.003493,24325.55,24550.0,24350,ATM+4,PUT,24150,2026-07-17
2026-07-17 15:18:00+05:30,289.45,293.85,289.45,293.65,2600,111085,17.638449,24328.8,24550.0,24350,ATM+4,PUT,24150,2026-07-17
2026-07-17 15:19:00+05:30,293.4,293.65,288.85,290.7,2925,111475,17.33648,24329.0,24550.0,24350,ATM+4,PUT,24150,2026-07-17
2026-07-17 15:20:00+05:30,291.25,292.2,288.1,289.35,5785,110760,17.474272,24332.95,24550.0,24350,ATM+4,PUT,24150,2026-07-17
2026-07-17 15:21:00+05:30,288.9,289.5,278.0,278.0,9685,109070,16.264801,24333.15,24550.0,24350,ATM+4,PUT,24150,2026-07-17
2026-07-17 15:22:00+05:30,276.9,279.0,273.7,277.7,17290,104780,16.501946,24336.85,24550.0,24350,ATM+4,PUT,24150,2026-07-17
2026-07-17 15:23:00+05:30,277.35,278.25,275.65,275.7,17745,114465,16.366336,24337.95,24550.0,24350,ATM+4,PUT,24150,2026-07-17
2026-07-17 15:24:00+05:30,274.55,275.7,269.0,271.8,15795,119470,16.295165,24342.8,24550.0,24350,ATM+4,PUT,24150,2026-07-17
2026-07-17 15:25:00+05:30,272.45,274.55,269.65,270.85,49595,157105,16.350858,24345.0,24550.0,24350,ATM+4,PUT,24150,2026-07-17
2026-07-17 15:26:00+05:30,272.0,273.1,268.65,271.75,16510,170300,16.29194,24342.8,24550.0,24350,ATM+4,PUT,24150,2026-07-17
2026-07-17 15:27:00+05:30,271.9,272.15,267.4,267.9,16445,177905,15.964254,24344.0,24550.0,24350,ATM+4,PUT,24150,2026-07-17
2026-07-17 15:28:00+05:30,268.1,268.9,259.6,261.65,35295,188565,14.947094,24339.4,24550.0,24350,ATM+4,PUT,24150,2026-07-17
2026-07-17 15:29:00+05:30,260.8,261.65,254.8,256.4,27885,188305,14.915554,24346.7,24550.0,24350,ATM+4,PUT,24150,2026-07-17
2026-07-17 09:15:00+05:30,26.65,34.3,17.0,34.3,2034435,5242315,10.66356,24151.25,24400.0,24400,ATM+5,CALL,24150,2026-07-17
2026-07-17 09:16:00+05:30,35.6,36.1,33.2,36.1,1755195,5567640,10.328526,24171.0,24400.0,24400,ATM+5,CALL,24150,2026-07-17
2026-07-17 09:17:00+05:30,26.6,28.4,25.8,27.1,888485,2665585,10.346838,24176.15,24450.0,24400,ATM+5,CALL,24150,2026-07-17
2026-07-17 09:18:00+05:30,27.15,30.55,26.95,30.35,739765,2806895,10.500612,24187.4,24450.0,24400,ATM+5,CALL,24150,2026-07-17
2026-07-17 09:19:00+05:30,30.9,32.45,29.85,30.6,1050790,2725255,10.523483,24187.85,24450.0,24400,ATM+5,CALL,24150,2026-07-17
2026-07-17 09:20:00+05:30,30.2,31.55,28.8,29.6,605475,2694900,10.389947,24187.75,24450.0,24400,ATM+5,CALL,24150,2026-07-17
2026-07-17 09:21:00+05:30,29.65,29.75,28.0,28.35,315120,2766855,10.271352,24185.75,24450.0,24400,ATM+5,CALL,24150,2026-07-17
2026-07-17 09:22:00+05:30,28.1,29.65,28.0,29.65,309465,2781285,10.371564,24188.75,24450.0,24400,ATM+5,CALL,24150,2026-07-17
2026-07-17 09:23:00+05:30,29.4,29.65,28.15,28.15,216905,2793245,10.234469,24186.15,24450.0,24400,ATM+5,CALL,24150,2026-07-17
2026-07-17 09:24:00+05:30,28.1,30.15,27.8,30.0,305435,2800980,10.335541,24191.9,24450.0,24400,ATM+5,CALL,24150,2026-07-17
2026-07-17 09:25:00+05:30,29.75,31.95,29.75,31.25,610415,2846805,10.314258,24198.85,24450.0,24400,ATM+5,CALL,24150,2026-07-17
2026-07-17 09:26:00+05:30,31.5,32.5,30.8,31.05,509340,2812485,10.26208,24199.8,24450.0,24400,ATM+5,CALL,24150,2026-07-17
2026-07-17 09:27:00+05:30,31.15,32.65,30.35,31.75,410995,2786680,10.271628,24202.85,24450.0,24400,ATM+5,CALL,24150,2026-07-17
2026-07-17 09:28:00+05:30,31.95,32.2,31.3,32.15,188500,2826395,10.271029,24204.8,24450.0,24400,ATM+5,CALL,24150,2026-07-17
2026-07-17 09:29:00+05:30,31.85,33.55,31.65,33.55,307450,2879370,10.308589,24210.0,24450.0,24400,ATM+5,CALL,24150,2026-07-17
2026-07-17 09:30:00+05:30,33.8,34.2,31.1,31.75,532675,2855970,10.250795,24203.7,24450.0,24400,ATM+5,CALL,24150,2026-07-17
2026-07-17 09:31:00+05:30,31.75,32.3,29.55,29.6,300885,2890810,10.152071,24196.85,24450.0,24400,ATM+5,CALL,24150,2026-07-17
2026-07-17 09:32:00+05:30,29.8,31.45,28.65,31.45,292240,2943590,10.171016,24205.2,24450.0,24400,ATM+5,CALL,24150,2026-07-17
2026-07-17 09:33:00+05:30,31.45,32.85,30.65,32.0,335075,2982395,10.090418,24210.7,24450.0,24400,ATM+5,CALL,24150,2026-07-17
2026-07-17 09:34:00+05:30,32.15,33.7,30.25,30.9,406510,3015805,10.060733,24206.6,24450.0,24400,ATM+5,CALL,24150,2026-07-17
2026-07-17 09:35:00+05:30,30.95,31.35,30.45,30.45,170365,3091140,9.989108,24207.05,24450.0,24400,ATM+5,CALL,24150,2026-07-17
2026-07-17 09:36:00+05:30,30.4,31.15,29.4,30.9,262145,3147950,9.984519,24209.4,24450.0,24400,ATM+5,CALL,24150,2026-07-17
2026-07-17 09:37:00+05:30,30.85,32.6,30.3,32.6,252135,3193580,10.015668,24216.25,24450.0,24400,ATM+5,CALL,24150,2026-07-17
2026-07-17 09:38:00+05:30,32.4,33.7,32.0,33.2,335010,3201575,9.942963,24221.55,24450.0,24400,ATM+5,CALL,24150,2026-07-17
2026-07-17 09:39:00+05:30,33.35,33.8,31.9,32.1,280085,3190655,9.870361,24219.15,24450.0,24400,ATM+5,CALL,24150,2026-07-17
2026-07-17 09:40:00+05:30,32.0,33.7,31.65,32.75,252200,3224975,9.901287,24221.05,24450.0,24400,ATM+5,CALL,24150,2026-07-17
2026-07-17 09:41:00+05:30,33.05,33.65,32.45,32.8,252005,3250195,9.875823,24222.2,24450.0,24400,ATM+5,CALL,24150,2026-07-17
2026-07-17 09:42:00+05:30,33.1,33.85,32.75,33.3,175955,3268655,9.869212,24224.7,24450.0,24400,ATM+5,CALL,24150,2026-07-17
2026-07-17 09:43:00+05:30,24.25,25.45,24.15,24.95,916760,9389185,10.062468,24225.15,24500.0,24400,ATM+5,CALL,24150,2026-07-17
2026-07-17 09:44:00+05:30,25.65,27.35,24.85,26.1,1425710,9182420,10.06976,24231.3,24500.0,24400,ATM+5,CALL,24150,2026-07-17
2026-07-17 09:45:00+05:30,26.2,29.6,26.1,27.35,1700985,9167275,10.164471,24234.5,24500.0,24400,ATM+5,CALL,24150,2026-07-17
2026-07-17 09:46:00+05:30,27.9,29.4,27.1,28.5,929305,9164740,10.139736,24241.45,24500.0,24400,ATM+5,CALL,24150,2026-07-17
2026-07-17 09:47:00+05:30,28.65,30.2,28.0,28.25,1148810,9182615,10.243575,24236.35,24500.0,24400,ATM+5,CALL,24150,2026-07-17
2026-07-17 09:48:00+05:30,28.5,29.65,27.9,29.1,672490,9208355,10.262743,24240.05,24500.0,24400,ATM+5,CALL,24150,2026-07-17
2026-07-17 09:49:00+05:30,29.25,29.35,27.95,28.35,615290,9225580,10.246023,24236.85,24500.0,24400,ATM+5,CALL,24150,2026-07-17
2026-07-17 09:50:00+05:30,28.35,30.15,28.3,29.45,797745,9248070,10.227107,24243.2,24500.0,24400,ATM+5,CALL,24150,2026-07-17
2026-07-17 09:51:00+05:30,29.1,29.5,26.85,26.85,761670,9256650,10.248032,24228.9,24500.0,24400,ATM+5,CALL,24150,2026-07-17
2026-07-17 09:52:00+05:30,27.25,27.4,26.2,26.35,683150,9236565,10.149162,24229.95,24500.0,24400,ATM+5,CALL,24150,2026-07-17
2026-07-17 09:53:00+05:30,26.2,27.75,26.0,27.7,530985,9260680,10.259193,24233.1,24500.0,24400,ATM+5,CALL,24150,2026-07-17
2026-07-17 09:54:00+05:30,27.7,30.25,27.55,29.1,710905,9286615,10.269899,24240.0,24500.0,24400,ATM+5,CALL,24150,2026-07-17
2026-07-17 09:55:00+05:30,28.75,29.1,26.65,26.95,617370,9299940,10.231687,24230.2,24500.0,24400,ATM+5,CALL,24150,2026-07-17
2026-07-17 09:56:00+05:30,36.55,36.75,33.9,34.55,364455,3106935,10.087799,24223.1,24450.0,24400,ATM+5,CALL,24150,2026-07-17
2026-07-17 09:57:00+05:30,34.7,34.75,32.7,33.2,267410,3099005,10.023945,24219.35,24450.0,24400,ATM+5,CALL,24150,2026-07-17
2026-07-17 09:58:00+05:30,24.3,26.0,24.1,26.0,566150,9222460,10.128012,24229.05,24500.0,24400,ATM+5,CALL,24150,2026-07-17
2026-07-17 09:59:00+05:30,26.0,26.3,25.3,26.2,426660,9216545,10.163253,24228.85,24500.0,24400,ATM+5,CALL,24150,2026-07-17
2026-07-17 10:00:00+05:30,35.8,36.75,32.7,32.9,294190,3106090,9.922333,24221.65,24450.0,24400,ATM+5,CALL,24150,2026-07-17
2026-07-17 10:01:00+05:30,32.95,34.2,30.2,31.05,442780,3109145,9.945406,24212.35,24450.0,24400,ATM+5,CALL,24150,2026-07-17
2026-07-17 10:02:00+05:30,31.3,31.8,30.7,31.1,277290,3105505,9.853095,24215.9,24450.0,24400,ATM+5,CALL,24150,2026-07-17
2026-07-17 10:03:00+05:30,31.15,31.45,30.25,31.2,177710,3135860,9.893973,24214.95,24450.0,24400,ATM+5,CALL,24150,2026-07-17
2026-07-17 10:04:00+05:30,31.2,31.2,29.8,30.4,227760,3144180,9.801743,24214.5,24450.0,24400,ATM+5,CALL,24150,2026-07-17
2026-07-17 10:05:00+05:30,30.5,33.0,30.2,32.9,221975,3158675,9.937084,24221.3,24450.0,24400,ATM+5,CALL,24150,2026-07-17
2026-07-17 10:06:00+05:30,32.5,33.55,32.5,32.65,260455,3163745,9.865724,24222.7,24450.0,24400,ATM+5,CALL,24150,2026-07-17
2026-07-17 10:07:00+05:30,23.7,24.5,23.6,24.4,367770,9359675,9.990506,24225.65,24500.0,24400,ATM+5,CALL,24150,2026-07-17
2026-07-17 10:08:00+05:30,24.35,24.9,23.8,24.9,404560,9403225,10.014632,24227.6,24500.0,24400,ATM+5,CALL,24150,2026-07-17
2026-07-17 10:09:00+05:30,25.0,26.2,24.85,25.25,556985,9352135,9.952729,24231.95,24500.0,24400,ATM+5,CALL,24150,2026-07-17
2026-07-17 10:10:00+05:30,25.2,25.9,25.0,25.25,331045,9354735,9.987891,24230.65,24500.0,24400,ATM+5,CALL,24150,2026-07-17
2026-07-17 10:11:00+05:30,25.1,25.6,24.85,25.6,271245,9412715,9.97129,24233.25,24500.0,24400,ATM+5,CALL,24150,2026-07-17
2026-07-17 10:12:00+05:30,25.8,28.05,25.6,27.95,782600,9369100,10.129788,24239.9,24500.0,24400,ATM+5,CALL,24150,2026-07-17
2026-07-17 10:13:00+05:30,28.2,29.8,27.95,28.4,1023425,9261720,10.025345,24246.1,24500.0,24400,ATM+5,CALL,24150,2026-07-17
2026-07-17 10:14:00+05:30,28.25,28.4,26.55,26.55,430105,9264840,9.935227,24239.85,24500.0,24400,ATM+5,CALL,24150,2026-07-17
2026-07-17 10:15:00+05:30,26.75,28.4,26.25,28.1,573625,9234940,9.996505,24245.7,24500.0,24400,ATM+5,CALL,24150,2026-07-17
2026-07-17 10:16:00+05:30,28.05,28.95,28.0,28.15,394680,9277385,9.964979,24247.15,24500.0,24400,ATM+5,CALL,24150,2026-07-17
2026-07-17 10:17:00+05:30,28.2,31.45,27.95,30.95,1130675,9309690,10.168374,24253.65,24500.0,24400,ATM+5,CALL,24150,2026-07-17
2026-07-17 10:18:00+05:30,30.9,44.1,30.9,43.3,3511820,9048195,11.12651,24274.45,24500.0,24400,ATM+5,CALL,24150,2026-07-17
2026-07-17 10:19:00+05:30,41.15,43.6,37.45,38.65,2239965,9042345,10.575874,24273.95,24500.0,24400,ATM+5,CALL,24150,2026-07-17
2026-07-17 10:20:00+05:30,38.7,40.45,36.75,37.1,1288690,9213425,10.595068,24266.75,24500.0,24400,ATM+5,CALL,24150,2026-07-17
2026-07-17 10:21:00+05:30,37.05,38.0,36.25,36.65,1071720,9330750,10.494293,24268.3,24500.0,24400,ATM+5,CALL,24150,2026-07-17
2026-07-17 10:22:00+05:30,36.25,36.8,34.85,34.9,878150,9258990,10.427611,24262.95,24500.0,24400,ATM+5,CALL,24150,2026-07-17
2026-07-17 10:23:00+05:30,34.95,34.95,33.55,34.0,804440,9148945,10.431147,24258.8,24500.0,24400,ATM+5,CALL,24150,2026-07-17
2026-07-17 10:24:00+05:30,34.05,34.35,32.7,33.85,714740,9208290,10.503586,24255.6,24500.0,24400,ATM+5,CALL,24150,2026-07-17
2026-07-17 10:25:00+05:30,34.1,35.9,32.85,35.4,737490,9263475,10.467255,24263.9,24500.0,24400,ATM+5,CALL,24150,2026-07-17
2026-07-17 10:26:00+05:30,35.4,35.9,34.5,35.65,609765,9291945,10.446708,24265.75,24500.0,24400,ATM+5,CALL,24150,2026-07-17
2026-07-17 10:27:00+05:30,35.9,37.1,35.15,35.75,666445,9322040,10.405407,24267.65,24500.0,24400,ATM+5,CALL,24150,2026-07-17
2026-07-17 10:28:00+05:30,35.65,37.95,35.65,37.45,593905,9328150,10.455213,24273.3,24500.0,24400,ATM+5,CALL,24150,2026-07-17
2026-07-17 10:29:00+05:30,27.55,30.2,27.35,29.85,369070,2974660,10.614859,24281.55,24550.0,24400,ATM+5,CALL,24150,2026-07-17
2026-07-17 10:30:00+05:30,29.7,29.85,27.55,28.6,323505,2975570,10.499013,24279.4,24550.0,24400,ATM+5,CALL,24150,2026-07-17
2026-07-17 10:31:00+05:30,28.8,30.45,28.6,30.45,492505,2991040,10.657694,24283.1,24550.0,24400,ATM+5,CALL,24150,2026-07-17
2026-07-17 10:32:00+05:30,30.3,32.3,29.7,29.8,607295,3002090,10.511676,24285.2,24550.0,24400,ATM+5,CALL,24150,2026-07-17
2026-07-17 10:33:00+05:30,29.45,29.8,28.2,28.95,334685,2998255,10.544531,24279.65,24550.0,24400,ATM+5,CALL,24150,2026-07-17
2026-07-17 10:34:00+05:30,28.8,30.5,28.7,30.35,165295,3009760,10.614162,24284.3,24550.0,24400,ATM+5,CALL,24150,2026-07-17
2026-07-17 10:35:00+05:30,41.35,41.4,36.2,36.25,707005,9253530,10.34415,24272.2,24500.0,24400,ATM+5,CALL,24150,2026-07-17
2026-07-17 10:36:00+05:30,36.55,37.0,35.45,36.45,539760,9255220,10.361518,24272.5,24500.0,24400,ATM+5,CALL,24150,2026-07-17
2026-07-17 10:37:00+05:30,36.65,36.7,34.45,34.45,490035,9269585,10.261059,24267.25,24500.0,24400,ATM+5,CALL,24150,2026-07-17
2026-07-17 10:38:00+05:30,34.45,35.35,33.5,35.0,592345,9358310,10.316521,24267.8,24500.0,24400,ATM+5,CALL,24150,2026-07-17
2026-07-17 10:39:00+05:30,35.1,35.65,34.3,34.35,386555,9397635,10.250194,24267.25,24500.0,24400,ATM+5,CALL,24150,2026-07-17
2026-07-17 10:40:00+05:30,34.6,35.65,34.0,35.65,366535,9465170,10.382408,24268.45,24500.0,24400,ATM+5,CALL,24150,2026-07-17
2026-07-17 10:41:00+05:30,35.25,35.8,34.8,35.7,333255,9508915,10.322928,24270.75,24500.0,24400,ATM+5,CALL,24150,2026-07-17
2026-07-17 10:42:00+05:30,35.85,36.1,34.9,35.1,388375,9549020,10.291269,24269.25,24500.0,24400,ATM+5,CALL,24150,2026-07-17
2026-07-17 10:43:00+05:30,35.25,35.25,30.55,30.95,880815,9585355,10.346637,24248.15,24500.0,24400,ATM+5,CALL,24150,2026-07-17
2026-07-17 10:44:00+05:30,31.5,32.6,30.95,31.7,1002560,9658350,10.141742,24259.1,24500.0,24400,ATM+5,CALL,24150,2026-07-17
2026-07-17 10:45:00+05:30,31.8,32.15,29.55,29.55,891475,9980490,10.016088,24253.3,24500.0,24400,ATM+5,CALL,24150,2026-07-17
2026-07-17 10:46:00+05:30,29.45,30.4,29.0,29.85,663260,10033985,10.079944,24252.5,24500.0,24400,ATM+5,CALL,24150,2026-07-17
2026-07-17 10:47:00+05:30,29.85,31.15,29.5,30.9,393315,10029305,10.169786,24254.4,24500.0,24400,ATM+5,CALL,24150,2026-07-17
2026-07-17 10:48:00+05:30,30.65,30.9,29.2,29.2,330200,10077470,9.962988,24253.6,24500.0,24400,ATM+5,CALL,24150,2026-07-17
2026-07-17 10:49:00+05:30,29.2,29.7,28.6,28.75,441480,10119980,10.004085,24249.9,24500.0,24400,ATM+5,CALL,24150,2026-07-17
2026-07-17 10:50:00+05:30,28.7,29.95,28.4,29.2,344175,10140195,10.035213,24251.05,24500.0,24400,ATM+5,CALL,24150,2026-07-17
2026-07-17 10:51:00+05:30,29.05,29.2,27.7,27.85,399165,10192910,9.90874,24248.9,24500.0,24400,ATM+5,CALL,24150,2026-07-17
2026-07-17 10:52:00+05:30,27.75,28.9,27.35,28.85,361400,10179520,9.969868,24251.75,24500.0,24400,ATM+5,CALL,24150,2026-07-17
2026-07-17 10:53:00+05:30,28.9,30.4,28.8,29.85,677625,10254335,9.984025,24256.2,24500.0,24400,ATM+5,CALL,24150,2026-07-17
2026-07-17 10:54:00+05:30,29.85,30.05,28.15,29.05,438425,10328565,9.89437,24255.55,24500.0,24400,ATM+5,CALL,24150,2026-07-17
2026-07-17 10:55:00+05:30,28.95,29.4,28.1,29.4,177905,10360155,9.909711,24256.75,24500.0,24400,ATM+5,CALL,24150,2026-07-17
2026-07-17 10:56:00+05:30,29.55,30.7,29.2,29.9,563485,10353590,10.003376,24255.85,24500.0,24400,ATM+5,CALL,24150,2026-07-17
2026-07-17 10:57:00+05:30,30.0,30.1,29.05,29.7,182520,10352875,9.959211,24256.5,24500.0,24400,ATM+5,CALL,24150,2026-07-17
2026-07-17 10:58:00+05:30,29.55,30.7,29.5,30.6,287300,10351835,10.046575,24257.75,24500.0,24400,ATM+5,CALL,24150,2026-07-17
2026-07-17 10:59:00+05:30,30.65,30.65,29.85,30.0,239785,10340980,9.987763,24257.0,24500.0,24400,ATM+5,CALL,24150,2026-07-17
2026-07-17 11:00:00+05:30,29.75,31.4,29.75,30.8,377520,10360545,10.015033,24259.9,24500.0,24400,ATM+5,CALL,24150,2026-07-17
2026-07-17 11:01:00+05:30,30.65,31.15,29.5,29.8,387140,10408450,9.973782,24256.6,24500.0,24400,ATM+5,CALL,24150,2026-07-17
2026-07-17 11:02:00+05:30,29.65,29.8,28.0,28.25,458120,10395710,9.98434,24248.55,24500.0,24400,ATM+5,CALL,24150,2026-07-17
2026-07-17 11:03:00+05:30,28.2,29.3,28.15,29.2,286130,10399155,10.072486,24250.15,24500.0,24400,ATM+5,CALL,24150,2026-07-17
2026-07-17 11:04:00+05:30,29.25,30.45,29.1,30.25,324545,10406435,9.994158,24258.15,24500.0,24400,ATM+5,CALL,24150,2026-07-17
2026-07-17 11:05:00+05:30,30.25,31.45,30.25,30.75,494325,10460125,9.948564,24262.2,24500.0,24400,ATM+5,CALL,24150,2026-07-17
2026-07-17 11:06:00+05:30,30.3,31.25,29.75,31.25,319865,10445760,10.024439,24261.9,24500.0,24400,ATM+5,CALL,24150,2026-07-17
2026-07-17 11:07:00+05:30,31.25,31.3,27.75,27.85,588705,10436660,9.998876,24246.15,24500.0,24400,ATM+5,CALL,24150,2026-07-17
2026-07-17 11:08:00+05:30,27.75,27.85,26.0,26.9,814840,10384790,10.076686,24238.35,24500.0,24400,ATM+5,CALL,24150,2026-07-17
2026-07-17 11:09:00+05:30,27.05,27.55,26.55,27.25,592410,10461555,10.031675,24241.9,24500.0,24400,ATM+5,CALL,24150,2026-07-17
2026-07-17 11:10:00+05:30,27.2,27.6,26.2,26.3,679250,10789870,9.977879,24238.9,24500.0,24400,ATM+5,CALL,24150,2026-07-17
2026-07-17 11:11:00+05:30,26.3,27.5,26.2,27.15,361205,10781550,10.050482,24240.75,24500.0,24400,ATM+5,CALL,24150,2026-07-17
2026-07-17 11:12:00+05:30,27.1,27.65,26.8,27.5,222105,10798905,10.075327,24241.7,24500.0,24400,ATM+5,CALL,24150,2026-07-17
2026-07-17 11:13:00+05:30,27.5,27.55,26.1,26.35,375700,10786295,10.014728,24237.9,24500.0,24400,ATM+5,CALL,24150,2026-07-17
2026-07-17 11:14:00+05:30,26.35,27.6,25.95,27.35,445185,10769980,10.218057,24235.7,24500.0,24400,ATM+5,CALL,24150,2026-07-17
2026-07-17 11:15:00+05:30,27.05,27.7,26.8,27.25,205660,10778755,10.11714,24238.95,24500.0,24400,ATM+5,CALL,24150,2026-07-17
2026-07-17 11:16:00+05:30,27.25,27.4,25.75,26.1,416845,10819770,10.049734,24235.35,24500.0,24400,ATM+5,CALL,24150,2026-07-17
2026-07-17 11:17:00+05:30,26.0,27.2,26.0,26.45,375960,10873135,9.989986,24239.5,24500.0,24400,ATM+5,CALL,24150,2026-07-17
2026-07-17 11:18:00+05:30,26.4,26.5,25.5,25.6,351065,10922925,9.937748,24236.9,24500.0,24400,ATM+5,CALL,24150,2026-07-17
2026-07-17 11:19:00+05:30,25.65,26.65,25.15,26.3,398125,10924745,9.91262,24241.65,24500.0,24400,ATM+5,CALL,24150,2026-07-17
2026-07-17 11:20:00+05:30,26.35,26.95,26.2,26.55,481650,10961990,9.94665,24241.75,24500.0,24400,ATM+5,CALL,24150,2026-07-17
2026-07-17 11:21:00+05:30,26.55,26.75,26.1,26.65,199030,11042265,9.963232,24241.7,24500.0,24400,ATM+5,CALL,24150,2026-07-17
2026-07-17 11:22:00+05:30,26.6,28.35,26.6,27.85,484640,11026535,9.923127,24249.45,24500.0,24400,ATM+5,CALL,24150,2026-07-17
2026-07-17 11:23:00+05:30,27.5,27.85,25.9,26.25,620230,11001380,9.995141,24238.45,24500.0,24400,ATM+5,CALL,24150,2026-07-17
2026-07-17 11:24:00+05:30,26.4,27.65,25.6,27.4,332605,10959520,9.950587,24246.2,24500.0,24400,ATM+5,CALL,24150,2026-07-17
2026-07-17 11:25:00+05:30,27.5,27.6,26.55,26.6,278070,10946390,9.932946,24242.7,24500.0,24400,ATM+5,CALL,24150,2026-07-17
2026-07-17 11:26:00+05:30,26.7,27.0,26.05,27.0,208585,10946000,10.025991,24241.4,24500.0,24400,ATM+5,CALL,24150,2026-07-17
2026-07-17 11:27:00+05:30,27.0,27.7,26.85,27.05,292110,10919935,9.977252,24243.5,24500.0,24400,ATM+5,CALL,24150,2026-07-17
2026-07-17 11:28:00+05:30,27.2,27.45,26.8,27.3,170755,10928775,9.967484,24245.2,24500.0,24400,ATM+5,CALL,24150,2026-07-17
2026-07-17 11:29:00+05:30,27.5,28.25,26.85,26.95,590850,10865075,9.978493,24243.0,24500.0,24400,ATM+5,CALL,24150,2026-07-17
2026-07-17 11:30:00+05:30,27.0,27.9,26.75,26.95,281515,10864295,9.948328,24244.15,24500.0,24400,ATM+5,CALL,24150,2026-07-17
2026-07-17 11:31:00+05:30,26.9,27.2,26.35,27.2,175305,10870145,9.929069,24246.2,24500.0,24400,ATM+5,CALL,24150,2026-07-17
2026-07-17 11:32:00+05:30,27.35,27.6,26.5,27.0,152360,10875150,9.992528,24242.85,24500.0,24400,ATM+5,CALL,24150,2026-07-17
2026-07-17 11:33:00+05:30,27.15,27.6,26.2,27.25,231725,10867415,9.863203,24248.95,24500.0,24400,ATM+5,CALL,24150,2026-07-17
2026-07-17 11:34:00+05:30,27.5,28.95,27.25,28.1,506155,10854935,9.882969,24252.6,24500.0,24400,ATM+5,CALL,24150,2026-07-17
2026-07-17 11:35:00+05:30,28.0,29.75,28.0,29.4,462215,10847005,9.897733,24258.55,24500.0,24400,ATM+5,CALL,24150,2026-07-17
2026-07-17 11:36:00+05:30,29.2,30.0,27.75,27.95,610610,10826010,9.912062,24250.85,24500.0,24400,ATM+5,CALL,24150,2026-07-17
2026-07-17 11:37:00+05:30,28.0,28.4,26.95,27.15,355225,10799555,9.908695,24246.9,24500.0,24400,ATM+5,CALL,24150,2026-07-17
2026-07-17 11:38:00+05:30,27.1,28.45,27.0,28.45,294970,10774790,9.973791,24251.2,24500.0,24400,ATM+5,CALL,24150,2026-07-17
2026-07-17 11:39:00+05:30,28.7,29.5,28.25,29.4,371865,10780900,9.943312,24257.05,24500.0,24400,ATM+5,CALL,24150,2026-07-17
2026-07-17 11:40:00+05:30,29.3,29.6,28.55,29.35,271115,10774790,9.897095,24258.5,24500.0,24400,ATM+5,CALL,24150,2026-07-17
2026-07-17 11:41:00+05:30,29.5,31.1,29.35,30.95,670800,10723960,9.978721,24263.3,24500.0,24400,ATM+5,CALL,24150,2026-07-17
2026-07-17 11:42:00+05:30,31.2,31.3,29.85,29.95,503100,10701730,9.899185,24261.4,24500.0,24400,ATM+5,CALL,24150,2026-07-17
2026-07-17 11:43:00+05:30,30.0,30.85,29.65,30.35,379925,10737870,9.934267,24262.1,24500.0,24400,ATM+5,CALL,24150,2026-07-17
2026-07-17 11:44:00+05:30,30.3,31.9,30.2,31.1,447980,10710050,9.891093,24267.2,24500.0,24400,ATM+5,CALL,24150,2026-07-17
2026-07-17 11:45:00+05:30,31.15,32.2,31.05,31.55,515190,10712520,9.827484,24271.55,24500.0,24400,ATM+5,CALL,24150,2026-07-17
2026-07-17 11:46:00+05:30,31.7,32.0,30.7,31.5,394940,10737350,9.893202,24269.05,24500.0,24400,ATM+5,CALL,24150,2026-07-17
2026-07-17 11:47:00+05:30,31.5,31.65,29.95,30.35,413985,10718825,9.818327,24266.35,24500.0,24400,ATM+5,CALL,24150,2026-07-17
2026-07-17 11:48:00+05:30,30.5,31.5,30.35,30.55,430365,10694385,9.80917,24267.65,24500.0,24400,ATM+5,CALL,24150,2026-07-17
2026-07-17 11:49:00+05:30,30.75,31.2,30.25,30.55,322010,10691200,9.810122,24267.65,24500.0,24400,ATM+5,CALL,24150,2026-07-17
2026-07-17 11:50:00+05:30,30.75,31.0,30.05,30.7,189085,10680215,9.747316,24270.6,24500.0,24400,ATM+5,CALL,24150,2026-07-17
2026-07-17 11:51:00+05:30,30.95,31.7,30.7,31.15,405730,10667930,9.757805,24272.35,24500.0,24400,ATM+5,CALL,24150,2026-07-17
2026-07-17 11:52:00+05:30,31.1,32.95,31.1,32.75,384020,10680540,9.924603,24273.85,24500.0,24400,ATM+5,CALL,24150,2026-07-17
2026-07-17 11:53:00+05:30,23.9,24.85,23.35,23.95,311870,3464955,9.921871,24278.7,24550.0,24400,ATM+5,CALL,24150,2026-07-17
2026-07-17 11:54:00+05:30,24.2,24.6,23.95,24.05,187395,3472560,9.929981,24279.0,24550.0,24400,ATM+5,CALL,24150,2026-07-17
2026-07-17 11:55:00+05:30,33.65,33.9,32.05,32.15,424385,10607870,9.822201,24274.8,24500.0,24400,ATM+5,CALL,24150,2026-07-17
2026-07-17 11:56:00+05:30,22.9,24.55,22.35,23.85,163020,3472430,9.866483,24280.35,24550.0,24400,ATM+5,CALL,24150,2026-07-17
2026-07-17 11:57:00+05:30,23.95,24.4,23.55,23.55,150085,3484390,9.848406,24279.35,24550.0,24400,ATM+5,CALL,24150,2026-07-17
2026-07-17 11:58:00+05:30,32.95,33.55,31.35,31.65,368225,10612160,9.754134,24275.0,24500.0,24400,ATM+5,CALL,24150,2026-07-17
2026-07-17 11:59:00+05:30,22.8,23.35,22.5,22.95,86125,3477695,9.798271,24277.85,24550.0,24400,ATM+5,CALL,24150,2026-07-17
2026-07-17 12:00:00+05:30,31.5,32.55,30.05,30.05,423670,10642905,9.661957,24270.9,24500.0,24400,ATM+5,CALL,24150,2026-07-17
2026-07-17 12:01:00+05:30,30.3,31.15,29.45,30.15,436345,10634000,9.754053,24268.15,24500.0,24400,ATM+5,CALL,24150,2026-07-17
2026-07-17 12:02:00+05:30,30.1,30.15,29.1,29.6,269100,10647325,9.705316,24267.3,24500.0,24400,ATM+5,CALL,24150,2026-07-17
2026-07-17 12:03:00+05:30,21.45,22.95,21.2,22.8,131430,3487250,9.840038,24275.5,24550.0,24400,ATM+5,CALL,24150,2026-07-17
2026-07-17 12:04:00+05:30,32.25,32.7,31.7,32.0,496730,10665395,9.809818,24274.85,24500.0,24400,ATM+5,CALL,24150,2026-07-17
2026-07-17 12:05:00+05:30,31.6,32.15,31.2,31.35,214695,10673325,9.743017,24274.25,24500.0,24400,ATM+5,CALL,24150,2026-07-17
2026-07-17 12:06:00+05:30,31.1,31.35,29.55,30.0,328770,10684830,9.748629,24267.8,24500.0,24400,ATM+5,CALL,24150,2026-07-17
2026-07-17 12:07:00+05:30,30.1,30.35,28.35,28.75,415415,10637965,9.705786,24263.35,24500.0,24400,ATM+5,CALL,24150,2026-07-17
2026-07-17 12:08:00+05:30,28.9,29.9,28.25,29.85,430885,10638745,9.721962,24268.1,24500.0,24400,ATM+5,CALL,24150,2026-07-17
2026-07-17 12:09:00+05:30,29.9,31.4,29.85,31.05,447655,10650380,9.708836,24274.2,24500.0,24400,ATM+5,CALL,24150,2026-07-17
2026-07-17 12:10:00+05:30,30.85,32.45,30.85,31.4,400335,10672480,9.761488,24274.0,24500.0,24400,ATM+5,CALL,24150,2026-07-17
2026-07-17 12:11:00+05:30,31.35,31.4,30.25,30.55,280800,10684765,9.720306,24271.55,24500.0,24400,ATM+5,CALL,24150,2026-07-17
2026-07-17 12:12:00+05:30,21.8,22.75,21.65,22.25,73320,3498430,9.753375,24275.9,24550.0,24400,ATM+5,CALL,24150,2026-07-17
2026-07-17 12:13:00+05:30,31.15,31.9,29.6,29.95,186485,10685805,9.672183,24270.5,24500.0,24400,ATM+5,CALL,24150,2026-07-17
2026-07-17 12:14:00+05:30,21.55,22.85,21.45,22.55,83850,3490955,9.784764,24276.55,24550.0,24400,ATM+5,CALL,24150,2026-07-17
2026-07-17 12:15:00+05:30,22.75,22.95,22.45,22.95,70265,3492710,9.744357,24280.5,24550.0,24400,ATM+5,CALL,24150,2026-07-17
2026-07-17 12:16:00+05:30,31.75,32.15,29.75,29.95,412750,10689445,9.567171,24274.3,24500.0,24400,ATM+5,CALL,24150,2026-07-17
2026-07-17 12:17:00+05:30,30.0,30.25,28.85,30.2,310375,10696660,9.661021,24272.2,24500.0,24400,ATM+5,CALL,24150,2026-07-17
2026-07-17 12:18:00+05:30,21.7,22.7,21.6,22.7,85735,3494075,9.834946,24275.65,24550.0,24400,ATM+5,CALL,24150,2026-07-17
2026-07-17 12:19:00+05:30,22.6,22.7,21.85,21.85,72605,3501030,9.709378,24275.45,24550.0,24400,ATM+5,CALL,24150,2026-07-17
2026-07-17 12:20:00+05:30,21.95,22.7,21.85,22.65,105300,3511170,9.69674,24280.75,24550.0,24400,ATM+5,CALL,24150,2026-07-17
2026-07-17 12:21:00+05:30,22.5,22.65,22.0,22.0,38740,3510065,9.630081,24279.5,24550.0,24400,ATM+5,CALL,24150,2026-07-17
2026-07-17 12:22:00+05:30,30.7,30.7,29.75,30.7,306215,10722725,9.740645,24271.9,24500.0,24400,ATM+5,CALL,24150,2026-07-17
2026-07-17 12:23:00+05:30,22.35,23.6,22.0,23.05,155155,3504995,9.752745,24281.05,24550.0,24400,ATM+5,CALL,24150,2026-07-17
2026-07-17 12:24:00+05:30,23.2,23.65,22.9,23.35,118755,3491735,9.780894,24281.75,24550.0,24400,ATM+5,CALL,24150,2026-07-17
2026-07-17 12:25:00+05:30,23.3,25.35,23.3,23.9,321100,3482115,9.944865,24278.7,24550.0,24400,ATM+5,CALL,24150,2026-07-17
2026-07-17 12:26:00+05:30,23.85,24.25,23.1,23.5,162370,3482115,9.921934,24277.3,24550.0,24400,ATM+5,CALL,24150,2026-07-17
2026-07-17 12:27:00+05:30,23.0,24.2,23.0,23.45,87165,3476005,9.882618,24278.55,24550.0,24400,ATM+5,CALL,24150,2026-07-17
2026-07-17 12:28:00+05:30,23.6,24.15,23.25,23.7,82095,3485170,9.938483,24277.9,24550.0,24400,ATM+5,CALL,24150,2026-07-17
2026-07-17 12:29:00+05:30,23.55,23.75,22.9,23.2,76895,3495635,9.869981,24277.65,24550.0,24400,ATM+5,CALL,24150,2026-07-17
2026-07-17 12:30:00+05:30,32.0,32.15,31.25,31.9,287365,10654475,9.830285,24274.55,24500.0,24400,ATM+5,CALL,24150,2026-07-17
2026-07-17 12:31:00+05:30,23.1,23.6,22.6,23.4,59865,3480100,9.916723,24277.1,24550.0,24400,ATM+5,CALL,24150,2026-07-17
2026-07-17 12:32:00+05:30,32.5,33.0,31.55,31.8,282230,10674235,9.842146,24273.75,24500.0,24400,ATM+5,CALL,24150,2026-07-17
2026-07-17 12:33:00+05:30,22.85,23.7,22.7,23.6,67795,3487575,9.861291,24280.45,24550.0,24400,ATM+5,CALL,24150,2026-07-17
2026-07-17 12:34:00+05:30,23.75,24.35,23.55,23.55,154050,3486665,9.836325,24281.15,24550.0,24400,ATM+5,CALL,24150,2026-07-17
2026-07-17 12:35:00+05:30,23.6,23.95,23.2,23.3,56095,3504735,9.79549,24281.3,24550.0,24400,ATM+5,CALL,24150,2026-07-17
2026-07-17 12:36:00+05:30,23.45,23.7,23.05,23.2,88595,3506555,9.772098,24281.65,24550.0,24400,ATM+5,CALL,24150,2026-07-17
2026-07-17 12:37:00+05:30,23.15,23.55,22.4,22.4,71890,3499600,9.722336,24278.9,24550.0,24400,ATM+5,CALL,24150,2026-07-17
2026-07-17 12:38:00+05:30,22.4,22.75,21.8,22.35,168545,3509350,9.72594,24278.5,24550.0,24400,ATM+5,CALL,24150,2026-07-17
2026-07-17 12:39:00+05:30,22.65,22.7,22.0,22.2,51350,3520465,9.723122,24277.75,24550.0,24400,ATM+5,CALL,24150,2026-07-17
2026-07-17 12:40:00+05:30,30.9,31.25,29.5,29.5,517465,10806835,9.748968,24266.55,24500.0,24400,ATM+5,CALL,24150,2026-07-17
2026-07-17 12:41:00+05:30,29.55,30.2,28.3,30.2,504790,10801505,9.773269,24269.05,24500.0,24400,ATM+5,CALL,24150,2026-07-17
2026-07-17 12:42:00+05:30,21.85,22.9,21.7,22.75,160550,3533335,9.748312,24280.15,24550.0,24400,ATM+5,CALL,24150,2026-07-17
2026-07-17 12:43:00+05:30,31.85,31.9,30.15,30.6,279370,10801960,9.658756,24275.0,24500.0,24400,ATM+5,CALL,24150,2026-07-17
2026-07-17 12:44:00+05:30,21.9,22.75,21.9,22.45,89830,3533335,9.784659,24277.05,24550.0,24400,ATM+5,CALL,24150,2026-07-17
2026-07-17 12:45:00+05:30,22.8,24.5,22.45,24.25,273390,3538990,9.890101,24283.5,24550.0,24400,ATM+5,CALL,24150,2026-07-17
2026-07-17 12:46:00+05:30,24.2,24.25,23.5,23.7,93665,3543865,9.841475,24282.25,24550.0,24400,ATM+5,CALL,24150,2026-07-17
2026-07-17 12:47:00+05:30,23.9,24.25,23.7,24.15,82290,3556800,9.796372,24286.55,24550.0,24400,ATM+5,CALL,24150,2026-07-17
2026-07-17 12:48:00+05:30,24.35,24.9,23.8,24.85,183950,3562325,9.88252,24287.25,24550.0,24400,ATM+5,CALL,24150,2026-07-17
2026-07-17 12:49:00+05:30,25.45,28.45,24.85,26.7,1077440,3569150,9.970683,24294.0,24550.0,24400,ATM+5,CALL,24150,2026-07-17
2026-07-17 12:50:00+05:30,26.65,26.7,23.5,23.6,361660,3443960,9.794674,24283.6,24550.0,24400,ATM+5,CALL,24150,2026-07-17
2026-07-17 12:51:00+05:30,23.15,23.65,22.8,23.35,268580,3480620,9.816929,24281.35,24550.0,24400,ATM+5,CALL,24150,2026-07-17
2026-07-17 12:52:00+05:30,23.5,23.55,22.45,22.45,182260,3446820,9.722056,24279.75,24550.0,24400,ATM+5,CALL,24150,2026-07-17
2026-07-17 12:53:00+05:30,31.2,31.7,29.75,30.45,676520,10285990,9.719824,24272.5,24500.0,24400,ATM+5,CALL,24150,2026-07-17
2026-07-17 12:54:00+05:30,30.5,30.5,29.4,30.05,418600,10272730,9.627563,24273.9,24500.0,24400,ATM+5,CALL,24150,2026-07-17
2026-07-17 12:55:00+05:30,30.0,31.25,29.5,29.8,426140,10282805,9.671953,24271.2,24500.0,24400,ATM+5,CALL,24150,2026-07-17
2026-07-17 12:56:00+05:30,29.6,30.95,29.55,30.7,215345,10293985,9.697217,24274.55,24500.0,24400,ATM+5,CALL,24150,2026-07-17
2026-07-17 12:57:00+05:30,22.05,23.6,22.0,23.0,166595,3467750,9.795517,24280.35,24550.0,24400,ATM+5,CALL,24150,2026-07-17
2026-07-17 12:58:00+05:30,22.95,23.4,22.3,22.4,118430,3477045,9.740801,24278.95,24550.0,24400,ATM+5,CALL,24150,2026-07-17
2026-07-17 12:59:00+05:30,22.5,23.55,22.4,23.4,105495,3486210,9.780889,24283.3,24550.0,24400,ATM+5,CALL,24150,2026-07-17
2026-07-17 13:00:00+05:30,23.6,24.0,22.9,23.05,98150,3485430,9.741839,24282.8,24550.0,24400,ATM+5,CALL,24150,2026-07-17
2026-07-17 13:01:00+05:30,23.15,24.35,23.0,23.2,94250,3490370,9.74065,24283.75,24550.0,24400,ATM+5,CALL,24150,2026-07-17
2026-07-17 13:02:00+05:30,23.15,23.2,22.2,22.2,82680,3512405,9.721418,24278.65,24550.0,24400,ATM+5,CALL,24150,2026-07-17
2026-07-17 13:03:00+05:30,22.25,22.7,21.7,22.2,100425,3507335,9.669101,24280.7,24550.0,24400,ATM+5,CALL,24150,2026-07-17
2026-07-17 13:04:00+05:30,22.3,22.95,22.2,22.45,44785,3508635,9.730759,24279.85,24550.0,24400,ATM+5,CALL,24150,2026-07-17
2026-07-17 13:05:00+05:30,22.35,22.45,21.9,22.2,66560,3511950,9.660571,24281.1,24550.0,24400,ATM+5,CALL,24150,2026-07-17
2026-07-17 13:06:00+05:30,22.3,22.7,22.0,22.55,52585,3515980,9.641038,24283.95,24550.0,24400,ATM+5,CALL,24150,2026-07-17
2026-07-17 13:07:00+05:30,22.6,23.1,21.45,21.55,169390,3522480,9.6816,24276.45,24550.0,24400,ATM+5,CALL,24150,2026-07-17
2026-07-17 13:08:00+05:30,21.45,22.2,21.45,21.9,90025,3527485,9.651925,24279.75,24550.0,24400,ATM+5,CALL,24150,2026-07-17
2026-07-17 13:09:00+05:30,21.75,22.15,21.5,21.55,93405,3525080,9.643475,24278.0,24550.0,24400,ATM+5,CALL,24150,2026-07-17
2026-07-17 13:10:00+05:30,21.6,22.0,21.55,21.8,49790,3546270,9.644704,24279.5,24550.0,24400,ATM+5,CALL,24150,2026-07-17
2026-07-17 13:11:00+05:30,21.9,22.2,21.6,21.7,54665,3541070,9.635213,24279.3,24550.0,24400,ATM+5,CALL,24150,2026-07-17
2026-07-17 13:12:00+05:30,21.65,21.9,20.95,20.95,101790,3552055,9.568417,24277.35,24550.0,24400,ATM+5,CALL,24150,2026-07-17
2026-07-17 13:13:00+05:30,21.15,21.75,20.95,21.5,87035,3551340,9.679372,24276.45,24550.0,24400,ATM+5,CALL,24150,2026-07-17
2026-07-17 13:14:00+05:30,21.65,22.25,21.5,21.85,70655,3542110,9.577087,24282.55,24550.0,24400,ATM+5,CALL,24150,2026-07-17
2026-07-17 13:15:00+05:30,30.1,30.4,27.25,27.95,860275,10394020,9.420693,24271.9,24500.0,24400,ATM+5,CALL,24150,2026-07-17
2026-07-17 13:16:00+05:30,27.95,28.6,27.8,28.45,285090,10390770,9.464309,24272.8,24500.0,24400,ATM+5,CALL,24150,2026-07-17
2026-07-17 13:17:00+05:30,20.3,20.7,19.95,20.45,98085,3550430,9.543295,24275.4,24550.0,24400,ATM+5,CALL,24150,2026-07-17
2026-07-17 13:18:00+05:30,28.85,29.65,28.3,28.8,283920,10415860,9.520678,24272.55,24500.0,24400,ATM+5,CALL,24150,2026-07-17
2026-07-17 13:19:00+05:30,28.75,28.85,27.85,28.2,285220,10438610,9.389381,24274.35,24500.0,24400,ATM+5,CALL,24150,2026-07-17
2026-07-17 13:20:00+05:30,20.1,20.8,20.0,20.4,99775,3566680,9.489492,24277.3,24550.0,24400,ATM+5,CALL,24150,2026-07-17
2026-07-17 13:21:00+05:30,20.4,20.5,19.8,19.8,109915,3557645,9.390038,24277.45,24550.0,24400,ATM+5,CALL,24150,2026-07-17
2026-07-17 13:22:00+05:30,28.15,28.25,27.6,28.15,187785,10472410,9.38537,24274.35,24500.0,24400,ATM+5,CALL,24150,2026-07-17
2026-07-17 13:23:00+05:30,28.25,28.6,27.2,27.5,255970,10441730,9.446383,24269.05,24500.0,24400,ATM+5,CALL,24150,2026-07-17
2026-07-17 13:24:00+05:30,27.55,28.0,26.1,26.2,577395,10432825,9.338997,24266.45,24500.0,24400,ATM+5,CALL,24150,2026-07-17
2026-07-17 13:25:00+05:30,26.15,27.4,25.55,27.4,561210,10410140,9.445646,24268.65,24500.0,24400,ATM+5,CALL,24150,2026-07-17
2026-07-17 13:26:00+05:30,27.7,27.9,26.15,26.45,317005,10390705,9.416035,24265.0,24500.0,24400,ATM+5,CALL,24150,2026-07-17
2026-07-17 13:27:00+05:30,26.45,26.55,25.4,25.4,270985,10404095,9.355403,24261.85,24500.0,24400,ATM+5,CALL,24150,2026-07-17
2026-07-17 13:28:00+05:30,25.6,26.05,25.35,25.9,337805,10398180,9.460359,24260.65,24500.0,24400,ATM+5,CALL,24150,2026-07-17
2026-07-17 13:29:00+05:30,25.9,27.25,25.85,26.3,366405,10413520,9.334062,24267.3,24500.0,24400,ATM+5,CALL,24150,2026-07-17
2026-07-17 13:30:00+05:30,26.65,27.25,26.15,27.05,218985,10433345,9.371169,24269.75,24500.0,24400,ATM+5,CALL,24150,2026-07-17
2026-07-17 13:31:00+05:30,27.05,28.2,26.6,26.8,439205,10427885,9.384829,24268.05,24500.0,24400,ATM+5,CALL,24150,2026-07-17
2026-07-17 13:32:00+05:30,26.9,27.25,25.95,26.75,286000,10430550,9.421924,24266.5,24500.0,24400,ATM+5,CALL,24150,2026-07-17
2026-07-17 13:33:00+05:30,26.6,26.75,25.9,26.3,176930,10438675,9.430532,24263.95,24500.0,24400,ATM+5,CALL,24150,2026-07-17
2026-07-17 13:34:00+05:30,26.3,27.0,25.85,26.75,218400,10435360,9.446022,24265.7,24500.0,24400,ATM+5,CALL,24150,2026-07-17
2026-07-17 13:35:00+05:30,26.95,27.9,26.75,27.3,231985,10428860,9.470499,24267.6,24500.0,24400,ATM+5,CALL,24150,2026-07-17
2026-07-17 13:36:00+05:30,27.45,28.8,27.3,27.55,533975,10450830,9.444371,24269.8,24500.0,24400,ATM+5,CALL,24150,2026-07-17
2026-07-17 13:37:00+05:30,27.45,28.0,26.05,26.3,376480,10492170,9.413497,24264.7,24500.0,24400,ATM+5,CALL,24150,2026-07-17
2026-07-17 13:38:00+05:30,26.3,26.6,25.8,25.9,335075,10493470,9.327682,24265.8,24500.0,24400,ATM+5,CALL,24150,2026-07-17
2026-07-17 13:39:00+05:30,26.15,26.85,25.9,26.3,175240,10504390,9.282176,24269.5,24500.0,24400,ATM+5,CALL,24150,2026-07-17
2026-07-17 13:40:00+05:30,26.25,26.3,23.9,24.15,783445,10552945,9.285494,24258.25,24500.0,24400,ATM+5,CALL,24150,2026-07-17
2026-07-17 13:41:00+05:30,24.45,24.85,23.15,24.85,693485,10528895,9.485829,24254.65,24500.0,24400,ATM+5,CALL,24150,2026-07-17
2026-07-17 13:42:00+05:30,24.85,24.85,23.15,23.6,534820,10449010,9.396734,24251.2,24500.0,24400,ATM+5,CALL,24150,2026-07-17
2026-07-17 13:43:00+05:30,23.6,23.75,22.85,23.65,484250,10423725,9.481508,24248.35,24500.0,24400,ATM+5,CALL,24150,2026-07-17
2026-07-17 13:44:00+05:30,23.5,24.05,22.75,23.7,515580,10429640,9.331346,24254.25,24500.0,24400,ATM+5,CALL,24150,2026-07-17
2026-07-17 13:45:00+05:30,23.55,24.05,23.1,23.75,311090,10396425,9.389438,24252.4,24500.0,24400,ATM+5,CALL,24150,2026-07-17
2026-07-17 13:46:00+05:30,23.75,23.95,21.6,21.6,700440,10384205,9.260721,24245.1,24500.0,24400,ATM+5,CALL,24150,2026-07-17
2026-07-17 13:47:00+05:30,21.95,22.05,20.75,21.2,1118520,10322910,9.367213,24238.7,24500.0,24400,ATM+5,CALL,24150,2026-07-17
2026-07-17 13:48:00+05:30,21.15,22.0,21.05,21.85,811850,9913020,9.249501,24247.05,24500.0,24400,ATM+5,CALL,24150,2026-07-17
2026-07-17 13:49:00+05:30,21.85,22.0,21.0,21.05,523250,9848670,9.313021,24239.95,24500.0,24400,ATM+5,CALL,24150,2026-07-17
2026-07-17 13:50:00+05:30,21.0,21.2,20.15,20.6,850915,9764885,9.5768,24227.05,24500.0,24400,ATM+5,CALL,24150,2026-07-17
2026-07-17 13:51:00+05:30,28.45,28.55,25.75,26.65,651300,3759470,9.461883,24215.95,24450.0,24400,ATM+5,CALL,24150,2026-07-17
2026-07-17 13:52:00+05:30,26.65,27.9,26.6,27.45,255580,3713060,9.394698,24222.35,24450.0,24400,ATM+5,CALL,24150,2026-07-17
2026-07-17 13:53:00+05:30,19.8,20.15,19.55,19.95,628355,9452170,9.418404,24229.25,24500.0,24400,ATM+5,CALL,24150,2026-07-17
2026-07-17 13:54:00+05:30,20.05,20.45,19.6,20.25,1034735,9543560,9.396978,24232.0,24500.0,24400,ATM+5,CALL,24150,2026-07-17
2026-07-17 13:55:00+05:30,20.1,20.85,19.6,20.7,451490,9801220,9.353221,24236.5,24500.0,24400,ATM+5,CALL,24150,2026-07-17
2026-07-17 13:56:00+05:30,20.65,20.7,19.7,20.2,348985,9836060,9.371491,24232.75,24500.0,24400,ATM+5,CALL,24150,2026-07-17
2026-07-17 13:57:00+05:30,20.2,20.75,20.2,20.75,345410,9833785,9.435554,24233.7,24500.0,24400,ATM+5,CALL,24150,2026-07-17
2026-07-17 13:58:00+05:30,20.8,21.4,20.45,21.25,443300,9787570,9.413856,24237.6,24500.0,24400,ATM+5,CALL,24150,2026-07-17
2026-07-17 13:59:00+05:30,21.3,24.4,21.25,23.7,1154400,9743890,9.456874,24250.1,24500.0,24400,ATM+5,CALL,24150,2026-07-17
2026-07-17 14:00:00+05:30,23.25,24.0,22.65,23.55,635765,9770020,9.470409,24248.8,24500.0,24400,ATM+5,CALL,24150,2026-07-17
2026-07-17 14:01:00+05:30,23.6,23.8,22.7,23.35,450580,9807395,9.495022,24246.8,24500.0,24400,ATM+5,CALL,24150,2026-07-17
2026-07-17 14:02:00+05:30,23.4,23.45,22.05,22.55,349245,9802910,9.460358,24243.6,24500.0,24400,ATM+5,CALL,24150,2026-07-17
2026-07-17 14:03:00+05:30,22.65,23.6,22.5,23.45,269945,9805900,9.526581,24246.25,24500.0,24400,ATM+5,CALL,24150,2026-07-17
2026-07-17 14:04:00+05:30,23.65,24.7,23.45,23.95,603460,9786335,9.49185,24250.35,24500.0,24400,ATM+5,CALL,24150,2026-07-17
2026-07-17 14:05:00+05:30,23.95,25.15,23.9,24.65,604435,9779510,9.477816,24254.7,24500.0,24400,ATM+5,CALL,24150,2026-07-17
2026-07-17 14:06:00+05:30,24.65,24.8,23.6,23.6,489385,9832550,9.460635,24249.65,24500.0,24400,ATM+5,CALL,24150,2026-07-17
2026-07-17 14:07:00+05:30,23.6,24.2,23.45,24.0,369330,9852895,9.483176,24251.05,24500.0,24400,ATM+5,CALL,24150,2026-07-17
2026-07-17 14:08:00+05:30,24.15,24.45,23.25,23.65,299520,9884160,9.430945,24251.1,24500.0,24400,ATM+5,CALL,24150,2026-07-17
2026-07-17 14:09:00+05:30,23.6,24.4,23.6,24.15,238290,9895210,9.455824,24252.95,24500.0,24400,ATM+5,CALL,24150,2026-07-17
2026-07-17 14:10:00+05:30,24.4,24.85,24.05,24.7,345085,9852830,9.508826,24254.0,24500.0,24400,ATM+5,CALL,24150,2026-07-17
2026-07-17 14:11:00+05:30,24.95,26.95,24.7,26.75,927550,9763195,9.493185,24265.25,24500.0,24400,ATM+5,CALL,24150,2026-07-17
2026-07-17 14:12:00+05:30,26.5,28.35,26.4,27.4,1184625,9695140,9.406734,24271.6,24500.0,24400,ATM+5,CALL,24150,2026-07-17
2026-07-17 14:13:00+05:30,19.6,21.9,19.6,21.3,600795,3738215,9.68375,24277.25,24550.0,24400,ATM+5,CALL,24150,2026-07-17
2026-07-17 14:14:00+05:30,21.7,23.75,21.25,23.75,643370,3729505,9.978757,24280.55,24550.0,24400,ATM+5,CALL,24150,2026-07-17
2026-07-17 14:15:00+05:30,16.7,29.35,16.45,28.35,3836755,7413185,10.229285,24345.4,24600.0,24400,ATM+5,CALL,24150,2026-07-17
2026-07-17 14:16:00+05:30,28.8,36.75,26.15,36.2,4145115,7106320,10.789618,24362.9,24600.0,24400,ATM+5,CALL,24150,2026-07-17
2026-07-17 14:17:00+05:30,36.15,38.3,30.35,31.4,3087760,7043465,10.597577,24347.45,24600.0,24400,ATM+5,CALL,24150,2026-07-17
2026-07-17 14:18:00+05:30,29.3,31.4,25.95,26.95,2228850,7071935,10.379078,24332.7,24600.0,24400,ATM+5,CALL,24150,2026-07-17
2026-07-17 14:19:00+05:30,36.4,36.7,30.5,30.5,1255215,3564535,10.188505,24308.45,24550.0,24400,ATM+5,CALL,24150,2026-07-17
2026-07-17 14:20:00+05:30,31.0,33.45,30.5,31.15,861380,3605030,10.155143,24312.75,24550.0,24400,ATM+5,CALL,24150,2026-07-17
2026-07-17 14:21:00+05:30,31.05,32.5,29.6,30.15,935220,3486145,10.117272,24309.35,24550.0,24400,ATM+5,CALL,24150,2026-07-17
2026-07-17 14:22:00+05:30,30.2,30.25,27.8,27.8,619710,3502655,10.027334,24300.95,24550.0,24400,ATM+5,CALL,24150,2026-07-17
2026-07-17 14:23:00+05:30,27.15,28.7,26.95,26.95,516880,3410875,10.134231,24292.7,24550.0,24400,ATM+5,CALL,24150,2026-07-17
2026-07-17 14:24:00+05:30,27.1,27.85,26.8,27.55,362830,3365440,10.067177,24298.3,24550.0,24400,ATM+5,CALL,24150,2026-07-17
2026-07-17 14:25:00+05:30,27.5,30.1,26.8,29.7,529360,3329040,10.117547,24307.3,24550.0,24400,ATM+5,CALL,24150,2026-07-17
2026-07-17 14:26:00+05:30,29.85,31.7,29.7,31.15,529555,3353415,10.204025,24311.25,24550.0,24400,ATM+5,CALL,24150,2026-07-17
2026-07-17 14:27:00+05:30,30.95,31.85,30.4,31.6,426270,3371745,10.274285,24310.95,24550.0,24400,ATM+5,CALL,24150,2026-07-17
2026-07-17 14:28:00+05:30,31.5,32.95,30.95,31.35,469885,3378700,10.283039,24309.5,24550.0,24400,ATM+5,CALL,24150,2026-07-17
2026-07-17 14:29:00+05:30,28.95,31.35,25.4,25.9,967005,3407430,10.13166,24287.4,24550.0,24400,ATM+5,CALL,24150,2026-07-17
2026-07-17 14:30:00+05:30,26.0,29.7,25.85,29.35,696735,3395665,10.148838,24304.65,24550.0,24400,ATM+5,CALL,24150,2026-07-17
2026-07-17 14:31:00+05:30,29.5,29.65,27.55,27.75,291460,3415490,10.047175,24300.3,24550.0,24400,ATM+5,CALL,24150,2026-07-17
2026-07-17 14:32:00+05:30,27.65,28.55,26.45,26.85,333125,3459560,9.951784,24299.15,24550.0,24400,ATM+5,CALL,24150,2026-07-17
2026-07-17 14:33:00+05:30,27.1,28.2,26.7,27.8,245115,3466970,10.187641,24295.55,24550.0,24400,ATM+5,CALL,24150,2026-07-17
2026-07-17 14:34:00+05:30,27.7,28.95,27.35,28.35,150865,3472105,10.198773,24298.0,24550.0,24400,ATM+5,CALL,24150,2026-07-17
2026-07-17 14:35:00+05:30,28.35,28.75,27.85,28.1,178295,3468465,10.146415,24298.65,24550.0,24400,ATM+5,CALL,24150,2026-07-17
2026-07-17 14:36:00+05:30,28.1,28.1,26.75,27.25,282685,3503370,10.175307,24293.25,24550.0,24400,ATM+5,CALL,24150,2026-07-17
2026-07-17 14:37:00+05:30,27.05,27.7,26.6,27.0,144365,3489590,10.14581,24293.05,24550.0,24400,ATM+5,CALL,24150,2026-07-17
2026-07-17 14:38:00+05:30,26.95,28.7,26.05,27.85,253825,3461510,10.1057,24298.95,24550.0,24400,ATM+5,CALL,24150,2026-07-17
2026-07-17 14:39:00+05:30,27.9,28.1,27.25,28.1,129675,3458845,10.171224,24297.9,24550.0,24400,ATM+5,CALL,24150,2026-07-17
2026-07-17 14:40:00+05:30,28.15,29.1,28.05,28.4,225550,3460210,10.100517,24302.0,24550.0,24400,ATM+5,CALL,24150,2026-07-17
2026-07-17 14:41:00+05:30,28.1,30.8,27.8,30.7,359450,3452995,10.141079,24311.85,24550.0,24400,ATM+5,CALL,24150,2026-07-17
2026-07-17 14:42:00+05:30,30.25,30.85,29.15,30.65,300950,3457220,10.176627,24310.4,24550.0,24400,ATM+5,CALL,24150,2026-07-17
2026-07-17 14:43:00+05:30,30.4,32.15,29.65,30.1,395655,3418155,10.054352,24312.1,24550.0,24400,ATM+5,CALL,24150,2026-07-17
2026-07-17 14:44:00+05:30,30.0,32.4,30.0,31.35,315055,3423940,10.065475,24317.65,24550.0,24400,ATM+5,CALL,24150,2026-07-17
2026-07-17 14:45:00+05:30,31.4,31.6,30.75,30.85,265655,3413150,9.946214,24319.5,24550.0,24400,ATM+5,CALL,24150,2026-07-17
2026-07-17 14:46:00+05:30,22.3,23.8,21.8,23.4,448890,7319130,10.0798,24325.05,24600.0,24400,ATM+5,CALL,24150,2026-07-17
2026-07-17 14:47:00+05:30,32.2,32.65,31.3,31.4,300040,3417505,9.961187,24321.6,24550.0,24400,ATM+5,CALL,24150,2026-07-17
2026-07-17 14:48:00+05:30,31.6,32.05,30.3,32.05,242255,3447015,10.087702,24320.25,24550.0,24400,ATM+5,CALL,24150,2026-07-17
2026-07-17 14:49:00+05:30,31.85,32.35,31.15,31.15,247845,3464760,9.860466,24324.0,24550.0,24400,ATM+5,CALL,24150,2026-07-17
2026-07-17 14:50:00+05:30,31.2,31.75,30.0,31.05,360230,3470545,9.963588,24320.0,24550.0,24400,ATM+5,CALL,24150,2026-07-17
2026-07-17 14:51:00+05:30,31.05,31.9,30.0,30.35,216775,3466125,9.955064,24317.05,24550.0,24400,ATM+5,CALL,24150,2026-07-17
2026-07-17 14:52:00+05:30,30.25,31.2,30.15,30.45,181090,3478735,9.896474,24319.6,24550.0,24400,ATM+5,CALL,24150,2026-07-17
2026-07-17 14:53:00+05:30,30.3,30.45,29.0,30.15,401375,3488485,9.831193,24320.5,24550.0,24400,ATM+5,CALL,24150,2026-07-17
2026-07-17 14:54:00+05:30,30.2,30.2,28.95,29.95,222040,3502720,9.792276,24320.95,24550.0,24400,ATM+5,CALL,24150,2026-07-17
2026-07-17 14:55:00+05:30,21.7,22.95,21.1,22.95,429390,7393750,9.957303,24327.4,24600.0,24400,ATM+5,CALL,24150,2026-07-17
2026-07-17 14:56:00+05:30,32.4,33.55,30.0,30.85,680225,3546790,9.801335,24324.9,24550.0,24400,ATM+5,CALL,24150,2026-07-17
2026-07-17 14:57:00+05:30,31.2,31.4,29.8,30.55,235885,3540875,9.857368,24321.6,24550.0,24400,ATM+5,CALL,24150,2026-07-17
2026-07-17 14:58:00+05:30,30.45,30.55,28.95,29.9,341705,3569605,9.935207,24315.85,24550.0,24400,ATM+5,CALL,24150,2026-07-17
2026-07-17 14:59:00+05:30,30.15,30.25,28.15,28.65,370175,3559855,9.880833,24311.75,24550.0,24400,ATM+5,CALL,24150,2026-07-17
2026-07-17 15:00:00+05:30,28.85,31.2,26.8,30.5,1545245,3527225,9.793109,24323.7,24550.0,24400,ATM+5,CALL,24150,2026-07-17
2026-07-17 15:01:00+05:30,21.85,23.85,21.05,22.05,1177670,7425405,9.869774,24325.6,24600.0,24400,ATM+5,CALL,24150,2026-07-17
2026-07-17 15:02:00+05:30,30.35,31.15,29.55,30.35,293410,3580915,9.756214,24324.35,24550.0,24400,ATM+5,CALL,24150,2026-07-17
2026-07-17 15:03:00+05:30,30.15,30.85,28.5,28.75,238940,3571100,9.723167,24317.95,24550.0,24400,ATM+5,CALL,24150,2026-07-17
2026-07-17 15:04:00+05:30,28.25,29.95,28.25,29.4,236145,3546400,9.696054,24322.05,24550.0,24400,ATM+5,CALL,24150,2026-07-17
2026-07-17 15:05:00+05:30,21.1,22.75,21.1,22.75,687115,7386795,9.932131,24327.55,24600.0,24400,ATM+5,CALL,24150,2026-07-17
2026-07-17 15:06:00+05:30,22.8,23.5,22.2,23.05,457535,7416110,9.909793,24330.2,24600.0,24400,ATM+5,CALL,24150,2026-07-17
2026-07-17 15:07:00+05:30,23.1,23.9,22.75,23.6,443755,7385105,9.886455,24334.3,24600.0,24400,ATM+5,CALL,24150,2026-07-17
2026-07-17 15:08:00+05:30,23.05,23.6,22.1,22.3,393900,7406685,9.745571,24332.1,24600.0,24400,ATM+5,CALL,24150,2026-07-17
2026-07-17 15:09:00+05:30,22.2,23.0,21.7,22.5,471250,7314385,9.73943,24333.55,24600.0,24400,ATM+5,CALL,24150,2026-07-17
2026-07-17 15:10:00+05:30,22.45,22.5,21.0,21.35,823420,7492485,9.607781,24331.75,24600.0,24400,ATM+5,CALL,24150,2026-07-17
2026-07-17 15:11:00+05:30,21.5,21.9,21.3,21.7,316420,7558005,9.650785,24332.25,24600.0,24400,ATM+5,CALL,24150,2026-07-17
2026-07-17 15:12:00+05:30,21.65,22.75,21.55,22.05,433810,7540910,9.606756,24336.05,24600.0,24400,ATM+5,CALL,24150,2026-07-17
2026-07-17 15:13:00+05:30,22.0,22.05,21.15,21.6,468260,7402005,9.567692,24334.9,24600.0,24400,ATM+5,CALL,24150,2026-07-17
2026-07-17 15:14:00+05:30,21.3,21.8,20.45,20.5,438555,7419425,9.553923,24328.75,24600.0,24400,ATM+5,CALL,24150,2026-07-17
2026-07-17 15:15:00+05:30,28.85,29.25,27.25,27.5,509990,3348475,9.395406,24323.85,24550.0,24400,ATM+5,CALL,24150,2026-07-17
2026-07-17 15:16:00+05:30,26.9,27.9,26.7,27.8,370175,3346525,9.464628,24322.9,24550.0,24400,ATM+5,CALL,24150,2026-07-17
2026-07-17 15:17:00+05:30,19.35,20.2,19.35,20.0,514280,7182630,9.558142,24325.55,24600.0,24400,ATM+5,CALL,24150,2026-07-17
2026-07-17 15:18:00+05:30,19.85,20.15,18.9,18.9,385970,7155525,9.295384,24328.8,24600.0,24400,ATM+5,CALL,24150,2026-07-17
2026-07-17 15:19:00+05:30,18.9,19.25,18.45,19.2,733200,7149220,9.340722,24329.0,24600.0,24400,ATM+5,CALL,24150,2026-07-17
2026-07-17 15:20:00+05:30,19.2,20.0,19.0,19.5,518570,7132450,9.289639,24332.95,24600.0,24400,ATM+5,CALL,24150,2026-07-17
2026-07-17 15:21:00+05:30,19.6,20.55,19.35,20.45,826930,7171515,9.43873,24333.15,24600.0,24400,ATM+5,CALL,24150,2026-07-17
2026-07-17 15:22:00+05:30,20.4,21.15,20.4,20.65,743730,7172295,9.375507,24336.85,24600.0,24400,ATM+5,CALL,24150,2026-07-17
2026-07-17 15:23:00+05:30,20.85,22.6,20.65,22.05,819260,7108725,9.567214,24337.95,24600.0,24400,ATM+5,CALL,24150,2026-07-17
2026-07-17 15:24:00+05:30,22.3,24.15,22.05,23.65,1250990,7125040,9.683689,24342.8,24600.0,24400,ATM+5,CALL,24150,2026-07-17
2026-07-17 15:25:00+05:30,23.95,25.7,23.65,24.9,1448005,7102680,9.811764,24345.0,24600.0,24400,ATM+5,CALL,24150,2026-07-17
2026-07-17 15:26:00+05:30,24.6,25.2,23.7,23.95,852085,7060820,9.7307,24342.8,24600.0,24400,ATM+5,CALL,24150,2026-07-17
2026-07-17 15:27:00+05:30,24.3,24.9,23.95,24.35,588705,7054190,9.759162,24344.0,24600.0,24400,ATM+5,CALL,24150,2026-07-17
2026-07-17 15:28:00+05:30,24.45,25.15,24.3,24.65,700570,7006935,9.928886,24339.4,24600.0,24400,ATM+5,CALL,24150,2026-07-17
2026-07-17 15:29:00+05:30,24.65,26.8,24.0,26.15,1081665,6902480,9.952449,24346.7,24600.0,24400,ATM+5,CALL,24150,2026-07-17
2026-07-17 09:15:00+05:30,320.0,351.25,305.95,305.95,107380,602290,16.649029,24151.25,24400.0,24400,ATM+5,PUT,24150,2026-07-17
2026-07-17 09:16:00+05:30,300.05,305.95,283.45,283.45,150475,613210,15.684121,24171.0,24400.0,24400,ATM+5,PUT,24150,2026-07-17
2026-07-17 09:17:00+05:30,323.75,330.1,320.0,322.85,17875,112645,16.546131,24176.15,24450.0,24400,ATM+5,PUT,24150,2026-07-17
2026-07-17 09:18:00+05:30,319.95,322.85,310.0,310.5,15990,118495,16.058813,24187.4,24450.0,24400,ATM+5,PUT,24150,2026-07-17
2026-07-17 09:19:00+05:30,310.1,315.95,305.8,311.8,17550,124540,16.239672,24187.85,24450.0,24400,ATM+5,PUT,24150,2026-07-17
2026-07-17 09:20:00+05:30,311.8,313.0,303.85,310.55,18005,133250,16.093836,24187.75,24450.0,24400,ATM+5,PUT,24150,2026-07-17
2026-07-17 09:21:00+05:30,311.95,315.4,308.65,311.4,11310,137085,16.031593,24185.75,24450.0,24400,ATM+5,PUT,24150,2026-07-17
2026-07-17 09:22:00+05:30,313.0,313.7,308.1,309.05,13455,139230,16.007437,24188.75,24450.0,24400,ATM+5,PUT,24150,2026-07-17
2026-07-17 09:23:00+05:30,309.15,313.4,308.0,313.4,10595,142415,16.28799,24186.15,24450.0,24400,ATM+5,PUT,24150,2026-07-17
2026-07-17 09:24:00+05:30,312.35,313.4,304.75,304.75,15925,145405,15.778513,24191.9,24450.0,24400,ATM+5,PUT,24150,2026-07-17
2026-07-17 09:25:00+05:30,306.3,306.3,298.6,301.45,18850,144430,15.955447,24198.85,24450.0,24400,ATM+5,PUT,24150,2026-07-17
2026-07-17 09:26:00+05:30,299.95,303.4,297.2,302.8,6110,148460,16.177365,24199.8,24450.0,24400,ATM+5,PUT,24150,2026-07-17
2026-07-17 09:27:00+05:30,302.5,304.45,296.2,298.4,17290,149565,15.92905,24202.85,24450.0,24400,ATM+5,PUT,24150,2026-07-17
2026-07-17 09:28:00+05:30,299.65,301.9,298.15,298.15,21515,158600,16.05083,24204.8,24450.0,24400,ATM+5,PUT,24150,2026-07-17
2026-07-17 09:29:00+05:30,297.85,299.15,293.0,293.2,10855,171145,15.904789,24210.0,24450.0,24400,ATM+5,PUT,24150,2026-07-17
2026-07-17 09:30:00+05:30,293.45,301.8,290.5,299.4,17030,178100,16.105871,24203.7,24450.0,24400,ATM+5,PUT,24150,2026-07-17
2026-07-17 09:31:00+05:30,297.9,305.0,296.3,304.75,14755,182910,16.170351,24196.85,24450.0,24400,ATM+5,PUT,24150,2026-07-17
2026-07-17 09:32:00+05:30,303.55,308.15,297.85,297.85,11700,184860,16.052192,24205.2,24450.0,24400,ATM+5,PUT,24150,2026-07-17
2026-07-17 09:33:00+05:30,297.0,299.8,292.0,293.75,9490,188175,16.020691,24210.7,24450.0,24400,ATM+5,PUT,24150,2026-07-17
2026-07-17 09:34:00+05:30,292.05,301.15,288.75,301.15,9685,190125,16.517354,24206.6,24450.0,24400,ATM+5,PUT,24150,2026-07-17
2026-07-17 09:35:00+05:30,298.45,301.15,296.4,296.75,4095,191815,16.074783,24207.05,24450.0,24400,ATM+5,PUT,24150,2026-07-17
2026-07-17 09:36:00+05:30,297.45,302.85,295.65,295.65,23595,194545,16.132452,24209.4,24450.0,24400,ATM+5,PUT,24150,2026-07-17
2026-07-17 09:37:00+05:30,296.25,297.35,290.05,290.6,5720,183365,16.09573,24216.25,24450.0,24400,ATM+5,PUT,24150,2026-07-17
2026-07-17 09:38:00+05:30,289.9,291.95,286.65,289.0,11830,186745,16.311464,24221.55,24450.0,24400,ATM+5,PUT,24150,2026-07-17
2026-07-17 09:39:00+05:30,286.75,291.2,286.35,290.6,9360,191425,16.309594,24219.15,24450.0,24400,ATM+5,PUT,24150,2026-07-17
2026-07-17 09:40:00+05:30,291.05,292.45,287.0,289.15,6240,195000,16.293338,24221.05,24450.0,24400,ATM+5,PUT,24150,2026-07-17
2026-07-17 09:41:00+05:30,288.25,291.25,287.1,289.5,10140,196300,16.414551,24222.2,24450.0,24400,ATM+5,PUT,24150,2026-07-17
2026-07-17 09:42:00+05:30,288.9,290.0,286.2,287.05,4745,201110,16.334359,24224.7,24450.0,24400,ATM+5,PUT,24150,2026-07-17
2026-07-17 09:43:00+05:30,328.0,329.1,324.0,326.0,52195,1240265,16.815158,24225.15,24500.0,24400,ATM+5,PUT,24150,2026-07-17
2026-07-17 09:44:00+05:30,324.65,331.0,320.0,323.85,71760,1238965,17.058593,24231.3,24500.0,24400,ATM+5,PUT,24150,2026-07-17
2026-07-17 09:45:00+05:30,323.0,323.85,312.8,320.6,113100,1248845,16.948475,24234.5,24500.0,24400,ATM+5,PUT,24150,2026-07-17
2026-07-17 09:46:00+05:30,320.1,323.6,316.6,318.8,46150,1268670,17.281079,24241.45,24500.0,24400,ATM+5,PUT,24150,2026-07-17
2026-07-17 09:47:00+05:30,318.1,322.45,313.9,322.2,55185,1293305,17.267591,24236.35,24500.0,24400,ATM+5,PUT,24150,2026-07-17
2026-07-17 09:48:00+05:30,320.0,322.8,317.0,319.65,25285,1312155,17.270379,24240.05,24500.0,24400,ATM+5,PUT,24150,2026-07-17
2026-07-17 09:49:00+05:30,319.0,323.85,319.0,322.15,25220,1323205,17.30219,24236.85,24500.0,24400,ATM+5,PUT,24150,2026-07-17
2026-07-17 09:50:00+05:30,322.0,322.15,316.4,317.8,29640,1325090,17.307857,24243.2,24500.0,24400,ATM+5,PUT,24150,2026-07-17
2026-07-17 09:51:00+05:30,318.35,327.85,317.8,327.85,60970,1336985,17.32158,24228.9,24500.0,24400,ATM+5,PUT,24150,2026-07-17
2026-07-17 09:52:00+05:30,326.0,329.8,326.0,329.8,38480,1313130,17.617544,24229.95,24500.0,24400,ATM+5,PUT,24150,2026-07-17
2026-07-17 09:53:00+05:30,328.25,330.85,323.6,323.6,35555,1306305,17.179155,24233.1,24500.0,24400,ATM+5,PUT,24150,2026-07-17
2026-07-17 09:54:00+05:30,324.0,324.35,316.4,319.15,43485,1309880,17.2185,24240.0,24500.0,24400,ATM+5,PUT,24150,2026-07-17
2026-07-17 09:55:00+05:30,320.35,329.0,319.15,328.3,38545,1321125,17.475326,24230.2,24500.0,24400,ATM+5,PUT,24150,2026-07-17
2026-07-17 09:56:00+05:30,288.4,294.0,288.0,291.7,26845,268905,16.728055,24223.1,24450.0,24400,ATM+5,PUT,24150,2026-07-17
2026-07-17 09:57:00+05:30,291.2,297.35,291.2,294.1,19370,261560,16.715855,24219.35,24450.0,24400,ATM+5,PUT,24150,2026-07-17
2026-07-17 09:58:00+05:30,335.3,337.4,328.65,328.65,37570,1268605,17.428719,24229.05,24500.0,24400,ATM+5,PUT,24150,2026-07-17
2026-07-17 09:59:00+05:30,328.0,331.0,326.2,326.55,24830,1273740,17.182588,24228.85,24500.0,24400,ATM+5,PUT,24150,2026-07-17
2026-07-17 10:00:00+05:30,285.7,296.0,282.0,295.5,11830,261495,17.031942,24221.65,24450.0,24400,ATM+5,PUT,24150,2026-07-17
2026-07-17 10:01:00+05:30,294.7,303.5,290.5,301.0,23205,264810,16.951163,24212.35,24450.0,24400,ATM+5,PUT,24150,2026-07-17
2026-07-17 10:02:00+05:30,299.95,301.0,297.15,299.35,21255,265005,17.03246,24215.9,24450.0,24400,ATM+5,PUT,24150,2026-07-17
2026-07-17 10:03:00+05:30,298.5,300.3,296.35,296.35,8580,265330,16.644116,24214.95,24450.0,24400,ATM+5,PUT,24150,2026-07-17
2026-07-17 10:04:00+05:30,297.4,303.9,296.35,299.65,8970,267345,16.965687,24214.5,24450.0,24400,ATM+5,PUT,24150,2026-07-17
2026-07-17 10:05:00+05:30,299.25,300.45,294.0,294.0,7280,267735,16.853242,24221.3,24450.0,24400,ATM+5,PUT,24150,2026-07-17
2026-07-17 10:06:00+05:30,294.05,294.3,290.0,294.3,22230,266695,16.985716,24222.7,24450.0,24400,ATM+5,PUT,24150,2026-07-17
2026-07-17 10:07:00+05:30,335.25,336.45,331.9,331.9,14885,1264640,17.534396,24225.65,24500.0,24400,ATM+5,PUT,24150,2026-07-17
2026-07-17 10:08:00+05:30,332.15,336.45,330.05,330.65,11700,1265485,17.548128,24227.6,24500.0,24400,ATM+5,PUT,24150,2026-07-17
2026-07-17 10:09:00+05:30,329.6,330.7,323.65,329.5,48685,1274065,17.755428,24231.95,24500.0,24400,ATM+5,PUT,24150,2026-07-17
2026-07-17 10:10:00+05:30,329.5,332.0,328.0,330.75,21970,1288625,17.794591,24230.65,24500.0,24400,ATM+5,PUT,24150,2026-07-17
2026-07-17 10:11:00+05:30,331.4,332.2,329.0,329.0,15015,1288625,17.801399,24233.25,24500.0,24400,ATM+5,PUT,24150,2026-07-17
2026-07-17 10:12:00+05:30,329.0,329.0,320.05,321.0,44590,1289405,17.431759,24239.9,24500.0,24400,ATM+5,PUT,24150,2026-07-17
2026-07-17 10:13:00+05:30,320.0,321.0,316.5,319.4,41795,1307800,17.720855,24246.1,24500.0,24400,ATM+5,PUT,24150,2026-07-17
2026-07-17 10:14:00+05:30,319.85,325.2,319.4,325.0,39065,1322490,17.864469,24239.85,24500.0,24400,ATM+5,PUT,24150,2026-07-17
2026-07-17 10:15:00+05:30,323.55,325.15,318.1,319.05,21190,1317290,17.655863,24245.7,24500.0,24400,ATM+5,PUT,24150,2026-07-17
2026-07-17 10:16:00+05:30,318.7,319.05,316.0,317.7,41730,1324245,17.618312,24247.15,24500.0,24400,ATM+5,PUT,24150,2026-07-17
2026-07-17 10:17:00+05:30,317.55,317.7,307.45,307.9,69550,1330615,17.041977,24253.65,24500.0,24400,ATM+5,PUT,24150,2026-07-17
2026-07-17 10:18:00+05:30,308.55,311.0,282.85,283.95,209755,1370135,15.992538,24274.45,24500.0,24400,ATM+5,PUT,24150,2026-07-17
2026-07-17 10:19:00+05:30,287.75,295.0,283.95,293.6,146705,1397890,16.983219,24273.95,24500.0,24400,ATM+5,PUT,24150,2026-07-17
2026-07-17 10:20:00+05:30,292.75,298.0,289.25,297.45,108095,1444235,16.8795,24266.75,24500.0,24400,ATM+5,PUT,24150,2026-07-17
2026-07-17 10:21:00+05:30,296.4,299.5,293.9,297.9,83135,1457040,17.039592,24268.3,24500.0,24400,ATM+5,PUT,24150,2026-07-17
2026-07-17 10:22:00+05:30,298.0,300.8,296.3,299.5,46735,1478360,16.825682,24262.95,24500.0,24400,ATM+5,PUT,24150,2026-07-17
2026-07-17 10:23:00+05:30,299.65,304.0,299.5,302.1,45630,1466595,16.802509,24258.8,24500.0,24400,ATM+5,PUT,24150,2026-07-17
2026-07-17 10:24:00+05:30,302.2,304.95,301.35,301.85,36725,1464190,16.539472,24255.6,24500.0,24400,ATM+5,PUT,24150,2026-07-17
2026-07-17 10:25:00+05:30,301.5,304.05,297.5,298.65,47255,1467895,16.806839,24263.9,24500.0,24400,ATM+5,PUT,24150,2026-07-17
2026-07-17 10:26:00+05:30,298.55,300.7,298.1,299.0,12740,1473290,16.979104,24265.75,24500.0,24400,ATM+5,PUT,24150,2026-07-17
2026-07-17 10:27:00+05:30,299.1,300.55,295.1,298.3,45565,1479140,17.042037,24267.65,24500.0,24400,ATM+5,PUT,24150,2026-07-17
2026-07-17 10:28:00+05:30,296.7,298.3,292.15,294.05,35230,1479790,16.994457,24273.3,24500.0,24400,ATM+5,PUT,24150,2026-07-17
2026-07-17 10:29:00+05:30,333.0,333.45,326.35,326.35,6955,121030,17.369747,24281.55,24550.0,24400,ATM+5,PUT,24150,2026-07-17
2026-07-17 10:30:00+05:30,327.0,331.0,326.0,327.85,4615,127790,17.370567,24279.4,24550.0,24400,ATM+5,PUT,24150,2026-07-17
2026-07-17 10:31:00+05:30,326.65,327.85,324.35,324.65,3965,128700,17.303881,24283.1,24550.0,24400,ATM+5,PUT,24150,2026-07-17
2026-07-17 10:32:00+05:30,324.65,325.1,318.1,324.45,6695,127790,17.443271,24285.2,24550.0,24400,ATM+5,PUT,24150,2026-07-17
2026-07-17 10:33:00+05:30,326.15,331.95,324.45,327.8,8515,131040,17.387546,24279.65,24550.0,24400,ATM+5,PUT,24150,2026-07-17
2026-07-17 10:34:00+05:30,327.95,328.7,325.4,325.4,1690,133445,17.481,24284.3,24550.0,24400,ATM+5,PUT,24150,2026-07-17
2026-07-17 10:35:00+05:30,286.0,297.0,285.95,296.1,97825,1651715,17.14106,24272.2,24500.0,24400,ATM+5,PUT,24150,2026-07-17
2026-07-17 10:36:00+05:30,296.0,298.0,294.3,295.85,39260,1628575,17.136911,24272.5,24500.0,24400,ATM+5,PUT,24150,2026-07-17
2026-07-17 10:37:00+05:30,295.4,300.0,295.4,300.0,48230,1617525,17.204961,24267.25,24500.0,24400,ATM+5,PUT,24150,2026-07-17
2026-07-17 10:38:00+05:30,300.75,303.0,297.1,297.5,69485,1585220,16.979371,24267.8,24500.0,24400,ATM+5,PUT,24150,2026-07-17
2026-07-17 10:39:00+05:30,297.0,301.0,296.0,301.0,28015,1600885,17.313385,24267.25,24500.0,24400,ATM+5,PUT,24150,2026-07-17
2026-07-17 10:40:00+05:30,300.7,301.9,296.55,297.3,16640,1604135,17.006823,24268.45,24500.0,24400,ATM+5,PUT,24150,2026-07-17
2026-07-17 10:41:00+05:30,297.8,299.0,296.1,296.8,17550,1605240,17.118895,24270.75,24500.0,24400,ATM+5,PUT,24150,2026-07-17
2026-07-17 10:42:00+05:30,297.2,299.2,295.5,298.35,13910,1602185,17.177745,24269.25,24500.0,24400,ATM+5,PUT,24150,2026-07-17
2026-07-17 10:43:00+05:30,298.35,312.15,298.35,311.25,77545,1605240,17.023146,24248.15,24500.0,24400,ATM+5,PUT,24150,2026-07-17
2026-07-17 10:44:00+05:30,309.85,311.25,304.0,307.3,61555,1569165,17.405032,24259.1,24500.0,24400,ATM+5,PUT,24150,2026-07-17
2026-07-17 10:45:00+05:30,306.95,314.0,304.0,314.0,71890,1568255,17.703007,24253.3,24500.0,24400,ATM+5,PUT,24150,2026-07-17
2026-07-17 10:46:00+05:30,314.15,315.45,310.25,311.25,48815,1543230,17.349704,24252.5,24500.0,24400,ATM+5,PUT,24150,2026-07-17
2026-07-17 10:47:00+05:30,311.8,312.9,306.6,307.0,45435,1521910,17.031971,24254.4,24500.0,24400,ATM+5,PUT,24150,2026-07-17
2026-07-17 10:48:00+05:30,307.95,312.0,307.0,312.0,17875,1519830,17.513406,24253.6,24500.0,24400,ATM+5,PUT,24150,2026-07-17
2026-07-17 10:49:00+05:30,312.0,314.85,310.85,314.0,32175,1515735,17.458176,24249.9,24500.0,24400,ATM+5,PUT,24150,2026-07-17
2026-07-17 10:50:00+05:30,314.0,315.0,309.2,312.4,41340,1520805,17.371307,24251.05,24500.0,24400,ATM+5,PUT,24150,2026-07-17
2026-07-17 10:51:00+05:30,313.35,316.0,312.4,315.25,24245,1527565,17.521604,24248.9,24500.0,24400,ATM+5,PUT,24150,2026-07-17
2026-07-17 10:52:00+05:30,315.1,317.55,311.35,312.0,65650,1523145,17.381939,24251.75,24500.0,24400,ATM+5,PUT,24150,2026-07-17
2026-07-17 10:53:00+05:30,311.2,312.0,305.7,308.25,48165,1496365,17.305709,24256.2,24500.0,24400,ATM+5,PUT,24150,2026-07-17
2026-07-17 10:54:00+05:30,308.55,315.9,307.0,311.45,25675,1501695,17.603181,24255.55,24500.0,24400,ATM+5,PUT,24150,2026-07-17
2026-07-17 10:55:00+05:30,312.6,316.4,311.45,312.1,22230,1503905,17.760867,24256.75,24500.0,24400,ATM+5,PUT,24150,2026-07-17
2026-07-17 10:56:00+05:30,310.3,313.25,306.25,309.55,18850,1504750,17.423221,24255.85,24500.0,24400,ATM+5,PUT,24150,2026-07-17
2026-07-17 10:57:00+05:30,308.9,312.75,307.95,310.0,10725,1504295,17.520034,24256.5,24500.0,24400,ATM+5,PUT,24150,2026-07-17
2026-07-17 10:58:00+05:30,310.65,310.95,306.15,306.9,10075,1505205,17.279266,24257.75,24500.0,24400,ATM+5,PUT,24150,2026-07-17
2026-07-17 10:59:00+05:30,307.0,309.85,306.9,307.75,15340,1503645,17.31697,24257.0,24500.0,24400,ATM+5,PUT,24150,2026-07-17
2026-07-17 11:00:00+05:30,307.9,308.6,303.05,304.9,39585,1503515,17.22334,24259.9,24500.0,24400,ATM+5,PUT,24150,2026-07-17
2026-07-17 11:01:00+05:30,305.7,310.05,303.8,310.05,36140,1490515,17.53712,24256.6,24500.0,24400,ATM+5,PUT,24150,2026-07-17
2026-07-17 11:02:00+05:30,310.5,316.45,310.05,314.7,56225,1514045,17.448246,24248.55,24500.0,24400,ATM+5,PUT,24150,2026-07-17
2026-07-17 11:03:00+05:30,315.65,315.65,311.2,312.0,20540,1519570,17.275438,24250.15,24500.0,24400,ATM+5,PUT,24150,2026-07-17
2026-07-17 11:04:00+05:30,311.0,312.0,307.05,307.05,32825,1536730,17.331133,24258.15,24500.0,24400,ATM+5,PUT,24150,2026-07-17
2026-07-17 11:05:00+05:30,308.0,308.0,303.05,305.55,42575,1529970,17.464973,24262.2,24500.0,24400,ATM+5,PUT,24150,2026-07-17
2026-07-17 11:06:00+05:30,307.15,310.0,304.2,304.2,18005,1536925,17.300015,24261.9,24500.0,24400,ATM+5,PUT,24150,2026-07-17
2026-07-17 11:07:00+05:30,304.0,317.7,303.7,316.6,42445,1548885,17.481349,24246.15,24500.0,24400,ATM+5,PUT,24150,2026-07-17
2026-07-17 11:08:00+05:30,317.15,324.9,316.4,320.45,86970,1538355,17.314592,24238.35,24500.0,24400,ATM+5,PUT,24150,2026-07-17
2026-07-17 11:09:00+05:30,319.9,323.0,317.1,319.0,39455,1513330,17.426197,24241.9,24500.0,24400,ATM+5,PUT,24150,2026-07-17
2026-07-17 11:10:00+05:30,318.9,324.2,318.4,322.45,26260,1516515,17.577986,24238.9,24500.0,24400,ATM+5,PUT,24150,2026-07-17
2026-07-17 11:11:00+05:30,322.7,323.65,318.0,319.8,28470,1514890,17.428976,24240.75,24500.0,24400,ATM+5,PUT,24150,2026-07-17
2026-07-17 11:12:00+05:30,320.4,322.05,318.85,318.85,15275,1514955,17.397953,24241.7,24500.0,24400,ATM+5,PUT,24150,2026-07-17
2026-07-17 11:13:00+05:30,320.7,326.95,318.85,324.8,84630,1535170,17.762851,24237.9,24500.0,24400,ATM+5,PUT,24150,2026-07-17
2026-07-17 11:14:00+05:30,323.95,326.3,319.55,320.85,39455,1509170,17.161633,24235.7,24500.0,24400,ATM+5,PUT,24150,2026-07-17
2026-07-17 11:15:00+05:30,322.3,323.85,320.0,321.35,15210,1512810,17.466737,24238.95,24500.0,24400,ATM+5,PUT,24150,2026-07-17
2026-07-17 11:16:00+05:30,321.6,327.9,321.05,327.0,62920,1510015,17.814197,24235.35,24500.0,24400,ATM+5,PUT,24150,2026-07-17
2026-07-17 11:17:00+05:30,325.6,327.0,320.85,324.4,46475,1487005,17.84408,24239.5,24500.0,24400,ATM+5,PUT,24150,2026-07-17
2026-07-17 11:18:00+05:30,324.0,328.35,324.0,326.9,25415,1481220,17.922632,24236.9,24500.0,24400,ATM+5,PUT,24150,2026-07-17
2026-07-17 11:19:00+05:30,327.3,328.5,322.9,323.8,25805,1466400,17.941806,24241.65,24500.0,24400,ATM+5,PUT,24150,2026-07-17
2026-07-17 11:20:00+05:30,324.15,325.0,322.9,324.3,11245,1467115,18.004711,24241.75,24500.0,24400,ATM+5,PUT,24150,2026-07-17
2026-07-17 11:21:00+05:30,323.55,325.1,323.55,323.6,16055,1462500,17.926077,24241.7,24500.0,24400,ATM+5,PUT,24150,2026-07-17
2026-07-17 11:22:00+05:30,323.55,323.6,315.0,318.75,37050,1467115,17.97481,24249.45,24500.0,24400,ATM+5,PUT,24150,2026-07-17
2026-07-17 11:23:00+05:30,322.9,327.7,318.75,326.1,33345,1470495,17.957522,24238.45,24500.0,24400,ATM+5,PUT,24150,2026-07-17
2026-07-17 11:24:00+05:30,325.6,328.4,318.2,319.0,52780,1466270,17.764613,24246.2,24500.0,24400,ATM+5,PUT,24150,2026-07-17
2026-07-17 11:25:00+05:30,319.45,323.85,318.25,322.45,17095,1467505,17.880151,24242.7,24500.0,24400,ATM+5,PUT,24150,2026-07-17
2026-07-17 11:26:00+05:30,323.5,326.0,321.25,321.25,16510,1474460,17.65317,24241.4,24500.0,24400,ATM+5,PUT,24150,2026-07-17
2026-07-17 11:27:00+05:30,321.15,322.8,319.5,321.2,10920,1476150,17.806137,24243.5,24500.0,24400,ATM+5,PUT,24150,2026-07-17
2026-07-17 11:28:00+05:30,320.35,323.0,319.5,321.5,4355,1474915,17.966099,24245.2,24500.0,24400,ATM+5,PUT,24150,2026-07-17
2026-07-17 11:29:00+05:30,320.4,322.45,316.55,321.5,13780,1477255,17.803728,24243.0,24500.0,24400,ATM+5,PUT,24150,2026-07-17
2026-07-17 11:30:00+05:30,322.0,322.6,318.4,321.5,10400,1479140,17.890539,24244.15,24500.0,24400,ATM+5,PUT,24150,2026-07-17
2026-07-17 11:31:00+05:30,321.05,322.95,319.4,321.3,68445,1417130,18.021757,24246.2,24500.0,24400,ATM+5,PUT,24150,2026-07-17
2026-07-17 11:32:00+05:30,319.0,322.85,318.3,321.0,8840,1418885,17.741445,24242.85,24500.0,24400,ATM+5,PUT,24150,2026-07-17
2026-07-17 11:33:00+05:30,320.0,322.95,317.0,317.75,15600,1424410,17.842753,24248.95,24500.0,24400,ATM+5,PUT,24150,2026-07-17
2026-07-17 11:34:00+05:30,317.0,317.75,310.35,315.3,46540,1413750,17.847262,24252.6,24500.0,24400,ATM+5,PUT,24150,2026-07-17
2026-07-17 11:35:00+05:30,315.35,315.4,309.65,310.65,37505,1405235,17.781189,24258.55,24500.0,24400,ATM+5,PUT,24150,2026-07-17
2026-07-17 11:36:00+05:30,311.55,316.7,308.0,316.7,25805,1416155,17.872397,24250.85,24500.0,24400,ATM+5,PUT,24150,2026-07-17
2026-07-17 11:37:00+05:30,316.35,321.0,313.8,319.0,26000,1417715,17.831254,24246.9,24500.0,24400,ATM+5,PUT,24150,2026-07-17
2026-07-17 11:38:00+05:30,319.35,319.9,313.25,314.0,14430,1418885,17.608573,24251.2,24500.0,24400,ATM+5,PUT,24150,2026-07-17
2026-07-17 11:39:00+05:30,313.0,314.2,310.35,311.05,34450,1438385,17.719972,24257.05,24500.0,24400,ATM+5,PUT,24150,2026-07-17
2026-07-17 11:40:00+05:30,310.3,313.9,309.05,310.1,18720,1434485,17.724294,24258.5,24500.0,24400,ATM+5,PUT,24150,2026-07-17
2026-07-17 11:41:00+05:30,309.45,310.15,305.45,306.95,34905,1432015,17.734105,24263.3,24500.0,24400,ATM+5,PUT,24150,2026-07-17
2026-07-17 11:42:00+05:30,305.15,309.0,304.5,308.95,33345,1438060,17.812601,24261.4,24500.0,24400,ATM+5,PUT,24150,2026-07-17
2026-07-17 11:43:00+05:30,308.9,309.4,305.75,306.85,18785,1432470,17.639461,24262.1,24500.0,24400,ATM+5,PUT,24150,2026-07-17
2026-07-17 11:44:00+05:30,306.25,306.85,301.1,304.15,53365,1423045,17.71751,24267.2,24500.0,24400,ATM+5,PUT,24150,2026-07-17
2026-07-17 11:45:00+05:30,303.65,304.15,300.0,300.9,26000,1421615,17.681532,24271.55,24500.0,24400,ATM+5,PUT,24150,2026-07-17
2026-07-17 11:46:00+05:30,301.35,305.0,300.75,303.75,26975,1432340,17.808478,24269.05,24500.0,24400,ATM+5,PUT,24150,2026-07-17
2026-07-17 11:47:00+05:30,302.75,307.45,302.35,306.15,25740,1431560,17.873337,24266.35,24500.0,24400,ATM+5,PUT,24150,2026-07-17
2026-07-17 11:48:00+05:30,305.25,306.15,301.3,304.55,11375,1434550,17.796621,24267.65,24500.0,24400,ATM+5,PUT,24150,2026-07-17
2026-07-17 11:49:00+05:30,302.45,304.65,301.35,303.45,7540,1433510,17.680736,24267.65,24500.0,24400,ATM+5,PUT,24150,2026-07-17
2026-07-17 11:50:00+05:30,302.6,304.4,301.4,302.55,19305,1446640,17.795237,24270.6,24500.0,24400,ATM+5,PUT,24150,2026-07-17
2026-07-17 11:51:00+05:30,302.0,302.55,299.05,301.5,29120,1440660,17.808315,24272.35,24500.0,24400,ATM+5,PUT,24150,2026-07-17
2026-07-17 11:52:00+05:30,300.15,301.5,296.0,296.9,56095,1435980,17.427536,24273.85,24500.0,24400,ATM+5,PUT,24150,2026-07-17
2026-07-17 11:53:00+05:30,335.25,337.8,332.4,336.05,4030,118235,18.312151,24278.7,24550.0,24400,ATM+5,PUT,24150,2026-07-17
2026-07-17 11:54:00+05:30,335.2,336.3,334.9,335.65,3380,119925,18.292201,24279.0,24550.0,24400,ATM+5,PUT,24150,2026-07-17
2026-07-17 11:55:00+05:30,294.2,300.2,294.2,299.4,42250,1461590,17.762584,24274.8,24500.0,24400,ATM+5,PUT,24150,2026-07-17
2026-07-17 11:56:00+05:30,342.0,343.75,335.0,335.0,2405,120900,18.325607,24280.35,24550.0,24400,ATM+5,PUT,24150,2026-07-17
2026-07-17 11:57:00+05:30,337.85,337.85,334.6,334.6,1690,122720,18.206977,24279.35,24550.0,24400,ATM+5,PUT,24150,2026-07-17
2026-07-17 11:58:00+05:30,297.05,301.0,294.95,300.4,26065,1503255,17.885697,24275.0,24500.0,24400,ATM+5,PUT,24150,2026-07-17
2026-07-17 11:59:00+05:30,340.3,340.9,337.6,339.7,1105,123045,18.655011,24277.85,24550.0,24400,ATM+5,PUT,24150,2026-07-17
2026-07-17 12:00:00+05:30,299.8,306.25,297.0,305.0,27885,1517620,18.087534,24270.9,24500.0,24400,ATM+5,PUT,24150,2026-07-17
2026-07-17 12:01:00+05:30,304.35,307.0,302.75,304.7,45760,1503970,17.863089,24268.15,24500.0,24400,ATM+5,PUT,24150,2026-07-17
2026-07-17 12:02:00+05:30,305.4,307.0,304.7,306.6,26260,1503645,18.00604,24267.3,24500.0,24400,ATM+5,PUT,24150,2026-07-17
2026-07-17 12:03:00+05:30,346.0,346.95,339.5,340.0,2795,124995,18.514643,24275.5,24550.0,24400,ATM+5,PUT,24150,2026-07-17
2026-07-17 12:04:00+05:30,298.35,300.95,297.6,300.95,33085,1514760,17.940342,24274.85,24500.0,24400,ATM+5,PUT,24150,2026-07-17
2026-07-17 12:05:00+05:30,302.25,303.8,300.0,301.8,29575,1524445,17.98943,24274.25,24500.0,24400,ATM+5,PUT,24150,2026-07-17
2026-07-17 12:06:00+05:30,303.0,307.4,301.8,306.75,18460,1521650,18.062041,24267.8,24500.0,24400,ATM+5,PUT,24150,2026-07-17
2026-07-17 12:07:00+05:30,306.5,311.0,305.0,310.7,76440,1540890,18.167976,24263.35,24500.0,24400,ATM+5,PUT,24150,2026-07-17
2026-07-17 12:08:00+05:30,310.0,311.0,305.0,305.0,46670,1510340,17.899611,24268.1,24500.0,24400,ATM+5,PUT,24150,2026-07-17
2026-07-17 12:09:00+05:30,305.3,305.3,301.0,302.6,25025,1512160,18.075163,24274.2,24500.0,24400,ATM+5,PUT,24150,2026-07-17
2026-07-17 12:10:00+05:30,301.5,302.6,297.6,301.4,43810,1503385,17.935575,24274.0,24500.0,24400,ATM+5,PUT,24150,2026-07-17
2026-07-17 12:11:00+05:30,302.0,304.8,301.4,304.4,11505,1508000,18.082642,24271.55,24500.0,24400,ATM+5,PUT,24150,2026-07-17
2026-07-17 12:12:00+05:30,343.2,345.85,342.6,343.0,910,127075,18.884997,24275.9,24550.0,24400,ATM+5,PUT,24150,2026-07-17
2026-07-17 12:13:00+05:30,301.8,305.75,299.25,305.75,13000,1513655,18.154346,24270.5,24500.0,24400,ATM+5,PUT,24150,2026-07-17
2026-07-17 12:14:00+05:30,344.0,347.0,340.9,341.65,715,127985,18.78864,24276.55,24550.0,24400,ATM+5,PUT,24150,2026-07-17
2026-07-17 12:15:00+05:30,340.0,341.8,339.75,341.55,1365,127985,19.074843,24280.5,24550.0,24400,ATM+5,PUT,24150,2026-07-17
2026-07-17 12:16:00+05:30,299.15,306.7,298.0,305.7,21060,1521065,18.417416,24274.3,24500.0,24400,ATM+5,PUT,24150,2026-07-17
2026-07-17 12:17:00+05:30,304.55,309.65,304.55,306.0,43485,1536405,18.304446,24272.2,24500.0,24400,ATM+5,PUT,24150,2026-07-17
2026-07-17 12:18:00+05:30,347.25,347.3,342.3,342.3,910,128765,18.796759,24275.65,24550.0,24400,ATM+5,PUT,24150,2026-07-17
2026-07-17 12:19:00+05:30,343.7,344.7,342.3,344.3,780,129025,19.002035,24275.45,24550.0,24400,ATM+5,PUT,24150,2026-07-17
2026-07-17 12:20:00+05:30,346.0,346.0,342.15,342.15,910,128895,19.164892,24280.75,24550.0,24400,ATM+5,PUT,24150,2026-07-17
2026-07-17 12:21:00+05:30,342.35,344.75,342.15,344.05,520,129480,19.279868,24279.5,24550.0,24400,ATM+5,PUT,24150,2026-07-17
2026-07-17 12:22:00+05:30,303.7,307.0,303.7,304.6,16640,1539785,18.141446,24271.9,24500.0,24400,ATM+5,PUT,24150,2026-07-17
2026-07-17 12:23:00+05:30,343.35,346.05,338.15,338.15,715,129285,18.755331,24281.05,24550.0,24400,ATM+5,PUT,24150,2026-07-17
2026-07-17 12:24:00+05:30,338.7,341.5,338.15,341.5,715,129155,19.17345,24281.75,24550.0,24400,ATM+5,PUT,24150,2026-07-17
2026-07-17 12:25:00+05:30,337.0,341.5,333.6,339.9,3315,128830,18.772564,24278.7,24550.0,24400,ATM+5,PUT,24150,2026-07-17
2026-07-17 12:26:00+05:30,339.4,341.45,338.4,338.75,1170,130845,18.541658,24277.3,24550.0,24400,ATM+5,PUT,24150,2026-07-17
2026-07-17 12:27:00+05:30,339.8,339.85,337.2,339.7,2535,131105,18.741804,24278.55,24550.0,24400,ATM+5,PUT,24150,2026-07-17
2026-07-17 12:28:00+05:30,338.0,340.5,337.5,338.85,1365,131625,18.600616,24277.9,24550.0,24400,ATM+5,PUT,24150,2026-07-17
2026-07-17 12:29:00+05:30,343.15,343.15,338.85,342.0,1040,132340,18.928299,24277.65,24550.0,24400,ATM+5,PUT,24150,2026-07-17
2026-07-17 12:30:00+05:30,302.8,304.85,302.3,302.3,17290,1564810,18.092897,24274.55,24500.0,24400,ATM+5,PUT,24150,2026-07-17
2026-07-17 12:31:00+05:30,342.7,344.0,342.0,342.0,455,132860,18.889365,24277.1,24550.0,24400,ATM+5,PUT,24150,2026-07-17
2026-07-17 12:32:00+05:30,299.05,303.1,299.05,303.1,10595,1567280,18.124053,24273.75,24500.0,24400,ATM+5,PUT,24150,2026-07-17
2026-07-17 12:33:00+05:30,342.6,342.7,340.8,340.8,455,132860,19.011973,24280.45,24550.0,24400,ATM+5,PUT,24150,2026-07-17
2026-07-17 12:34:00+05:30,338.0,340.8,337.35,339.45,1950,133120,18.918265,24281.15,24550.0,24400,ATM+5,PUT,24150,2026-07-17
2026-07-17 12:35:00+05:30,339.8,340.15,339.45,340.1,1170,132600,19.001575,24281.3,24550.0,24400,ATM+5,PUT,24150,2026-07-17
2026-07-17 12:36:00+05:30,340.35,340.35,338.7,339.95,195,132925,19.012559,24281.65,24550.0,24400,ATM+5,PUT,24150,2026-07-17
2026-07-17 12:37:00+05:30,338.85,339.95,338.85,338.85,1170,132990,18.687238,24278.9,24550.0,24400,ATM+5,PUT,24150,2026-07-17
2026-07-17 12:38:00+05:30,341.05,345.0,338.85,342.45,1625,133250,19.052504,24278.5,24550.0,24400,ATM+5,PUT,24150,2026-07-17
2026-07-17 12:39:00+05:30,342.5,342.5,342.45,342.5,65,132990,19.002956,24277.75,24550.0,24400,ATM+5,PUT,24150,2026-07-17
2026-07-17 12:40:00+05:30,303.85,306.9,301.0,306.35,26000,1574885,17.970894,24266.55,24500.0,24400,ATM+5,PUT,24150,2026-07-17
2026-07-17 12:41:00+05:30,306.9,310.1,304.2,304.2,50960,1569100,17.920512,24269.05,24500.0,24400,ATM+5,PUT,24150,2026-07-17
2026-07-17 12:42:00+05:30,345.1,347.0,340.55,340.6,2405,131300,18.97897,24280.15,24550.0,24400,ATM+5,PUT,24150,2026-07-17
2026-07-17 12:43:00+05:30,298.45,304.5,298.0,302.4,11960,1562730,18.15046,24275.0,24500.0,24400,ATM+5,PUT,24150,2026-07-17
2026-07-17 12:44:00+05:30,343.1,344.25,342.0,342.0,1430,131365,18.901677,24277.05,24550.0,24400,ATM+5,PUT,24150,2026-07-17
2026-07-17 12:45:00+05:30,340.0,342.0,333.4,334.6,4095,132600,18.57793,24283.5,24550.0,24400,ATM+5,PUT,24150,2026-07-17
2026-07-17 12:46:00+05:30,334.7,338.3,334.6,338.3,1365,133705,18.889873,24282.25,24550.0,24400,ATM+5,PUT,24150,2026-07-17
2026-07-17 12:47:00+05:30,338.3,338.3,337.3,337.3,130,134030,19.101381,24286.55,24550.0,24400,ATM+5,PUT,24150,2026-07-17
2026-07-17 12:48:00+05:30,334.7,337.3,334.0,335.3,650,134030,18.937315,24287.25,24550.0,24400,ATM+5,PUT,24150,2026-07-17
2026-07-17 12:49:00+05:30,329.75,335.3,315.5,323.4,10725,134680,18.145081,24294.0,24550.0,24400,ATM+5,PUT,24150,2026-07-17
2026-07-17 12:50:00+05:30,323.65,337.4,323.4,336.0,12220,142025,18.744621,24283.6,24550.0,24400,ATM+5,PUT,24150,2026-07-17
2026-07-17 12:51:00+05:30,337.4,341.0,335.25,335.8,4095,140985,18.554691,24281.35,24550.0,24400,ATM+5,PUT,24150,2026-07-17
2026-07-17 12:52:00+05:30,339.0,340.0,335.6,339.35,1235,141635,18.824606,24279.75,24550.0,24400,ATM+5,PUT,24150,2026-07-17
2026-07-17 12:53:00+05:30,299.0,304.95,298.4,302.45,59865,1601015,17.992442,24272.5,24500.0,24400,ATM+5,PUT,24150,2026-07-17
2026-07-17 12:54:00+05:30,302.1,306.85,302.1,305.0,49660,1611480,18.362213,24273.9,24500.0,24400,ATM+5,PUT,24150,2026-07-17
2026-07-17 12:55:00+05:30,304.1,307.7,300.0,306.55,24505,1614470,18.338943,24271.2,24500.0,24400,ATM+5,PUT,24150,2026-07-17
2026-07-17 12:56:00+05:30,307.85,307.95,302.1,303.15,24050,1621100,18.214144,24274.55,24500.0,24400,ATM+5,PUT,24150,2026-07-17
2026-07-17 12:57:00+05:30,342.75,344.3,336.15,336.55,1625,142675,18.568672,24280.35,24550.0,24400,ATM+5,PUT,24150,2026-07-17
2026-07-17 12:58:00+05:30,340.25,341.6,336.55,341.55,1040,142675,19.012902,24278.95,24550.0,24400,ATM+5,PUT,24150,2026-07-17
2026-07-17 12:59:00+05:30,341.9,341.9,337.15,337.15,325,143000,18.858939,24283.3,24550.0,24400,ATM+5,PUT,24150,2026-07-17
2026-07-17 13:00:00+05:30,335.0,337.9,332.9,337.9,1430,143390,18.904734,24282.8,24550.0,24400,ATM+5,PUT,24150,2026-07-17
2026-07-17 13:01:00+05:30,337.6,337.9,330.25,335.05,1625,143780,18.665484,24283.75,24550.0,24400,ATM+5,PUT,24150,2026-07-17
2026-07-17 13:02:00+05:30,334.95,338.0,334.95,337.7,1430,143715,18.572216,24278.65,24550.0,24400,ATM+5,PUT,24150,2026-07-17
2026-07-17 13:03:00+05:30,338.4,341.75,337.35,341.75,1625,144300,19.172073,24280.7,24550.0,24400,ATM+5,PUT,24150,2026-07-17
2026-07-17 13:04:00+05:30,337.9,341.75,337.9,339.3,130,144170,18.841511,24279.85,24550.0,24400,ATM+5,PUT,24150,2026-07-17
2026-07-17 13:05:00+05:30,339.3,341.25,339.3,341.25,325,144300,19.149875,24281.1,24550.0,24400,ATM+5,PUT,24150,2026-07-17
2026-07-17 13:06:00+05:30,339.3,341.25,339.3,339.3,1235,144300,19.150573,24283.95,24550.0,24400,ATM+5,PUT,24150,2026-07-17
2026-07-17 13:07:00+05:30,336.5,344.8,336.3,343.25,4420,143325,19.022266,24276.45,24550.0,24400,ATM+5,PUT,24150,2026-07-17
2026-07-17 13:08:00+05:30,342.9,343.25,341.6,342.5,845,144625,19.189402,24279.75,24550.0,24400,ATM+5,PUT,24150,2026-07-17
2026-07-17 13:09:00+05:30,341.25,342.5,341.25,341.8,130,144300,18.98258,24278.0,24550.0,24400,ATM+5,PUT,24150,2026-07-17
2026-07-17 13:10:00+05:30,341.45,341.8,340.2,340.2,845,144300,18.921336,24279.5,24550.0,24400,ATM+5,PUT,24150,2026-07-17
2026-07-17 13:11:00+05:30,340.0,341.9,338.1,338.1,1105,143780,18.676658,24279.3,24550.0,24400,ATM+5,PUT,24150,2026-07-17
2026-07-17 13:12:00+05:30,341.25,345.0,338.1,345.0,1755,144365,19.288271,24277.35,24550.0,24400,ATM+5,PUT,24150,2026-07-17
2026-07-17 13:13:00+05:30,344.3,345.0,342.1,342.1,1885,144235,18.903271,24276.45,24550.0,24400,ATM+5,PUT,24150,2026-07-17
2026-07-17 13:14:00+05:30,339.2,342.1,336.8,338.35,1625,143845,18.95273,24282.55,24550.0,24400,ATM+5,PUT,24150,2026-07-17
2026-07-17 13:15:00+05:30,298.55,309.4,298.55,306.1,83395,1623960,18.364747,24271.9,24500.0,24400,ATM+5,PUT,24150,2026-07-17
2026-07-17 13:16:00+05:30,305.4,306.2,303.8,304.2,27950,1587690,18.227254,24272.8,24500.0,24400,ATM+5,PUT,24150,2026-07-17
2026-07-17 13:17:00+05:30,346.0,347.7,345.6,345.6,975,140790,19.213771,24275.4,24550.0,24400,ATM+5,PUT,24150,2026-07-17
2026-07-17 13:18:00+05:30,303.0,306.7,300.4,304.2,15730,1582880,18.21211,24272.55,24500.0,24400,ATM+5,PUT,24150,2026-07-17
2026-07-17 13:19:00+05:30,304.55,307.7,303.5,306.0,21255,1581905,18.530263,24274.35,24500.0,24400,ATM+5,PUT,24150,2026-07-17
2026-07-17 13:20:00+05:30,346.5,348.8,344.3,344.3,4485,139815,19.218062,24277.3,24550.0,24400,ATM+5,PUT,24150,2026-07-17
2026-07-17 13:21:00+05:30,345.7,346.45,344.3,346.45,650,140335,19.465985,24277.45,24550.0,24400,ATM+5,PUT,24150,2026-07-17
2026-07-17 13:22:00+05:30,306.1,306.9,304.25,305.5,17095,1583075,18.481037,24274.35,24500.0,24400,ATM+5,PUT,24150,2026-07-17
2026-07-17 13:23:00+05:30,305.0,308.85,303.1,308.2,19565,1589380,18.397443,24269.05,24500.0,24400,ATM+5,PUT,24150,2026-07-17
2026-07-17 13:24:00+05:30,308.0,312.85,305.25,312.0,44590,1591980,18.620104,24266.45,24500.0,24400,ATM+5,PUT,24150,2026-07-17
2026-07-17 13:25:00+05:30,312.8,316.1,307.15,307.15,62985,1580995,18.259588,24268.65,24500.0,24400,ATM+5,PUT,24150,2026-07-17
2026-07-17 13:26:00+05:30,305.95,313.2,304.8,312.25,32500,1565330,18.546611,24265.0,24500.0,24400,ATM+5,PUT,24150,2026-07-17
2026-07-17 13:27:00+05:30,312.0,315.0,311.45,315.0,31005,1566825,18.617863,24261.85,24500.0,24400,ATM+5,PUT,24150,2026-07-17
2026-07-17 13:28:00+05:30,314.75,316.0,312.8,313.25,22815,1557530,18.345305,24260.65,24500.0,24400,ATM+5,PUT,24150,2026-07-17
2026-07-17 13:29:00+05:30,314.4,314.4,307.4,312.0,31265,1554345,18.686324,24267.3,24500.0,24400,ATM+5,PUT,24150,2026-07-17
2026-07-17 13:30:00+05:30,312.3,312.3,308.0,309.55,14690,1549210,18.599148,24269.75,24500.0,24400,ATM+5,PUT,24150,2026-07-17
2026-07-17 13:31:00+05:30,309.0,311.9,304.7,310.55,30355,1541280,18.587224,24268.05,24500.0,24400,ATM+5,PUT,24150,2026-07-17
2026-07-17 13:32:00+05:30,311.4,314.6,309.55,311.65,24765,1544985,18.596304,24266.5,24500.0,24400,ATM+5,PUT,24150,2026-07-17
2026-07-17 13:33:00+05:30,311.5,314.65,311.5,313.0,24050,1546155,18.560877,24263.95,24500.0,24400,ATM+5,PUT,24150,2026-07-17
2026-07-17 13:34:00+05:30,312.2,314.75,310.05,310.2,21125,1545310,18.387043,24265.7,24500.0,24400,ATM+5,PUT,24150,2026-07-17
2026-07-17 13:35:00+05:30,310.95,310.95,307.35,308.15,16250,1554410,18.304116,24267.6,24500.0,24400,ATM+5,PUT,24150,2026-07-17
2026-07-17 13:36:00+05:30,308.35,309.0,302.4,308.6,34190,1550510,18.509031,24269.8,24500.0,24400,ATM+5,PUT,24150,2026-07-17
2026-07-17 13:37:00+05:30,308.0,313.35,306.0,313.35,34060,1548690,18.656602,24264.7,24500.0,24400,ATM+5,PUT,24150,2026-07-17
2026-07-17 13:38:00+05:30,313.0,314.8,310.8,314.0,21580,1550575,18.805073,24265.8,24500.0,24400,ATM+5,PUT,24150,2026-07-17
2026-07-17 13:39:00+05:30,313.0,314.0,309.4,312.0,21450,1566760,18.85343,24269.5,24500.0,24400,ATM+5,PUT,24150,2026-07-17
2026-07-17 13:40:00+05:30,311.1,321.6,311.1,319.7,69355,1562340,18.880865,24258.25,24500.0,24400,ATM+5,PUT,24150,2026-07-17
2026-07-17 13:41:00+05:30,318.75,326.25,317.0,317.5,75595,1526200,18.384882,24254.65,24500.0,24400,ATM+5,PUT,24150,2026-07-17
2026-07-17 13:42:00+05:30,315.0,325.5,315.0,323.0,46280,1513200,18.729895,24251.2,24500.0,24400,ATM+5,PUT,24150,2026-07-17
2026-07-17 13:43:00+05:30,323.0,325.9,321.3,321.3,48295,1508390,18.337035,24248.35,24500.0,24400,ATM+5,PUT,24150,2026-07-17
2026-07-17 13:44:00+05:30,321.05,326.2,318.65,320.1,33020,1499485,18.64068,24254.25,24500.0,24400,ATM+5,PUT,24150,2026-07-17
2026-07-17 13:45:00+05:30,321.8,324.75,320.1,321.3,26000,1488565,18.637109,24252.4,24500.0,24400,ATM+5,PUT,24150,2026-07-17
2026-07-17 13:46:00+05:30,321.9,331.3,320.9,331.2,100815,1474070,19.17795,24245.1,24500.0,24400,ATM+5,PUT,24150,2026-07-17
2026-07-17 13:47:00+05:30,331.05,336.95,330.3,334.6,124865,1451450,19.07786,24238.7,24500.0,24400,ATM+5,PUT,24150,2026-07-17
2026-07-17 13:48:00+05:30,333.35,334.6,327.5,327.9,54665,1404715,18.965304,24247.05,24500.0,24400,ATM+5,PUT,24150,2026-07-17
2026-07-17 13:49:00+05:30,328.65,334.05,327.7,334.05,62530,1396460,19.11303,24239.95,24500.0,24400,ATM+5,PUT,24150,2026-07-17
2026-07-17 13:50:00+05:30,334.5,340.0,332.85,337.95,72215,1393925,18.569507,24227.05,24500.0,24400,ATM+5,PUT,24150,2026-07-17
2026-07-17 13:51:00+05:30,296.7,306.9,296.5,303.9,63505,402350,17.780666,24215.95,24450.0,24400,ATM+5,PUT,24150,2026-07-17
2026-07-17 13:52:00+05:30,303.0,303.9,297.2,300.1,28340,387595,17.833475,24222.35,24450.0,24400,ATM+5,PUT,24150,2026-07-17
2026-07-17 13:53:00+05:30,343.0,343.75,337.85,340.25,30745,1301495,18.996591,24229.25,24500.0,24400,ATM+5,PUT,24150,2026-07-17
2026-07-17 13:54:00+05:30,339.15,340.9,334.8,335.3,44070,1293435,18.659856,24232.0,24500.0,24400,ATM+5,PUT,24150,2026-07-17
2026-07-17 13:55:00+05:30,336.3,339.9,329.05,332.2,51545,1286480,18.660159,24236.5,24500.0,24400,ATM+5,PUT,24150,2026-07-17
2026-07-17 13:56:00+05:30,332.9,337.8,332.2,334.0,23790,1290315,18.575636,24232.75,24500.0,24400,ATM+5,PUT,24150,2026-07-17
2026-07-17 13:57:00+05:30,332.0,335.0,330.25,333.15,20995,1290705,18.555207,24233.7,24500.0,24400,ATM+5,PUT,24150,2026-07-17
2026-07-17 13:58:00+05:30,331.0,334.45,328.65,329.6,28405,1293500,18.460467,24237.6,24500.0,24400,ATM+5,PUT,24150,2026-07-17
2026-07-17 13:59:00+05:30,329.55,329.6,312.5,315.8,96915,1300000,17.884989,24250.1,24500.0,24400,ATM+5,PUT,24150,2026-07-17
2026-07-17 14:00:00+05:30,318.9,321.85,315.45,317.75,59020,1296685,18.002724,24248.8,24500.0,24400,ATM+5,PUT,24150,2026-07-17
2026-07-17 14:01:00+05:30,318.05,323.0,315.75,319.9,33995,1297920,18.089985,24246.8,24500.0,24400,ATM+5,PUT,24150,2026-07-17
2026-07-17 14:02:00+05:30,320.3,325.5,319.1,323.45,50440,1296945,18.240872,24243.6,24500.0,24400,ATM+5,PUT,24150,2026-07-17
2026-07-17 14:03:00+05:30,322.75,324.1,320.0,320.0,36725,1298245,18.062056,24246.25,24500.0,24400,ATM+5,PUT,24150,2026-07-17
2026-07-17 14:04:00+05:30,320.0,320.0,315.0,318.15,38610,1315925,18.166891,24250.35,24500.0,24400,ATM+5,PUT,24150,2026-07-17
2026-07-17 14:05:00+05:30,316.0,318.15,311.1,313.8,40235,1318915,18.015554,24254.7,24500.0,24400,ATM+5,PUT,24150,2026-07-17
2026-07-17 14:06:00+05:30,314.85,320.85,313.5,320.85,23335,1324180,18.412265,24249.65,24500.0,24400,ATM+5,PUT,24150,2026-07-17
2026-07-17 14:07:00+05:30,320.05,320.85,317.4,317.4,20150,1333735,18.140526,24251.05,24500.0,24400,ATM+5,PUT,24150,2026-07-17
2026-07-17 14:08:00+05:30,317.8,322.0,316.0,319.6,17485,1331070,18.385551,24251.1,24500.0,24400,ATM+5,PUT,24150,2026-07-17
2026-07-17 14:09:00+05:30,319.1,319.75,317.0,317.05,5720,1333020,18.245398,24252.95,24500.0,24400,ATM+5,PUT,24150,2026-07-17
2026-07-17 14:10:00+05:30,317.0,317.7,314.45,316.25,12480,1336595,18.236873,24254.0,24500.0,24400,ATM+5,PUT,24150,2026-07-17
2026-07-17 14:11:00+05:30,315.0,316.25,304.6,304.8,81380,1335035,17.818318,24265.25,24500.0,24400,ATM+5,PUT,24150,2026-07-17
2026-07-17 14:12:00+05:30,304.9,306.6,297.25,298.95,92040,1335165,17.647146,24271.6,24500.0,24400,ATM+5,PUT,24150,2026-07-17
2026-07-17 14:13:00+05:30,336.9,340.5,329.5,330.75,10595,101920,17.773433,24277.25,24550.0,24400,ATM+5,PUT,24150,2026-07-17
2026-07-17 14:14:00+05:30,330.95,333.0,325.5,327.15,7410,100490,17.629658,24280.55,24550.0,24400,ATM+5,PUT,24150,2026-07-17
2026-07-17 14:15:00+05:30,369.7,370.15,299.65,299.65,66950,311480,15.673939,24345.4,24600.0,24400,ATM+5,PUT,24150,2026-07-17
2026-07-17 14:16:00+05:30,298.1,314.7,286.35,289.4,107770,341185,15.902686,24362.9,24600.0,24400,ATM+5,PUT,24150,2026-07-17
2026-07-17 14:17:00+05:30,288.6,306.45,286.05,302.4,100165,372905,16.15158,24347.45,24600.0,24400,ATM+5,PUT,24150,2026-07-17
2026-07-17 14:18:00+05:30,308.0,320.1,302.4,315.75,68770,369720,16.483872,24332.7,24600.0,24400,ATM+5,PUT,24150,2026-07-17
2026-07-17 14:19:00+05:30,278.05,296.1,277.15,296.1,41470,155350,16.335954,24308.45,24550.0,24400,ATM+5,PUT,24150,2026-07-17
2026-07-17 14:20:00+05:30,293.8,298.25,286.5,298.15,16640,155935,16.889039,24312.75,24550.0,24400,ATM+5,PUT,24150,2026-07-17
2026-07-17 14:21:00+05:30,300.0,304.95,293.95,302.05,15535,151190,17.063168,24309.35,24550.0,24400,ATM+5,PUT,24150,2026-07-17
2026-07-17 14:22:00+05:30,307.95,312.95,302.05,312.95,14885,147485,17.630488,24300.95,24550.0,24400,ATM+5,PUT,24150,2026-07-17
2026-07-17 14:23:00+05:30,316.25,319.7,311.0,318.95,15015,144170,17.667839,24292.7,24550.0,24400,ATM+5,PUT,24150,2026-07-17
2026-07-17 14:24:00+05:30,320.9,320.9,312.0,312.0,23140,132405,17.327019,24298.3,24550.0,24400,ATM+5,PUT,24150,2026-07-17
2026-07-17 14:25:00+05:30,312.25,313.65,298.4,303.0,19630,132080,17.017741,24307.3,24550.0,24400,ATM+5,PUT,24150,2026-07-17
2026-07-17 14:26:00+05:30,301.7,303.0,295.4,298.4,8580,136045,16.810479,24311.25,24550.0,24400,ATM+5,PUT,24150,2026-07-17
2026-07-17 14:27:00+05:30,299.65,300.15,293.5,293.5,9425,137020,16.247564,24310.95,24550.0,24400,ATM+5,PUT,24150,2026-07-17
2026-07-17 14:28:00+05:30,293.35,296.1,289.05,295.65,12675,141440,16.375975,24309.5,24550.0,24400,ATM+5,PUT,24150,2026-07-17
2026-07-17 14:29:00+05:30,306.6,319.9,295.65,316.0,24115,135135,16.931035,24287.4,24550.0,24400,ATM+5,PUT,24150,2026-07-17
2026-07-17 14:30:00+05:30,314.4,316.0,300.65,302.1,22620,130975,16.721967,24304.65,24550.0,24400,ATM+5,PUT,24150,2026-07-17
2026-07-17 14:31:00+05:30,300.3,308.8,300.0,306.85,12285,130520,16.916484,24300.3,24550.0,24400,ATM+5,PUT,24150,2026-07-17
2026-07-17 14:32:00+05:30,308.15,310.1,305.2,310.1,10010,127205,17.190375,24299.15,24550.0,24400,ATM+5,PUT,24150,2026-07-17
2026-07-17 14:33:00+05:30,309.55,310.1,306.4,306.5,3185,125125,16.50875,24295.55,24550.0,24400,ATM+5,PUT,24150,2026-07-17
2026-07-17 14:34:00+05:30,306.95,307.5,304.35,304.85,1365,125320,16.517125,24298.0,24550.0,24400,ATM+5,PUT,24150,2026-07-17
2026-07-17 14:35:00+05:30,305.95,307.65,304.45,307.65,780,125320,16.882466,24298.65,24550.0,24400,ATM+5,PUT,24150,2026-07-17
2026-07-17 14:36:00+05:30,308.05,313.3,307.65,310.65,3575,125515,16.797896,24293.25,24550.0,24400,ATM+5,PUT,24150,2026-07-17
2026-07-17 14:37:00+05:30,313.45,313.45,307.2,310.8,2210,125515,16.8001,24293.05,24550.0,24400,ATM+5,PUT,24150,2026-07-17
2026-07-17 14:38:00+05:30,312.0,313.7,304.0,306.35,4680,124280,16.76377,24298.95,24550.0,24400,ATM+5,PUT,24150,2026-07-17
2026-07-17 14:39:00+05:30,306.05,309.0,305.75,307.3,2015,124800,16.78939,24297.9,24550.0,24400,ATM+5,PUT,24150,2026-07-17
2026-07-17 14:40:00+05:30,305.2,307.3,301.4,305.3,4225,124670,16.884776,24302.0,24550.0,24400,ATM+5,PUT,24150,2026-07-17
2026-07-17 14:41:00+05:30,307.0,307.0,294.9,294.9,5525,125125,16.48605,24311.85,24550.0,24400,ATM+5,PUT,24150,2026-07-17
2026-07-17 14:42:00+05:30,295.8,300.1,294.9,296.55,3315,125515,16.559265,24310.4,24550.0,24400,ATM+5,PUT,24150,2026-07-17
2026-07-17 14:43:00+05:30,296.95,296.95,289.9,296.1,6630,126490,16.639718,24312.1,24550.0,24400,ATM+5,PUT,24150,2026-07-17
2026-07-17 14:44:00+05:30,295.55,296.1,287.95,289.55,7150,127465,16.338125,24317.65,24550.0,24400,ATM+5,PUT,24150,2026-07-17
2026-07-17 14:45:00+05:30,289.05,292.5,288.9,291.0,5850,129480,16.636895,24319.5,24550.0,24400,ATM+5,PUT,24150,2026-07-17
2026-07-17 14:46:00+05:30,332.1,335.0,326.25,327.2,9100,325845,17.200728,24325.05,24600.0,24400,ATM+5,PUT,24150,2026-07-17
2026-07-17 14:47:00+05:30,289.1,290.0,286.2,288.95,6565,131625,16.57092,24321.6,24550.0,24400,ATM+5,PUT,24150,2026-07-17
2026-07-17 14:48:00+05:30,288.4,293.45,288.0,288.05,4615,132665,16.372797,24320.25,24550.0,24400,ATM+5,PUT,24150,2026-07-17
2026-07-17 14:49:00+05:30,288.15,288.9,284.65,288.9,4160,133705,16.744792,24324.0,24550.0,24400,ATM+5,PUT,24150,2026-07-17
2026-07-17 14:50:00+05:30,287.8,293.25,287.1,290.15,3835,134030,16.586486,24320.0,24550.0,24400,ATM+5,PUT,24150,2026-07-17
2026-07-17 14:51:00+05:30,290.05,294.55,286.6,292.8,3120,135070,16.657823,24317.05,24550.0,24400,ATM+5,PUT,24150,2026-07-17
2026-07-17 14:52:00+05:30,292.8,293.4,289.3,291.9,2340,136955,16.750385,24319.6,24550.0,24400,ATM+5,PUT,24150,2026-07-17
2026-07-17 14:53:00+05:30,292.45,298.7,290.0,290.0,6825,137930,16.610518,24320.5,24550.0,24400,ATM+5,PUT,24150,2026-07-17
2026-07-17 14:54:00+05:30,291.8,294.45,290.0,292.55,5720,137670,16.923332,24320.95,24550.0,24400,ATM+5,PUT,24150,2026-07-17
2026-07-17 14:55:00+05:30,333.55,333.55,326.45,328.45,7995,331760,17.541861,24327.4,24600.0,24400,ATM+5,PUT,24150,2026-07-17
2026-07-17 14:56:00+05:30,283.9,291.45,278.8,288.35,15015,132405,16.75872,24324.9,24550.0,24400,ATM+5,PUT,24150,2026-07-17
2026-07-17 14:57:00+05:30,287.3,292.2,287.3,289.0,3445,132535,16.587191,24321.6,24550.0,24400,ATM+5,PUT,24150,2026-07-17
2026-07-17 14:58:00+05:30,290.1,295.45,289.0,294.2,6500,132275,16.729297,24315.85,24550.0,24400,ATM+5,PUT,24150,2026-07-17
2026-07-17 14:59:00+05:30,292.0,298.05,291.9,297.45,6890,131690,16.779558,24311.75,24550.0,24400,ATM+5,PUT,24150,2026-07-17
2026-07-17 15:00:00+05:30,295.15,300.35,281.9,283.9,17095,131235,16.188116,24323.7,24550.0,24400,ATM+5,PUT,24150,2026-07-17
2026-07-17 15:01:00+05:30,324.3,329.5,314.2,323.85,44135,325845,16.877934,24325.6,24600.0,24400,ATM+5,PUT,24150,2026-07-17
2026-07-17 15:02:00+05:30,284.6,288.95,281.75,286.05,5265,135850,16.474048,24324.35,24550.0,24400,ATM+5,PUT,24150,2026-07-17
2026-07-17 15:03:00+05:30,287.25,292.95,284.5,292.95,5590,134745,16.754621,24317.95,24550.0,24400,ATM+5,PUT,24150,2026-07-17
2026-07-17 15:04:00+05:30,293.35,293.85,288.2,290.3,5720,132925,16.770199,24322.05,24550.0,24400,ATM+5,PUT,24150,2026-07-17
2026-07-17 15:05:00+05:30,331.65,332.0,324.55,324.95,8450,321620,17.167094,24327.55,24600.0,24400,ATM+5,PUT,24150,2026-07-17
2026-07-17 15:06:00+05:30,324.8,327.35,320.7,323.95,8125,324805,17.26757,24330.2,24600.0,24400,ATM+5,PUT,24150,2026-07-17
2026-07-17 15:07:00+05:30,324.3,324.6,317.65,320.2,18915,325780,17.170768,24334.3,24600.0,24400,ATM+5,PUT,24150,2026-07-17
2026-07-17 15:08:00+05:30,322.0,326.8,320.2,324.8,8060,321230,17.517274,24332.1,24600.0,24400,ATM+5,PUT,24150,2026-07-17
2026-07-17 15:09:00+05:30,325.35,326.05,321.85,323.5,2860,321230,17.486353,24333.55,24600.0,24400,ATM+5,PUT,24150,2026-07-17
2026-07-17 15:10:00+05:30,324.0,326.35,323.2,325.05,8125,317460,17.520083,24331.75,24600.0,24400,ATM+5,PUT,24150,2026-07-17
2026-07-17 15:11:00+05:30,322.35,325.05,320.35,323.5,10985,320385,17.385685,24332.25,24600.0,24400,ATM+5,PUT,24150,2026-07-17
2026-07-17 15:12:00+05:30,321.8,323.5,315.6,318.75,17810,321880,17.151342,24336.05,24600.0,24400,ATM+5,PUT,24150,2026-07-17
2026-07-17 15:13:00+05:30,320.0,323.85,318.75,321.4,9945,317655,17.36068,24334.9,24600.0,24400,ATM+5,PUT,24150,2026-07-17
2026-07-17 15:14:00+05:30,323.25,330.0,321.4,329.0,19890,306865,17.733258,24328.75,24600.0,24400,ATM+5,PUT,24150,2026-07-17
2026-07-17 15:15:00+05:30,290.05,296.75,288.55,292.5,17810,114400,17.15406,24323.85,24550.0,24400,ATM+5,PUT,24150,2026-07-17
2026-07-17 15:16:00+05:30,294.0,296.0,292.15,292.6,9360,111540,17.096669,24322.9,24550.0,24400,ATM+5,PUT,24150,2026-07-17
2026-07-17 15:17:00+05:30,334.4,334.7,328.6,331.65,11700,297050,17.782334,24325.55,24600.0,24400,ATM+5,PUT,24150,2026-07-17
2026-07-17 15:18:00+05:30,330.9,335.65,329.7,335.65,20865,285220,18.489148,24328.8,24600.0,24400,ATM+5,PUT,24150,2026-07-17
2026-07-17 15:19:00+05:30,335.05,335.65,330.7,332.0,4225,284505,18.096926,24329.0,24600.0,24400,ATM+5,PUT,24150,2026-07-17
2026-07-17 15:20:00+05:30,334.0,334.05,329.85,330.5,15470,280475,18.237694,24332.95,24600.0,24400,ATM+5,PUT,24150,2026-07-17
2026-07-17 15:21:00+05:30,330.9,332.0,318.0,318.0,25025,273715,16.843727,24333.15,24600.0,24400,ATM+5,PUT,24150,2026-07-17
2026-07-17 15:22:00+05:30,320.45,320.45,315.05,318.6,22880,271960,17.208942,24336.85,24600.0,24400,ATM+5,PUT,24150,2026-07-17
2026-07-17 15:23:00+05:30,318.7,318.7,315.7,316.0,15600,265720,17.003293,24337.95,24600.0,24400,ATM+5,PUT,24150,2026-07-17
2026-07-17 15:24:00+05:30,314.55,316.0,307.35,311.85,17095,262795,16.919535,24342.8,24600.0,24400,ATM+5,PUT,24150,2026-07-17
2026-07-17 15:25:00+05:30,312.8,313.7,308.35,310.4,18655,269490,16.930355,24345.0,24600.0,24400,ATM+5,PUT,24150,2026-07-17
2026-07-17 15:26:00+05:30,311.0,312.0,307.4,310.8,13325,270855,16.803256,24342.8,24600.0,24400,ATM+5,PUT,24150,2026-07-17
2026-07-17 15:27:00+05:30,310.25,310.8,306.0,307.3,27300,279630,16.503591,24344.0,24600.0,24400,ATM+5,PUT,24150,2026-07-17
2026-07-17 15:28:00+05:30,307.45,307.6,298.0,299.3,28665,285805,15.205306,24339.4,24600.0,24400,ATM+5,PUT,24150,2026-07-17
2026-07-17 15:29:00+05:30,300.6,300.6,290.1,293.3,20345,281320,15.119891,24346.7,24600.0,24400,ATM+5,PUT,24150,2026-07-17
2026-07-17 09:15:00+05:30,24.75,25.7,9.0,25.7,1238965,2214615,10.79047,24151.25,24450.0,24450,ATM+6,CALL,24150,2026-07-17
2026-07-17 09:16:00+05:30,26.55,27.05,24.4,25.8,1322230,2370940,10.292819,24171.0,24450.0,24450,ATM+6,CALL,24150,2026-07-17
2026-07-17 09:17:00+05:30,19.4,20.7,19.25,19.65,1484080,8579935,10.42985,24176.15,24500.0,24450,ATM+6,CALL,24150,2026-07-17
2026-07-17 09:18:00+05:30,19.8,22.4,19.55,22.2,1412060,8689915,10.576788,24187.4,24500.0,24450,ATM+6,CALL,24150,2026-07-17
2026-07-17 09:19:00+05:30,22.35,23.6,21.8,22.45,1769495,8597745,10.60667,24187.85,24500.0,24450,ATM+6,CALL,24150,2026-07-17
2026-07-17 09:20:00+05:30,21.85,23.1,21.0,21.5,1326455,8681270,10.456845,24187.75,24500.0,24450,ATM+6,CALL,24150,2026-07-17
2026-07-17 09:21:00+05:30,21.55,21.55,20.3,20.35,999570,8805095,10.317937,24185.75,24500.0,24450,ATM+6,CALL,24150,2026-07-17
2026-07-17 09:22:00+05:30,20.5,21.5,20.25,21.35,602485,8983910,10.40962,24188.75,24500.0,24450,ATM+6,CALL,24150,2026-07-17
2026-07-17 09:23:00+05:30,21.35,21.5,20.25,20.25,702000,9080240,10.293409,24186.15,24500.0,24450,ATM+6,CALL,24150,2026-07-17
2026-07-17 09:24:00+05:30,20.1,21.7,19.9,21.6,871130,9207250,10.374004,24191.9,24500.0,24450,ATM+6,CALL,24150,2026-07-17
2026-07-17 09:25:00+05:30,21.35,23.25,21.3,22.6,1127620,9281285,10.360788,24198.85,24500.0,24450,ATM+6,CALL,24150,2026-07-17
2026-07-17 09:26:00+05:30,22.8,23.5,22.2,22.45,787800,9248200,10.314203,24199.8,24500.0,24450,ATM+6,CALL,24150,2026-07-17
2026-07-17 09:27:00+05:30,22.55,23.6,21.95,23.0,790205,9319765,10.324499,24202.85,24500.0,24450,ATM+6,CALL,24150,2026-07-17
2026-07-17 09:28:00+05:30,23.1,23.4,22.75,23.3,441870,9301435,10.322636,24204.8,24500.0,24450,ATM+6,CALL,24150,2026-07-17
2026-07-17 09:29:00+05:30,23.05,24.4,22.9,24.35,715780,9271665,10.351616,24210.0,24500.0,24450,ATM+6,CALL,24150,2026-07-17
2026-07-17 09:30:00+05:30,24.4,24.9,22.45,23.2,1312415,9215570,10.336965,24203.7,24500.0,24450,ATM+6,CALL,24150,2026-07-17
2026-07-17 09:31:00+05:30,22.95,23.25,21.35,21.4,869635,9032205,10.225348,24196.85,24500.0,24450,ATM+6,CALL,24150,2026-07-17
2026-07-17 09:32:00+05:30,21.4,22.7,20.7,22.65,694070,9151805,10.215214,24205.2,24500.0,24450,ATM+6,CALL,24150,2026-07-17
2026-07-17 09:33:00+05:30,22.65,23.75,22.2,23.15,751855,9245145,10.154189,24210.7,24500.0,24450,ATM+6,CALL,24150,2026-07-17
2026-07-17 09:34:00+05:30,23.35,24.35,21.95,22.2,803465,9249955,10.11125,24206.6,24500.0,24450,ATM+6,CALL,24150,2026-07-17
2026-07-17 09:35:00+05:30,22.2,22.7,21.85,21.85,695240,9258795,10.045732,24207.05,24500.0,24450,ATM+6,CALL,24150,2026-07-17
2026-07-17 09:36:00+05:30,22.05,22.45,21.25,22.3,550615,9295650,10.058114,24209.4,24500.0,24450,ATM+6,CALL,24150,2026-07-17
2026-07-17 09:37:00+05:30,22.45,23.5,21.85,23.4,528125,9334845,10.054494,24216.25,24500.0,24450,ATM+6,CALL,24150,2026-07-17
2026-07-17 09:38:00+05:30,23.7,24.4,23.1,23.9,727740,9324835,9.994808,24221.55,24500.0,24450,ATM+6,CALL,24150,2026-07-17
2026-07-17 09:39:00+05:30,24.15,24.5,22.95,23.25,557895,9289020,9.959183,24219.15,24500.0,24450,ATM+6,CALL,24150,2026-07-17
2026-07-17 09:40:00+05:30,23.15,24.3,22.75,23.85,513500,9284860,10.002064,24221.05,24500.0,24450,ATM+6,CALL,24150,2026-07-17
2026-07-17 09:41:00+05:30,23.85,24.4,23.5,23.6,445250,9316450,9.935666,24222.2,24500.0,24450,ATM+6,CALL,24150,2026-07-17
2026-07-17 09:42:00+05:30,24.0,24.6,23.6,24.25,468715,9342450,9.969409,24224.7,24500.0,24450,ATM+6,CALL,24150,2026-07-17
2026-07-17 09:43:00+05:30,17.45,18.4,17.4,18.05,317135,3327155,10.1787,24225.15,24550.0,24450,ATM+6,CALL,24150,2026-07-17
2026-07-17 09:44:00+05:30,18.55,19.8,18.0,18.95,573040,3321175,10.188887,24231.3,24550.0,24450,ATM+6,CALL,24150,2026-07-17
2026-07-17 09:45:00+05:30,19.05,21.55,18.95,19.9,902265,3235635,10.273611,24234.5,24550.0,24450,ATM+6,CALL,24150,2026-07-17
2026-07-17 09:46:00+05:30,20.25,21.75,19.8,21.1,435825,3123055,10.302491,24241.45,24550.0,24450,ATM+6,CALL,24150,2026-07-17
2026-07-17 09:47:00+05:30,21.15,22.2,20.5,20.75,492960,3074500,10.371763,24236.35,24550.0,24450,ATM+6,CALL,24150,2026-07-17
2026-07-17 09:48:00+05:30,20.85,21.9,20.5,21.45,260910,3058250,10.39599,24240.05,24550.0,24450,ATM+6,CALL,24150,2026-07-17
2026-07-17 09:49:00+05:30,21.4,21.55,20.5,20.8,222560,3062540,10.36964,24236.85,24550.0,24450,ATM+6,CALL,24150,2026-07-17
2026-07-17 09:50:00+05:30,20.7,22.15,20.7,21.65,312780,3060655,10.352068,24243.2,24550.0,24450,ATM+6,CALL,24150,2026-07-17
2026-07-17 09:51:00+05:30,21.5,21.75,19.45,19.65,363350,3034915,10.373199,24228.9,24550.0,24450,ATM+6,CALL,24150,2026-07-17
2026-07-17 09:52:00+05:30,19.75,20.05,19.15,19.25,270660,3025880,10.280503,24229.95,24550.0,24450,ATM+6,CALL,24150,2026-07-17
2026-07-17 09:53:00+05:30,19.3,20.35,18.95,20.35,207155,3039270,10.390816,24233.1,24550.0,24450,ATM+6,CALL,24150,2026-07-17
2026-07-17 09:54:00+05:30,20.25,22.2,20.15,21.45,206505,3041870,10.403027,24240.0,24550.0,24450,ATM+6,CALL,24150,2026-07-17
2026-07-17 09:55:00+05:30,21.05,21.45,19.45,19.5,227370,3037775,10.319999,24230.2,24550.0,24450,ATM+6,CALL,24150,2026-07-17
2026-07-17 09:56:00+05:30,26.6,26.95,24.9,25.3,747825,9300785,10.180019,24223.1,24500.0,24450,ATM+6,CALL,24150,2026-07-17
2026-07-17 09:57:00+05:30,25.45,25.45,23.8,24.35,553930,9261460,10.137222,24219.35,24500.0,24450,ATM+6,CALL,24150,2026-07-17
2026-07-17 09:58:00+05:30,17.65,18.9,17.45,18.9,183300,3051100,10.247777,24229.05,24550.0,24450,ATM+6,CALL,24150,2026-07-17
2026-07-17 09:59:00+05:30,18.85,19.1,18.35,19.05,214305,3051685,10.279411,24228.85,24550.0,24450,ATM+6,CALL,24150,2026-07-17
2026-07-17 10:00:00+05:30,26.1,26.95,23.9,24.1,629850,9235590,10.042948,24221.65,24500.0,24450,ATM+6,CALL,24150,2026-07-17
2026-07-17 10:01:00+05:30,23.95,25.0,22.0,22.3,887055,9221030,10.006845,24212.35,24500.0,24450,ATM+6,CALL,24150,2026-07-17
2026-07-17 10:02:00+05:30,22.75,23.15,22.2,22.65,582400,9219795,9.971798,24215.9,24500.0,24450,ATM+6,CALL,24150,2026-07-17
2026-07-17 10:03:00+05:30,22.5,22.95,22.0,22.5,470145,9219925,9.97373,24214.95,24500.0,24450,ATM+6,CALL,24150,2026-07-17
2026-07-17 10:04:00+05:30,22.55,22.65,21.65,22.0,502515,9245080,9.908246,24214.5,24500.0,24450,ATM+6,CALL,24150,2026-07-17
2026-07-17 10:05:00+05:30,22.1,24.0,21.95,23.8,401050,9299745,10.011546,24221.3,24500.0,24450,ATM+6,CALL,24150,2026-07-17
2026-07-17 10:06:00+05:30,23.75,24.5,23.75,23.75,486005,9308000,9.968746,24222.7,24500.0,24450,ATM+6,CALL,24150,2026-07-17
2026-07-17 10:07:00+05:30,17.05,17.6,17.0,17.55,64415,3082625,10.100683,24225.65,24550.0,24450,ATM+6,CALL,24150,2026-07-17
2026-07-17 10:08:00+05:30,17.5,17.85,17.15,17.85,118430,3084445,10.108525,24227.6,24550.0,24450,ATM+6,CALL,24150,2026-07-17
2026-07-17 10:09:00+05:30,17.85,19.05,17.85,18.15,253370,3060135,10.058192,24231.95,24550.0,24450,ATM+6,CALL,24150,2026-07-17
2026-07-17 10:10:00+05:30,18.15,18.7,18.05,18.25,110110,3052335,10.107785,24230.65,24550.0,24450,ATM+6,CALL,24150,2026-07-17
2026-07-17 10:11:00+05:30,18.25,18.5,18.0,18.5,84565,3062085,10.089737,24233.25,24550.0,24450,ATM+6,CALL,24150,2026-07-17
2026-07-17 10:12:00+05:30,18.55,20.45,18.45,20.4,243100,3057015,10.250587,24239.9,24550.0,24450,ATM+6,CALL,24150,2026-07-17
2026-07-17 10:13:00+05:30,20.5,21.7,20.4,20.55,359450,3029975,10.123348,24246.1,24550.0,24450,ATM+6,CALL,24150,2026-07-17
2026-07-17 10:14:00+05:30,20.7,20.7,19.25,19.3,219570,3046810,10.069624,24239.85,24550.0,24450,ATM+6,CALL,24150,2026-07-17
2026-07-17 10:15:00+05:30,19.25,20.5,19.05,20.3,215670,3038425,10.094037,24245.7,24550.0,24450,ATM+6,CALL,24150,2026-07-17
2026-07-17 10:16:00+05:30,20.35,20.95,20.2,20.35,187525,3049800,10.06741,24247.15,24550.0,24450,ATM+6,CALL,24150,2026-07-17
2026-07-17 10:17:00+05:30,20.4,23.1,20.25,22.5,414570,3038620,10.251412,24253.65,24550.0,24450,ATM+6,CALL,24150,2026-07-17
2026-07-17 10:18:00+05:30,22.5,32.75,22.5,31.55,2018575,3137550,11.032019,24274.45,24550.0,24450,ATM+6,CALL,24150,2026-07-17
2026-07-17 10:19:00+05:30,31.6,33.05,27.5,28.55,1423565,2968550,10.627219,24273.95,24550.0,24450,ATM+6,CALL,24150,2026-07-17
2026-07-17 10:20:00+05:30,28.5,30.0,27.0,27.25,467545,2985385,10.632917,24266.75,24550.0,24450,ATM+6,CALL,24150,2026-07-17
2026-07-17 10:21:00+05:30,27.1,28.1,26.55,26.95,483600,2962765,10.549392,24268.3,24550.0,24450,ATM+6,CALL,24150,2026-07-17
2026-07-17 10:22:00+05:30,26.5,27.1,25.6,25.8,358345,2943850,10.521596,24262.95,24550.0,24450,ATM+6,CALL,24150,2026-07-17
2026-07-17 10:23:00+05:30,25.75,25.8,24.6,24.95,302315,2936310,10.503008,24258.8,24550.0,24450,ATM+6,CALL,24150,2026-07-17
2026-07-17 10:24:00+05:30,25.1,25.25,23.9,24.75,283335,2946450,10.556243,24255.6,24550.0,24450,ATM+6,CALL,24150,2026-07-17
2026-07-17 10:25:00+05:30,25.0,26.25,24.0,26.05,322465,2962440,10.536824,24263.9,24550.0,24450,ATM+6,CALL,24150,2026-07-17
2026-07-17 10:26:00+05:30,26.05,26.4,25.2,26.15,268450,2954705,10.504175,24265.75,24550.0,24450,ATM+6,CALL,24150,2026-07-17
2026-07-17 10:27:00+05:30,26.2,27.25,25.7,26.15,270595,2966470,10.455361,24267.65,24550.0,24450,ATM+6,CALL,24150,2026-07-17
2026-07-17 10:28:00+05:30,26.35,27.85,26.15,27.35,272155,2969915,10.481904,24273.3,24550.0,24450,ATM+6,CALL,24150,2026-07-17
2026-07-17 10:29:00+05:30,19.85,21.9,19.85,21.8,505895,7473700,10.680712,24281.55,24600.0,24450,ATM+6,CALL,24150,2026-07-17
2026-07-17 10:30:00+05:30,21.6,21.8,19.85,20.75,433940,7461805,10.561353,24279.4,24600.0,24450,ATM+6,CALL,24150,2026-07-17
2026-07-17 10:31:00+05:30,20.75,22.2,20.75,22.0,744380,7478640,10.676869,24283.1,24600.0,24450,ATM+6,CALL,24150,2026-07-17
2026-07-17 10:32:00+05:30,21.95,23.5,21.6,21.6,798070,7497295,10.560622,24285.2,24600.0,24450,ATM+6,CALL,24150,2026-07-17
2026-07-17 10:33:00+05:30,21.55,21.6,20.35,20.75,602615,7572825,10.558177,24279.65,24600.0,24450,ATM+6,CALL,24150,2026-07-17
2026-07-17 10:34:00+05:30,20.85,21.95,20.65,21.9,254475,7607145,10.633797,24284.3,24600.0,24450,ATM+6,CALL,24150,2026-07-17
2026-07-17 10:35:00+05:30,30.4,30.6,26.45,26.55,313690,3004885,10.402035,24272.2,24550.0,24450,ATM+6,CALL,24150,2026-07-17
2026-07-17 10:36:00+05:30,26.55,27.0,25.85,26.5,285090,3039075,10.387811,24272.5,24550.0,24450,ATM+6,CALL,24150,2026-07-17
2026-07-17 10:37:00+05:30,26.55,26.75,25.0,25.0,228215,3048890,10.30508,24267.25,24550.0,24450,ATM+6,CALL,24150,2026-07-17
2026-07-17 10:38:00+05:30,24.95,25.9,24.35,25.5,286260,3045835,10.366172,24267.8,24550.0,24450,ATM+6,CALL,24150,2026-07-17
2026-07-17 10:39:00+05:30,25.4,25.9,24.95,25.0,187265,3063515,10.307023,24267.25,24550.0,24450,ATM+6,CALL,24150,2026-07-17
2026-07-17 10:40:00+05:30,25.15,25.95,24.75,25.95,148135,3073005,10.417686,24268.45,24550.0,24450,ATM+6,CALL,24150,2026-07-17
2026-07-17 10:41:00+05:30,25.8,26.15,25.3,25.9,115635,3081715,10.350928,24270.75,24550.0,24450,ATM+6,CALL,24150,2026-07-17
2026-07-17 10:42:00+05:30,26.05,26.25,25.45,25.5,160680,3088995,10.332157,24269.25,24550.0,24450,ATM+6,CALL,24150,2026-07-17
2026-07-17 10:43:00+05:30,25.55,25.55,21.95,22.15,601250,3102125,10.359723,24248.15,24550.0,24450,ATM+6,CALL,24150,2026-07-17
2026-07-17 10:44:00+05:30,23.5,23.65,22.15,23.1,314990,3133975,10.232702,24259.1,24550.0,24450,ATM+6,CALL,24150,2026-07-17
2026-07-17 10:45:00+05:30,23.0,23.4,21.2,21.2,280800,3151200,10.080109,24253.3,24550.0,24450,ATM+6,CALL,24150,2026-07-17
2026-07-17 10:46:00+05:30,21.3,21.9,20.9,21.5,236665,3172390,10.149325,24252.5,24550.0,24450,ATM+6,CALL,24150,2026-07-17
2026-07-17 10:47:00+05:30,21.55,22.5,21.35,22.3,161135,3184740,10.229772,24254.4,24550.0,24450,ATM+6,CALL,24150,2026-07-17
2026-07-17 10:48:00+05:30,22.15,22.3,20.85,20.85,163670,3202680,10.018933,24253.6,24550.0,24450,ATM+6,CALL,24150,2026-07-17
2026-07-17 10:49:00+05:30,21.05,21.3,20.35,20.7,157625,3221790,10.087736,24249.9,24550.0,24450,ATM+6,CALL,24150,2026-07-17
2026-07-17 10:50:00+05:30,20.6,21.55,20.45,21.0,193960,3223285,10.108811,24251.05,24550.0,24450,ATM+6,CALL,24150,2026-07-17
2026-07-17 10:51:00+05:30,21.1,21.1,19.8,19.8,361465,3250455,9.966277,24248.9,24550.0,24450,ATM+6,CALL,24150,2026-07-17
2026-07-17 10:52:00+05:30,19.85,20.65,19.55,20.65,188760,3402685,10.036364,24251.75,24550.0,24450,ATM+6,CALL,24150,2026-07-17
2026-07-17 10:53:00+05:30,20.8,21.8,20.65,21.45,312780,3405610,10.055028,24256.2,24550.0,24450,ATM+6,CALL,24150,2026-07-17
2026-07-17 10:54:00+05:30,21.5,21.55,20.2,20.85,177645,3431025,9.975846,24255.55,24550.0,24450,ATM+6,CALL,24150,2026-07-17
2026-07-17 10:55:00+05:30,20.75,21.15,20.1,21.15,81445,3425435,9.995038,24256.75,24550.0,24450,ATM+6,CALL,24150,2026-07-17
2026-07-17 10:56:00+05:30,21.2,22.1,20.9,21.4,200590,3432325,10.058674,24255.85,24550.0,24450,ATM+6,CALL,24150,2026-07-17
2026-07-17 10:57:00+05:30,21.6,21.75,20.8,21.25,115245,3428945,10.019252,24256.5,24550.0,24450,ATM+6,CALL,24150,2026-07-17
2026-07-17 10:58:00+05:30,21.3,21.95,21.15,21.95,86970,3437395,10.100221,24257.75,24550.0,24450,ATM+6,CALL,24150,2026-07-17
2026-07-17 10:59:00+05:30,22.0,22.0,21.35,21.4,74750,3452605,10.032591,24257.0,24550.0,24450,ATM+6,CALL,24150,2026-07-17
2026-07-17 11:00:00+05:30,21.45,22.6,21.35,22.1,230750,3487770,10.071358,24259.9,24550.0,24450,ATM+6,CALL,24150,2026-07-17
2026-07-17 11:01:00+05:30,22.0,22.35,21.2,21.4,127725,3468400,10.044555,24256.6,24550.0,24450,ATM+6,CALL,24150,2026-07-17
2026-07-17 11:02:00+05:30,21.3,21.4,20.0,20.1,180635,3468530,10.035007,24248.55,24550.0,24450,ATM+6,CALL,24150,2026-07-17
2026-07-17 11:03:00+05:30,20.45,20.9,20.1,20.9,88660,3454490,10.127428,24250.15,24550.0,24450,ATM+6,CALL,24150,2026-07-17
2026-07-17 11:04:00+05:30,21.0,21.75,20.9,21.75,81965,3456245,10.06411,24258.15,24550.0,24450,ATM+6,CALL,24150,2026-07-17
2026-07-17 11:05:00+05:30,21.7,22.5,21.7,22.05,190580,3460470,10.009855,24262.2,24550.0,24450,ATM+6,CALL,24150,2026-07-17
2026-07-17 11:06:00+05:30,21.75,22.35,21.3,22.25,99580,3453775,10.049838,24261.9,24550.0,24450,ATM+6,CALL,24150,2026-07-17
2026-07-17 11:07:00+05:30,22.45,22.45,19.75,19.8,233610,3450135,10.049215,24246.15,24550.0,24450,ATM+6,CALL,24150,2026-07-17
2026-07-17 11:08:00+05:30,19.85,19.85,18.55,19.35,378950,3449680,10.165928,24238.35,24550.0,24450,ATM+6,CALL,24150,2026-07-17
2026-07-17 11:09:00+05:30,19.3,19.65,18.95,19.5,133250,3430180,10.10533,24241.9,24550.0,24450,ATM+6,CALL,24150,2026-07-17
2026-07-17 11:10:00+05:30,19.5,19.7,18.65,18.75,149435,3432130,10.0518,24238.9,24550.0,24450,ATM+6,CALL,24150,2026-07-17
2026-07-17 11:11:00+05:30,18.8,19.7,18.7,19.3,141895,3441685,10.101565,24240.75,24550.0,24450,ATM+6,CALL,24150,2026-07-17
2026-07-17 11:12:00+05:30,19.35,19.8,19.2,19.75,94380,3432520,10.155221,24241.7,24550.0,24450,ATM+6,CALL,24150,2026-07-17
2026-07-17 11:13:00+05:30,19.65,19.75,18.55,18.8,109200,3441295,10.087579,24237.9,24550.0,24450,ATM+6,CALL,24150,2026-07-17
2026-07-17 11:14:00+05:30,18.85,19.85,18.55,19.65,136370,3436160,10.287545,24235.7,24550.0,24450,ATM+6,CALL,24150,2026-07-17
2026-07-17 11:15:00+05:30,19.6,19.95,19.3,19.6,137475,3452540,10.20036,24238.95,24550.0,24450,ATM+6,CALL,24150,2026-07-17
2026-07-17 11:16:00+05:30,19.65,19.75,18.5,18.65,157365,3455530,10.126505,24235.35,24550.0,24450,ATM+6,CALL,24150,2026-07-17
2026-07-17 11:17:00+05:30,18.75,19.45,18.65,19.0,130975,3469115,10.086705,24239.5,24550.0,24450,ATM+6,CALL,24150,2026-07-17
2026-07-17 11:18:00+05:30,19.0,19.0,18.2,18.4,102700,3485170,10.04743,24236.9,24550.0,24450,ATM+6,CALL,24150,2026-07-17
2026-07-17 11:19:00+05:30,18.4,19.1,18.0,18.9,124150,3483805,10.019002,24241.65,24550.0,24450,ATM+6,CALL,24150,2026-07-17
2026-07-17 11:20:00+05:30,18.85,19.3,18.8,18.95,56030,3515005,10.026049,24241.75,24550.0,24450,ATM+6,CALL,24150,2026-07-17
2026-07-17 11:21:00+05:30,18.95,19.2,18.75,19.15,71435,3512535,10.06232,24241.7,24550.0,24450,ATM+6,CALL,24150,2026-07-17
2026-07-17 11:22:00+05:30,19.25,20.4,19.15,20.05,156455,3507790,10.023371,24249.45,24550.0,24450,ATM+6,CALL,24150,2026-07-17
2026-07-17 11:23:00+05:30,19.7,20.05,18.6,18.85,153790,3516435,10.092295,24238.45,24550.0,24450,ATM+6,CALL,24150,2026-07-17
2026-07-17 11:24:00+05:30,18.95,19.9,18.4,19.6,143650,3517670,10.030629,24246.2,24550.0,24450,ATM+6,CALL,24150,2026-07-17
2026-07-17 11:25:00+05:30,19.7,19.8,19.0,19.05,94445,3515070,10.024606,24242.7,24550.0,24450,ATM+6,CALL,24150,2026-07-17
2026-07-17 11:26:00+05:30,19.2,19.35,18.7,19.3,48880,3523910,10.099932,24241.4,24550.0,24450,ATM+6,CALL,24150,2026-07-17
2026-07-17 11:27:00+05:30,19.35,19.95,19.3,19.5,99970,3525990,10.083157,24243.5,24550.0,24450,ATM+6,CALL,24150,2026-07-17
2026-07-17 11:28:00+05:30,19.6,19.7,19.3,19.6,67990,3527225,10.059084,24245.2,24550.0,24450,ATM+6,CALL,24150,2026-07-17
2026-07-17 11:29:00+05:30,19.75,20.25,19.35,19.4,162370,3536650,10.080459,24243.0,24550.0,24450,ATM+6,CALL,24150,2026-07-17
2026-07-17 11:30:00+05:30,19.4,20.0,19.2,19.4,68510,3546985,10.053141,24244.15,24550.0,24450,ATM+6,CALL,24150,2026-07-17
2026-07-17 11:31:00+05:30,19.4,19.55,18.9,19.5,52065,3550560,10.020476,24246.2,24550.0,24450,ATM+6,CALL,24150,2026-07-17
2026-07-17 11:32:00+05:30,19.6,19.85,18.95,19.4,59020,3536325,10.087007,24242.85,24550.0,24450,ATM+6,CALL,24150,2026-07-17
2026-07-17 11:33:00+05:30,19.45,19.8,18.75,19.55,85930,3535025,9.962897,24248.95,24550.0,24450,ATM+6,CALL,24150,2026-07-17
2026-07-17 11:34:00+05:30,19.65,20.8,19.55,20.05,190125,3529890,9.956488,24252.6,24550.0,24450,ATM+6,CALL,24150,2026-07-17
2026-07-17 11:35:00+05:30,20.1,21.4,20.05,21.0,175110,3519360,9.963466,24258.55,24550.0,24450,ATM+6,CALL,24150,2026-07-17
2026-07-17 11:36:00+05:30,20.9,21.5,19.9,19.95,304590,3525080,9.985323,24250.85,24550.0,24450,ATM+6,CALL,24150,2026-07-17
2026-07-17 11:37:00+05:30,20.15,20.35,19.25,19.5,165685,3524040,10.0089,24246.9,24550.0,24450,ATM+6,CALL,24150,2026-07-17
2026-07-17 11:38:00+05:30,19.55,20.4,19.4,20.4,153465,3498235,10.052824,24251.2,24550.0,24450,ATM+6,CALL,24150,2026-07-17
2026-07-17 11:39:00+05:30,20.5,21.2,20.35,21.15,120055,3472625,10.029211,24257.05,24550.0,24450,ATM+6,CALL,24150,2026-07-17
2026-07-17 11:40:00+05:30,21.0,21.25,20.5,21.1,97565,3451695,9.985566,24258.5,24550.0,24450,ATM+6,CALL,24150,2026-07-17
2026-07-17 11:41:00+05:30,21.15,22.4,21.1,22.25,248950,3462485,10.04753,24263.3,24550.0,24450,ATM+6,CALL,24150,2026-07-17
2026-07-17 11:42:00+05:30,22.4,22.55,21.4,21.5,158145,3444220,9.978206,24261.4,24550.0,24450,ATM+6,CALL,24150,2026-07-17
2026-07-17 11:43:00+05:30,21.55,22.2,21.25,21.95,151255,3449485,10.032779,24262.1,24550.0,24450,ATM+6,CALL,24150,2026-07-17
2026-07-17 11:44:00+05:30,21.8,22.9,21.7,22.4,179660,3436355,9.974071,24267.2,24550.0,24450,ATM+6,CALL,24150,2026-07-17
2026-07-17 11:45:00+05:30,22.45,23.25,22.35,22.7,211120,3445195,9.909715,24271.55,24550.0,24450,ATM+6,CALL,24150,2026-07-17
2026-07-17 11:46:00+05:30,22.9,23.1,22.25,22.75,123890,3453255,9.982799,24269.05,24550.0,24450,ATM+6,CALL,24150,2026-07-17
2026-07-17 11:47:00+05:30,22.75,22.85,21.5,22.0,131820,3453515,9.93608,24266.35,24550.0,24450,ATM+6,CALL,24150,2026-07-17
2026-07-17 11:48:00+05:30,21.9,22.7,21.7,21.9,79235,3454425,9.888107,24267.65,24550.0,24450,ATM+6,CALL,24150,2026-07-17
2026-07-17 11:49:00+05:30,22.0,22.4,21.75,21.85,45175,3463200,9.881196,24267.65,24550.0,24450,ATM+6,CALL,24150,2026-07-17
2026-07-17 11:50:00+05:30,21.95,22.25,21.55,22.1,62660,3465670,9.845781,24270.6,24550.0,24450,ATM+6,CALL,24150,2026-07-17
2026-07-17 11:51:00+05:30,22.25,22.8,22.1,22.2,112840,3455855,9.817361,24272.35,24550.0,24450,ATM+6,CALL,24150,2026-07-17
2026-07-17 11:52:00+05:30,22.4,23.8,22.2,23.8,175695,3456375,10.024965,24273.85,24550.0,24450,ATM+6,CALL,24150,2026-07-17
2026-07-17 11:53:00+05:30,16.95,17.75,16.55,16.95,560625,7952165,9.998134,24278.7,24600.0,24450,ATM+6,CALL,24150,2026-07-17
2026-07-17 11:54:00+05:30,17.1,17.5,16.95,17.05,359060,7974785,10.010069,24279.0,24600.0,24450,ATM+6,CALL,24150,2026-07-17
2026-07-17 11:55:00+05:30,24.2,24.45,22.9,22.9,221195,3468010,9.865957,24274.8,24550.0,24450,ATM+6,CALL,24150,2026-07-17
2026-07-17 11:56:00+05:30,16.25,17.35,15.85,16.9,387465,7999355,9.952615,24280.35,24600.0,24450,ATM+6,CALL,24150,2026-07-17
2026-07-17 11:57:00+05:30,17.1,17.3,16.75,16.75,211380,7995715,9.95007,24279.35,24600.0,24450,ATM+6,CALL,24150,2026-07-17
2026-07-17 11:58:00+05:30,23.6,23.85,22.55,22.75,176930,3490240,9.840588,24275.0,24550.0,24450,ATM+6,CALL,24150,2026-07-17
2026-07-17 11:59:00+05:30,16.15,16.6,15.95,16.2,183755,8004425,9.886451,24277.85,24600.0,24450,ATM+6,CALL,24150,2026-07-17
2026-07-17 12:00:00+05:30,22.6,23.45,21.45,21.8,235430,3487510,9.800581,24270.9,24550.0,24450,ATM+6,CALL,24150,2026-07-17
2026-07-17 12:01:00+05:30,21.8,22.3,21.1,21.85,202605,3497585,9.879748,24268.15,24550.0,24450,ATM+6,CALL,24150,2026-07-17
2026-07-17 12:02:00+05:30,21.55,21.85,20.9,21.2,114075,3487705,9.799559,24267.3,24550.0,24450,ATM+6,CALL,24150,2026-07-17
2026-07-17 12:03:00+05:30,15.15,16.25,15.05,16.25,231725,8034520,9.954956,24275.5,24600.0,24450,ATM+6,CALL,24150,2026-07-17
2026-07-17 12:04:00+05:30,23.0,23.55,22.8,23.2,146835,3487835,9.919104,24274.85,24550.0,24450,ATM+6,CALL,24150,2026-07-17
2026-07-17 12:05:00+05:30,22.75,23.3,22.35,22.5,91130,3494790,9.828059,24274.25,24550.0,24450,ATM+6,CALL,24150,2026-07-17
2026-07-17 12:06:00+05:30,22.45,22.55,21.25,21.45,101595,3493555,9.830274,24267.8,24550.0,24450,ATM+6,CALL,24150,2026-07-17
2026-07-17 12:07:00+05:30,21.7,21.8,20.4,20.65,119860,3489525,9.816161,24263.35,24550.0,24450,ATM+6,CALL,24150,2026-07-17
2026-07-17 12:08:00+05:30,20.75,21.6,20.3,21.6,129350,3492255,9.848231,24268.1,24550.0,24450,ATM+6,CALL,24150,2026-07-17
2026-07-17 12:09:00+05:30,21.5,22.6,21.45,22.4,135005,3491800,9.817657,24274.2,24550.0,24450,ATM+6,CALL,24150,2026-07-17
2026-07-17 12:10:00+05:30,22.35,23.4,22.35,22.5,213395,3488030,9.839234,24274.0,24550.0,24450,ATM+6,CALL,24150,2026-07-17
2026-07-17 12:11:00+05:30,22.75,22.75,21.8,22.0,122850,3492905,9.825565,24271.55,24550.0,24450,ATM+6,CALL,24150,2026-07-17
2026-07-17 12:12:00+05:30,15.65,16.15,15.4,15.85,123825,8042385,9.879394,24275.9,24600.0,24450,ATM+6,CALL,24150,2026-07-17
2026-07-17 12:13:00+05:30,22.25,22.95,21.35,21.5,62725,3496415,9.77583,24270.5,24550.0,24450,ATM+6,CALL,24150,2026-07-17
2026-07-17 12:14:00+05:30,15.3,16.3,15.15,16.05,210795,8036990,9.903341,24276.55,24600.0,24450,ATM+6,CALL,24150,2026-07-17
2026-07-17 12:15:00+05:30,16.2,16.3,15.9,16.2,106730,8042840,9.838762,24280.5,24600.0,24450,ATM+6,CALL,24150,2026-07-17
2026-07-17 12:16:00+05:30,22.8,23.25,21.3,21.55,134940,3501745,9.689204,24274.3,24550.0,24450,ATM+6,CALL,24150,2026-07-17
2026-07-17 12:17:00+05:30,21.65,21.8,20.8,21.75,104065,3498170,9.775378,24272.2,24550.0,24450,ATM+6,CALL,24150,2026-07-17
2026-07-17 12:18:00+05:30,15.45,16.15,15.3,16.1,139750,8040565,9.93766,24275.65,24600.0,24450,ATM+6,CALL,24150,2026-07-17
2026-07-17 12:19:00+05:30,16.0,16.1,15.55,15.55,90675,8055905,9.84003,24275.45,24600.0,24450,ATM+6,CALL,24150,2026-07-17
2026-07-17 12:20:00+05:30,15.55,16.15,15.55,16.1,209430,8096075,9.819023,24280.75,24600.0,24450,ATM+6,CALL,24150,2026-07-17
2026-07-17 12:21:00+05:30,16.05,16.1,15.65,15.7,78780,8110050,9.774954,24279.5,24600.0,24450,ATM+6,CALL,24150,2026-07-17
2026-07-17 12:22:00+05:30,22.0,22.05,21.35,22.0,71110,3508245,9.826947,24271.9,24550.0,24450,ATM+6,CALL,24150,2026-07-17
2026-07-17 12:23:00+05:30,15.8,16.75,15.6,16.4,182325,8076510,9.870068,24281.05,24600.0,24450,ATM+6,CALL,24150,2026-07-17
2026-07-17 12:24:00+05:30,16.65,16.9,16.2,16.6,159640,8076510,9.891026,24281.75,24600.0,24450,ATM+6,CALL,24150,2026-07-17
2026-07-17 12:25:00+05:30,16.65,18.1,16.6,16.95,552760,8063575,10.028521,24278.7,24600.0,24450,ATM+6,CALL,24150,2026-07-17
2026-07-17 12:26:00+05:30,17.05,17.35,16.5,16.5,275990,8109855,9.980342,24277.3,24600.0,24450,ATM+6,CALL,24150,2026-07-17
2026-07-17 12:27:00+05:30,16.5,17.3,16.5,16.8,173875,8090225,10.006642,24278.55,24600.0,24450,ATM+6,CALL,24150,2026-07-17
2026-07-17 12:28:00+05:30,16.8,17.2,16.7,16.85,250640,8086260,10.032219,24277.9,24600.0,24450,ATM+6,CALL,24150,2026-07-17
2026-07-17 12:29:00+05:30,16.9,16.95,16.4,16.6,117650,8121815,9.993289,24277.65,24600.0,24450,ATM+6,CALL,24150,2026-07-17
2026-07-17 12:30:00+05:30,23.3,23.3,22.5,22.9,117130,3492840,9.905654,24274.55,24550.0,24450,ATM+6,CALL,24150,2026-07-17
2026-07-17 12:31:00+05:30,16.4,16.8,16.15,16.65,167505,8055060,10.017462,24277.1,24600.0,24450,ATM+6,CALL,24150,2026-07-17
2026-07-17 12:32:00+05:30,23.55,23.8,22.7,22.7,82030,3483090,9.897477,24273.75,24550.0,24450,ATM+6,CALL,24150,2026-07-17
2026-07-17 12:33:00+05:30,16.2,16.9,16.2,16.85,116350,8082685,9.976151,24280.45,24600.0,24450,ATM+6,CALL,24150,2026-07-17
2026-07-17 12:34:00+05:30,16.9,17.4,16.85,16.85,263120,8087495,9.960386,24281.15,24600.0,24450,ATM+6,CALL,24150,2026-07-17
2026-07-17 12:35:00+05:30,16.85,17.1,16.55,16.6,88400,8051745,9.912119,24281.3,24600.0,24450,ATM+6,CALL,24150,2026-07-17
2026-07-17 12:36:00+05:30,16.8,16.9,16.45,16.55,73970,8045505,9.895565,24281.65,24600.0,24450,ATM+6,CALL,24150,2026-07-17
2026-07-17 12:37:00+05:30,16.6,16.8,16.0,16.0,90220,8049080,9.860136,24278.9,24600.0,24450,ATM+6,CALL,24150,2026-07-17
2026-07-17 12:38:00+05:30,15.95,16.25,15.5,16.0,233805,8063900,9.870534,24278.5,24600.0,24450,ATM+6,CALL,24150,2026-07-17
2026-07-17 12:39:00+05:30,16.05,16.15,15.6,15.8,80405,8064940,9.851768,24277.75,24600.0,24450,ATM+6,CALL,24150,2026-07-17
2026-07-17 12:40:00+05:30,22.2,22.4,21.15,21.2,155350,3524365,9.854482,24266.55,24550.0,24450,ATM+6,CALL,24150,2026-07-17
2026-07-17 12:41:00+05:30,21.25,21.8,20.4,21.7,227240,3533010,9.870969,24269.05,24550.0,24450,ATM+6,CALL,24150,2026-07-17
2026-07-17 12:42:00+05:30,15.55,16.25,15.4,16.15,235625,8085025,9.863128,24280.15,24600.0,24450,ATM+6,CALL,24150,2026-07-17
2026-07-17 12:43:00+05:30,23.1,23.1,21.7,22.0,92040,3530410,9.766894,24275.0,24550.0,24450,ATM+6,CALL,24150,2026-07-17
2026-07-17 12:44:00+05:30,15.6,16.15,15.55,16.05,135200,8096465,9.919818,24277.05,24600.0,24450,ATM+6,CALL,24150,2026-07-17
2026-07-17 12:45:00+05:30,16.2,17.5,16.05,17.25,487825,8106995,9.986935,24283.5,24600.0,24450,ATM+6,CALL,24150,2026-07-17
2026-07-17 12:46:00+05:30,17.2,17.25,16.65,16.95,207545,8091525,9.963653,24282.25,24600.0,24450,ATM+6,CALL,24150,2026-07-17
2026-07-17 12:47:00+05:30,16.95,17.3,16.8,17.2,143130,8089965,9.906487,24286.55,24600.0,24450,ATM+6,CALL,24150,2026-07-17
2026-07-17 12:48:00+05:30,17.2,17.75,16.9,17.65,285350,8101210,9.970865,24287.25,24600.0,24450,ATM+6,CALL,24150,2026-07-17
2026-07-17 12:49:00+05:30,18.05,20.3,17.65,19.15,1537315,8061755,10.068021,24294.0,24600.0,24450,ATM+6,CALL,24150,2026-07-17
2026-07-17 12:50:00+05:30,18.75,19.15,16.65,16.65,553800,8070270,9.88054,24283.6,24600.0,24450,ATM+6,CALL,24150,2026-07-17
2026-07-17 12:51:00+05:30,16.55,16.85,16.1,16.5,397540,8120255,9.907709,24281.35,24600.0,24450,ATM+6,CALL,24150,2026-07-17
2026-07-17 12:52:00+05:30,16.6,16.65,15.95,15.95,313170,8191820,9.844802,24279.75,24600.0,24450,ATM+6,CALL,24150,2026-07-17
2026-07-17 12:53:00+05:30,22.55,22.85,21.45,21.85,286715,3443505,9.817328,24272.5,24550.0,24450,ATM+6,CALL,24150,2026-07-17
2026-07-17 12:54:00+05:30,21.8,21.85,21.25,21.45,164645,3465020,9.719293,24273.9,24550.0,24450,ATM+6,CALL,24150,2026-07-17
2026-07-17 12:55:00+05:30,21.6,22.5,21.2,21.3,216320,3459235,9.765773,24271.2,24550.0,24450,ATM+6,CALL,24150,2026-07-17
2026-07-17 12:56:00+05:30,21.35,22.25,21.3,22.05,141180,3444090,9.798606,24274.55,24550.0,24450,ATM+6,CALL,24150,2026-07-17
2026-07-17 12:57:00+05:30,15.7,16.8,15.65,16.35,286975,8174660,9.909565,24280.35,24600.0,24450,ATM+6,CALL,24150,2026-07-17
2026-07-17 12:58:00+05:30,16.35,16.65,15.85,15.85,107055,8178300,9.850676,24278.95,24600.0,24450,ATM+6,CALL,24150,2026-07-17
2026-07-17 12:59:00+05:30,16.1,16.7,15.85,16.5,156455,8184150,9.868763,24283.3,24600.0,24450,ATM+6,CALL,24150,2026-07-17
2026-07-17 13:00:00+05:30,16.85,17.05,16.2,16.3,148850,8180705,9.844844,24282.8,24600.0,24450,ATM+6,CALL,24150,2026-07-17
2026-07-17 13:01:00+05:30,16.4,17.25,16.3,16.45,102115,8182785,9.850736,24283.75,24600.0,24450,ATM+6,CALL,24150,2026-07-17
2026-07-17 13:02:00+05:30,16.4,16.45,15.75,15.75,131430,8183305,9.842758,24278.65,24600.0,24450,ATM+6,CALL,24150,2026-07-17
2026-07-17 13:03:00+05:30,15.75,16.05,15.4,15.7,145990,8180770,9.785849,24280.7,24600.0,24450,ATM+6,CALL,24150,2026-07-17
2026-07-17 13:04:00+05:30,15.8,16.3,15.7,15.9,71565,8177585,9.844388,24279.85,24600.0,24450,ATM+6,CALL,24150,2026-07-17
2026-07-17 13:05:00+05:30,15.9,15.9,15.5,15.8,143715,8173165,9.797009,24281.1,24600.0,24450,ATM+6,CALL,24150,2026-07-17
2026-07-17 13:06:00+05:30,15.8,16.05,15.6,15.95,125645,8134165,9.758332,24283.95,24600.0,24450,ATM+6,CALL,24150,2026-07-17
2026-07-17 13:07:00+05:30,16.0,16.45,15.2,15.25,193960,8130915,9.804473,24276.45,24600.0,24450,ATM+6,CALL,24150,2026-07-17
2026-07-17 13:08:00+05:30,15.45,15.7,15.25,15.5,142870,8121230,9.77528,24279.75,24600.0,24450,ATM+6,CALL,24150,2026-07-17
2026-07-17 13:09:00+05:30,15.45,15.65,15.15,15.25,177970,8105045,9.769936,24278.0,24600.0,24450,ATM+6,CALL,24150,2026-07-17
2026-07-17 13:10:00+05:30,15.3,15.5,15.25,15.35,82420,8090550,9.754619,24279.5,24600.0,24450,ATM+6,CALL,24150,2026-07-17
2026-07-17 13:11:00+05:30,15.5,15.7,15.3,15.35,88400,8083725,9.760263,24279.3,24600.0,24450,ATM+6,CALL,24150,2026-07-17
2026-07-17 13:12:00+05:30,15.25,15.45,14.8,14.8,243750,8082945,9.701537,24277.35,24600.0,24450,ATM+6,CALL,24150,2026-07-17
2026-07-17 13:13:00+05:30,14.75,15.3,14.75,15.25,117130,8057725,9.810107,24276.45,24600.0,24450,ATM+6,CALL,24150,2026-07-17
2026-07-17 13:14:00+05:30,15.3,15.75,15.2,15.35,125125,8059545,9.686448,24282.55,24600.0,24450,ATM+6,CALL,24150,2026-07-17
2026-07-17 13:15:00+05:30,21.5,21.85,19.35,20.0,300885,3561610,9.557954,24271.9,24550.0,24450,ATM+6,CALL,24150,2026-07-17
2026-07-17 13:16:00+05:30,19.95,20.45,19.75,20.25,91195,3536715,9.576489,24272.8,24550.0,24450,ATM+6,CALL,24150,2026-07-17
2026-07-17 13:17:00+05:30,14.3,14.6,14.05,14.55,134550,8060130,9.703108,24275.4,24600.0,24450,ATM+6,CALL,24150,2026-07-17
2026-07-17 13:18:00+05:30,20.55,21.15,20.15,20.5,110305,3550560,9.625016,24272.55,24550.0,24450,ATM+6,CALL,24150,2026-07-17
2026-07-17 13:19:00+05:30,20.45,20.5,19.8,20.0,125970,3552900,9.499415,24274.35,24550.0,24450,ATM+6,CALL,24150,2026-07-17
2026-07-17 13:20:00+05:30,14.1,14.65,14.05,14.35,105040,8050055,9.622517,24277.3,24600.0,24450,ATM+6,CALL,24150,2026-07-17
2026-07-17 13:21:00+05:30,14.25,14.45,13.9,13.9,171600,8054930,9.531187,24277.45,24600.0,24450,ATM+6,CALL,24150,2026-07-17
2026-07-17 13:22:00+05:30,20.0,20.2,19.65,20.05,65715,3600090,9.510278,24274.35,24550.0,24450,ATM+6,CALL,24150,2026-07-17
2026-07-17 13:23:00+05:30,20.0,20.3,19.3,19.35,79625,3611465,9.531033,24269.05,24550.0,24450,ATM+6,CALL,24150,2026-07-17
2026-07-17 13:24:00+05:30,19.55,19.9,18.6,18.7,214240,3623425,9.48907,24266.45,24550.0,24450,ATM+6,CALL,24150,2026-07-17
2026-07-17 13:25:00+05:30,18.55,19.6,18.1,19.6,169780,3619135,9.584165,24268.65,24550.0,24450,ATM+6,CALL,24150,2026-07-17
2026-07-17 13:26:00+05:30,19.7,19.85,18.6,18.85,102960,3595605,9.552334,24265.0,24550.0,24450,ATM+6,CALL,24150,2026-07-17
2026-07-17 13:27:00+05:30,18.8,18.85,18.1,18.1,90285,3593005,9.504775,24261.85,24550.0,24450,ATM+6,CALL,24150,2026-07-17
2026-07-17 13:28:00+05:30,18.3,18.55,18.05,18.4,121940,3592420,9.586642,24260.65,24550.0,24450,ATM+6,CALL,24150,2026-07-17
2026-07-17 13:29:00+05:30,18.55,19.4,18.4,18.7,102960,3582150,9.47241,24267.3,24550.0,24450,ATM+6,CALL,24150,2026-07-17
2026-07-17 13:30:00+05:30,19.0,19.4,18.65,19.2,109850,3598920,9.49508,24269.75,24550.0,24450,ATM+6,CALL,24150,2026-07-17
2026-07-17 13:31:00+05:30,19.4,20.2,18.95,19.1,134745,3603795,9.522199,24268.05,24550.0,24450,ATM+6,CALL,24150,2026-07-17
2026-07-17 13:32:00+05:30,19.15,19.45,18.45,19.0,79430,3620370,9.545402,24266.5,24550.0,24450,ATM+6,CALL,24150,2026-07-17
2026-07-17 13:33:00+05:30,18.95,19.0,18.45,18.8,53170,3610685,9.5767,24263.95,24550.0,24450,ATM+6,CALL,24150,2026-07-17
2026-07-17 13:34:00+05:30,18.8,19.25,18.45,19.1,121030,3634605,9.584022,24265.7,24550.0,24450,ATM+6,CALL,24150,2026-07-17
2026-07-17 13:35:00+05:30,19.2,19.9,19.1,19.6,88595,3616340,9.620009,24267.6,24550.0,24450,ATM+6,CALL,24150,2026-07-17
2026-07-17 13:36:00+05:30,19.65,20.5,19.55,19.55,203190,3613610,9.557114,24269.8,24550.0,24450,ATM+6,CALL,24150,2026-07-17
2026-07-17 13:37:00+05:30,19.55,20.0,18.55,18.55,131365,3621995,9.51955,24264.7,24550.0,24450,ATM+6,CALL,24150,2026-07-17
2026-07-17 13:38:00+05:30,18.75,19.05,18.4,18.4,105300,3617835,9.467675,24265.8,24550.0,24450,ATM+6,CALL,24150,2026-07-17
2026-07-17 13:39:00+05:30,18.55,19.05,18.4,18.75,82940,3630055,9.434839,24269.5,24550.0,24450,ATM+6,CALL,24150,2026-07-17
2026-07-17 13:40:00+05:30,18.65,18.75,16.9,17.25,337415,3655665,9.458521,24258.25,24550.0,24450,ATM+6,CALL,24150,2026-07-17
2026-07-17 13:41:00+05:30,17.3,17.5,16.5,17.5,418665,3648255,9.591613,24254.65,24550.0,24450,ATM+6,CALL,24150,2026-07-17
2026-07-17 13:42:00+05:30,17.55,17.55,16.45,16.7,178100,3794115,9.535193,24251.2,24550.0,24450,ATM+6,CALL,24150,2026-07-17
2026-07-17 13:43:00+05:30,16.65,16.8,16.15,16.8,347880,3793335,9.623307,24248.35,24550.0,24450,ATM+6,CALL,24150,2026-07-17
2026-07-17 13:44:00+05:30,16.8,17.1,16.1,16.75,153205,3792490,9.471733,24254.25,24550.0,24450,ATM+6,CALL,24150,2026-07-17
2026-07-17 13:45:00+05:30,16.65,17.05,16.25,16.85,107510,3783650,9.535558,24252.4,24550.0,24450,ATM+6,CALL,24150,2026-07-17
2026-07-17 13:46:00+05:30,16.75,17.0,15.3,15.3,250900,3783065,9.429642,24245.1,24550.0,24450,ATM+6,CALL,24150,2026-07-17
2026-07-17 13:47:00+05:30,15.4,15.6,14.6,15.0,466310,3769480,9.526149,24238.7,24550.0,24450,ATM+6,CALL,24150,2026-07-17
2026-07-17 13:48:00+05:30,14.95,15.55,14.8,15.45,139230,3816345,9.412832,24247.05,24550.0,24450,ATM+6,CALL,24150,2026-07-17
2026-07-17 13:49:00+05:30,15.5,15.55,14.8,14.95,219765,3808740,9.488855,24239.95,24550.0,24450,ATM+6,CALL,24150,2026-07-17
2026-07-17 13:50:00+05:30,14.9,15.1,14.35,14.65,242255,3804450,9.736113,24227.05,24550.0,24450,ATM+6,CALL,24150,2026-07-17
2026-07-17 13:51:00+05:30,20.45,20.6,18.45,19.15,1446510,9616685,9.623044,24215.95,24500.0,24450,ATM+6,CALL,24150,2026-07-17
2026-07-17 13:52:00+05:30,19.15,20.05,19.15,19.85,858390,9495460,9.577535,24222.35,24500.0,24450,ATM+6,CALL,24150,2026-07-17
2026-07-17 13:53:00+05:30,14.1,14.4,14.0,14.25,280735,3715920,9.60892,24229.25,24550.0,24450,ATM+6,CALL,24150,2026-07-17
2026-07-17 13:54:00+05:30,14.35,14.65,14.05,14.45,180765,3758950,9.584645,24232.0,24550.0,24450,ATM+6,CALL,24150,2026-07-17
2026-07-17 13:55:00+05:30,14.3,14.85,14.05,14.75,142805,3765970,9.537748,24236.5,24550.0,24450,ATM+6,CALL,24150,2026-07-17
2026-07-17 13:56:00+05:30,14.65,14.75,14.05,14.3,125970,3773445,9.53958,24232.75,24550.0,24450,ATM+6,CALL,24150,2026-07-17
2026-07-17 13:57:00+05:30,14.4,14.7,14.3,14.65,135395,3785535,9.586334,24233.7,24550.0,24450,ATM+6,CALL,24150,2026-07-17
2026-07-17 13:58:00+05:30,14.75,15.2,14.5,15.05,248235,3785340,9.57191,24237.6,24550.0,24450,ATM+6,CALL,24150,2026-07-17
2026-07-17 13:59:00+05:30,15.05,17.25,15.05,16.8,338780,3769870,9.59565,24250.1,24550.0,24450,ATM+6,CALL,24150,2026-07-17
2026-07-17 14:00:00+05:30,16.55,17.05,16.1,16.65,236795,3740425,9.601246,24248.8,24550.0,24450,ATM+6,CALL,24150,2026-07-17
2026-07-17 14:01:00+05:30,16.7,16.9,16.15,16.7,222560,3751215,9.659779,24246.8,24550.0,24450,ATM+6,CALL,24150,2026-07-17
2026-07-17 14:02:00+05:30,16.5,16.7,15.7,16.05,124800,3743545,9.619562,24243.6,24550.0,24450,ATM+6,CALL,24150,2026-07-17
2026-07-17 14:03:00+05:30,16.2,16.8,16.0,16.8,66105,3742440,9.69306,24246.25,24550.0,24450,ATM+6,CALL,24150,2026-07-17
2026-07-17 14:04:00+05:30,16.85,17.65,16.8,17.05,182195,3741660,9.638911,24250.35,24550.0,24450,ATM+6,CALL,24150,2026-07-17
2026-07-17 14:05:00+05:30,17.1,18.05,17.05,17.65,226590,3730870,9.639042,24254.7,24550.0,24450,ATM+6,CALL,24150,2026-07-17
2026-07-17 14:06:00+05:30,17.5,17.75,16.85,16.85,131950,3751540,9.622113,24249.65,24550.0,24450,ATM+6,CALL,24150,2026-07-17
2026-07-17 14:07:00+05:30,16.95,17.25,16.7,17.2,94120,3746925,9.65129,24251.05,24550.0,24450,ATM+6,CALL,24150,2026-07-17
2026-07-17 14:08:00+05:30,17.2,17.5,16.5,16.8,102050,3749005,9.579669,24251.1,24550.0,24450,ATM+6,CALL,24150,2026-07-17
2026-07-17 14:09:00+05:30,16.85,17.45,16.8,17.25,63960,3750890,9.615464,24252.95,24550.0,24450,ATM+6,CALL,24150,2026-07-17
2026-07-17 14:10:00+05:30,17.25,17.8,17.2,17.65,95810,3754985,9.660991,24254.0,24550.0,24450,ATM+6,CALL,24150,2026-07-17
2026-07-17 14:11:00+05:30,17.85,19.35,17.65,19.15,413205,3740815,9.638326,24265.25,24550.0,24450,ATM+6,CALL,24150,2026-07-17
2026-07-17 14:12:00+05:30,19.05,20.25,19.05,19.6,352820,3764800,9.553288,24271.6,24550.0,24450,ATM+6,CALL,24150,2026-07-17
2026-07-17 14:13:00+05:30,13.8,15.45,13.8,14.95,712205,7440420,9.790156,24277.25,24600.0,24450,ATM+6,CALL,24150,2026-07-17
2026-07-17 14:14:00+05:30,15.25,16.8,14.95,16.8,984360,7439250,10.06169,24280.55,24600.0,24450,ATM+6,CALL,24150,2026-07-17
2026-07-17 14:15:00+05:30,11.7,20.8,11.7,20.55,2595385,3661905,10.331702,24345.4,24650.0,24450,ATM+6,CALL,24150,2026-07-17
2026-07-17 14:16:00+05:30,20.9,26.6,18.9,26.5,3652285,3688490,10.818909,24362.9,24650.0,24450,ATM+6,CALL,24150,2026-07-17
2026-07-17 14:17:00+05:30,26.45,27.75,21.9,22.1,2610335,3491670,10.536976,24347.45,24650.0,24450,ATM+6,CALL,24150,2026-07-17
2026-07-17 14:18:00+05:30,22.45,22.45,18.6,18.8,1526265,3565835,10.350445,24332.7,24650.0,24450,ATM+6,CALL,24150,2026-07-17
2026-07-17 14:19:00+05:30,26.4,27.0,22.0,22.0,1755780,7152275,10.264186,24308.45,24600.0,24450,ATM+6,CALL,24150,2026-07-17
2026-07-17 14:20:00+05:30,22.3,24.2,22.0,22.25,1273285,7014345,10.194447,24312.75,24600.0,24450,ATM+6,CALL,24150,2026-07-17
2026-07-17 14:21:00+05:30,22.4,23.6,21.05,21.65,1096355,6978335,10.186754,24309.35,24600.0,24450,ATM+6,CALL,24150,2026-07-17
2026-07-17 14:22:00+05:30,21.8,21.8,20.1,20.1,955045,7016620,10.146251,24300.95,24600.0,24450,ATM+6,CALL,24150,2026-07-17
2026-07-17 14:23:00+05:30,19.8,20.7,19.5,19.5,739245,6990035,10.252057,24292.7,24600.0,24450,ATM+6,CALL,24150,2026-07-17
2026-07-17 14:24:00+05:30,19.75,20.15,19.35,19.8,507780,6971575,10.164259,24298.3,24600.0,24450,ATM+6,CALL,24150,2026-07-17
2026-07-17 14:25:00+05:30,19.7,21.75,19.15,21.2,769275,6962345,10.170142,24307.3,24600.0,24450,ATM+6,CALL,24150,2026-07-17
2026-07-17 14:26:00+05:30,21.45,22.9,21.2,22.65,845260,6991985,10.302724,24311.25,24600.0,24450,ATM+6,CALL,24150,2026-07-17
2026-07-17 14:27:00+05:30,22.25,23.1,22.0,22.5,595140,6961630,10.287675,24310.95,24600.0,24450,ATM+6,CALL,24150,2026-07-17
2026-07-17 14:28:00+05:30,23.0,23.85,22.4,22.7,622570,6949475,10.357944,24309.5,24600.0,24450,ATM+6,CALL,24150,2026-07-17
2026-07-17 14:29:00+05:30,21.6,22.7,18.25,18.65,1414205,7121010,10.241944,24287.4,24600.0,24450,ATM+6,CALL,24150,2026-07-17
2026-07-17 14:30:00+05:30,18.7,21.5,18.6,21.15,991640,7185880,10.234462,24304.65,24600.0,24450,ATM+6,CALL,24150,2026-07-17
2026-07-17 14:31:00+05:30,21.25,21.3,19.75,19.85,405665,7179055,10.129453,24300.3,24600.0,24450,ATM+6,CALL,24150,2026-07-17
2026-07-17 14:32:00+05:30,19.85,20.55,19.0,19.5,589485,7244965,10.100021,24299.15,24600.0,24450,ATM+6,CALL,24150,2026-07-17
2026-07-17 14:33:00+05:30,19.3,20.35,19.2,20.0,408265,7248085,10.275933,24295.55,24600.0,24450,ATM+6,CALL,24150,2026-07-17
2026-07-17 14:34:00+05:30,19.95,20.8,19.7,20.5,298415,7270835,10.29941,24298.0,24600.0,24450,ATM+6,CALL,24150,2026-07-17
2026-07-17 14:35:00+05:30,20.5,20.75,20.1,20.1,250575,7295990,10.216963,24298.65,24600.0,24450,ATM+6,CALL,24150,2026-07-17
2026-07-17 14:36:00+05:30,20.25,20.25,19.1,19.6,380250,7309965,10.268413,24293.25,24600.0,24450,ATM+6,CALL,24150,2026-07-17
2026-07-17 14:37:00+05:30,19.5,20.0,19.2,19.35,301795,7321990,10.231531,24293.05,24600.0,24450,ATM+6,CALL,24150,2026-07-17
2026-07-17 14:38:00+05:30,19.25,20.65,18.7,20.1,500240,7349355,10.212404,24298.95,24600.0,24450,ATM+6,CALL,24150,2026-07-17
2026-07-17 14:39:00+05:30,20.0,20.25,19.6,20.2,232765,7376850,10.256633,24297.9,24600.0,24450,ATM+6,CALL,24150,2026-07-17
2026-07-17 14:40:00+05:30,20.25,20.9,20.1,20.4,315510,7380880,10.187716,24302.0,24600.0,24450,ATM+6,CALL,24150,2026-07-17
2026-07-17 14:41:00+05:30,20.3,22.15,20.0,22.15,497835,7384065,10.222647,24311.85,24600.0,24450,ATM+6,CALL,24150,2026-07-17
2026-07-17 14:42:00+05:30,21.85,22.15,20.8,21.7,469755,7363590,10.188739,24310.4,24600.0,24450,ATM+6,CALL,24150,2026-07-17
2026-07-17 14:43:00+05:30,21.8,22.9,21.2,21.65,574405,7332130,10.137973,24312.1,24600.0,24450,ATM+6,CALL,24150,2026-07-17
2026-07-17 14:44:00+05:30,21.65,23.35,21.65,22.4,395070,7339605,10.115179,24317.65,24600.0,24450,ATM+6,CALL,24150,2026-07-17
2026-07-17 14:45:00+05:30,22.9,22.9,22.0,22.25,424450,7341750,10.04441,24319.5,24600.0,24450,ATM+6,CALL,24150,2026-07-17
2026-07-17 14:46:00+05:30,15.85,16.95,15.5,16.7,363870,3292575,10.184671,24325.05,24650.0,24450,ATM+6,CALL,24150,2026-07-17
2026-07-17 14:47:00+05:30,23.25,23.45,22.45,22.7,341575,7310550,10.062464,24321.6,24600.0,24450,ATM+6,CALL,24150,2026-07-17
2026-07-17 14:48:00+05:30,22.65,23.15,21.95,23.05,463320,7322185,10.153442,24320.25,24600.0,24450,ATM+6,CALL,24150,2026-07-17
2026-07-17 14:49:00+05:30,23.1,23.4,22.5,22.5,361140,7273890,9.970448,24324.0,24600.0,24450,ATM+6,CALL,24150,2026-07-17
2026-07-17 14:50:00+05:30,22.55,22.9,21.4,22.25,506545,7284615,10.036344,24320.0,24600.0,24450,ATM+6,CALL,24150,2026-07-17
2026-07-17 14:51:00+05:30,22.45,23.05,21.5,21.75,301470,7295600,10.034325,24317.05,24600.0,24450,ATM+6,CALL,24150,2026-07-17
2026-07-17 14:52:00+05:30,21.9,22.5,21.7,22.0,265850,7319780,10.009112,24319.6,24600.0,24450,ATM+6,CALL,24150,2026-07-17
2026-07-17 14:53:00+05:30,21.75,22.0,20.7,21.6,593645,7313410,9.923134,24320.5,24600.0,24450,ATM+6,CALL,24150,2026-07-17
2026-07-17 14:54:00+05:30,21.55,21.7,20.7,21.65,273455,7381855,9.920436,24320.95,24600.0,24450,ATM+6,CALL,24150,2026-07-17
2026-07-17 14:55:00+05:30,15.6,16.55,15.25,16.55,231465,3392675,10.109244,24327.4,24650.0,24450,ATM+6,CALL,24150,2026-07-17
2026-07-17 14:56:00+05:30,23.7,24.05,21.35,22.1,777465,7366580,9.891026,24324.9,24600.0,24450,ATM+6,CALL,24150,2026-07-17
2026-07-17 14:57:00+05:30,22.2,22.5,21.3,21.7,308945,7370675,9.914481,24321.6,24600.0,24450,ATM+6,CALL,24150,2026-07-17
2026-07-17 14:58:00+05:30,21.7,21.9,20.85,21.3,307580,7381530,9.999874,24315.85,24600.0,24450,ATM+6,CALL,24150,2026-07-17
2026-07-17 14:59:00+05:30,21.4,21.7,20.25,20.3,721955,7390955,9.942586,24311.75,24600.0,24450,ATM+6,CALL,24150,2026-07-17
2026-07-17 15:00:00+05:30,20.55,22.35,19.0,21.6,1767870,7437755,9.847046,24323.7,24600.0,24450,ATM+6,CALL,24150,2026-07-17
2026-07-17 15:01:00+05:30,15.85,17.15,15.05,15.75,875290,3373045,10.007423,24325.6,24650.0,24450,ATM+6,CALL,24150,2026-07-17
2026-07-17 15:02:00+05:30,21.8,22.3,20.95,21.8,435890,7428265,9.863828,24324.35,24600.0,24450,ATM+6,CALL,24150,2026-07-17
2026-07-17 15:03:00+05:30,21.7,22.0,20.3,20.45,387075,7408245,9.812881,24317.95,24600.0,24450,ATM+6,CALL,24150,2026-07-17
2026-07-17 15:04:00+05:30,20.05,21.5,20.0,21.15,481390,7408115,9.821762,24322.05,24600.0,24450,ATM+6,CALL,24150,2026-07-17
2026-07-17 15:05:00+05:30,15.35,16.35,15.1,16.25,310310,3396835,10.059368,24327.55,24650.0,24450,ATM+6,CALL,24150,2026-07-17
2026-07-17 15:06:00+05:30,16.3,16.85,16.1,16.55,278525,3403595,10.052789,24330.2,24650.0,24450,ATM+6,CALL,24150,2026-07-17
2026-07-17 15:07:00+05:30,16.5,17.25,16.4,16.85,310700,3394950,10.010255,24334.3,24650.0,24450,ATM+6,CALL,24150,2026-07-17
2026-07-17 15:08:00+05:30,16.8,16.85,15.9,16.05,246935,3389880,9.915814,24332.1,24650.0,24450,ATM+6,CALL,24150,2026-07-17
2026-07-17 15:09:00+05:30,15.95,16.6,15.6,16.2,257465,3405285,9.910061,24333.55,24650.0,24450,ATM+6,CALL,24150,2026-07-17
2026-07-17 15:10:00+05:30,16.1,16.2,14.95,15.15,365235,3435575,9.755303,24331.75,24650.0,24450,ATM+6,CALL,24150,2026-07-17
2026-07-17 15:11:00+05:30,15.35,15.7,15.15,15.45,167700,3451760,9.801748,24332.25,24650.0,24450,ATM+6,CALL,24150,2026-07-17
2026-07-17 15:12:00+05:30,15.5,16.2,15.4,15.8,250575,3457480,9.778157,24336.05,24650.0,24450,ATM+6,CALL,24150,2026-07-17
2026-07-17 15:13:00+05:30,15.75,15.8,15.1,15.4,169715,3447405,9.731039,24334.9,24650.0,24450,ATM+6,CALL,24150,2026-07-17
2026-07-17 15:14:00+05:30,15.15,15.6,14.55,14.7,297440,3405415,9.742878,24328.75,24650.0,24450,ATM+6,CALL,24150,2026-07-17
2026-07-17 15:15:00+05:30,20.45,20.5,19.2,19.35,1004380,7226570,9.493013,24323.85,24600.0,24450,ATM+6,CALL,24150,2026-07-17
2026-07-17 15:16:00+05:30,19.1,19.65,18.75,19.55,635570,7180875,9.551179,24322.9,24600.0,24450,ATM+6,CALL,24150,2026-07-17
2026-07-17 15:17:00+05:30,13.7,14.25,13.7,14.05,215020,3372980,9.692349,24325.55,24650.0,24450,ATM+6,CALL,24150,2026-07-17
2026-07-17 15:18:00+05:30,14.05,14.2,13.25,13.25,228670,3374410,9.456201,24328.8,24650.0,24450,ATM+6,CALL,24150,2026-07-17
2026-07-17 15:19:00+05:30,13.25,13.4,12.8,13.4,557700,3333200,9.483008,24329.0,24650.0,24450,ATM+6,CALL,24150,2026-07-17
2026-07-17 15:20:00+05:30,13.4,13.9,13.2,13.65,367380,3334565,9.442434,24332.95,24650.0,24450,ATM+6,CALL,24150,2026-07-17
2026-07-17 15:21:00+05:30,13.6,14.25,13.45,14.15,318565,3326440,9.538056,24333.15,24650.0,24450,ATM+6,CALL,24150,2026-07-17
2026-07-17 15:22:00+05:30,14.0,14.55,14.0,14.3,501410,3361215,9.481408,24336.85,24650.0,24450,ATM+6,CALL,24150,2026-07-17
2026-07-17 15:23:00+05:30,14.35,15.7,14.3,15.15,482560,3354975,9.620286,24337.95,24650.0,24450,ATM+6,CALL,24150,2026-07-17
2026-07-17 15:24:00+05:30,15.4,16.8,15.15,16.3,569205,3351205,9.720064,24342.8,24650.0,24450,ATM+6,CALL,24150,2026-07-17
2026-07-17 15:25:00+05:30,16.6,17.7,16.3,17.0,642915,3339570,9.795055,24345.0,24650.0,24450,ATM+6,CALL,24150,2026-07-17
2026-07-17 15:26:00+05:30,16.8,17.35,16.3,16.65,617435,3415490,9.786086,24342.8,24650.0,24450,ATM+6,CALL,24150,2026-07-17
2026-07-17 15:27:00+05:30,16.65,17.05,16.45,16.8,327015,3386045,9.785164,24344.0,24650.0,24450,ATM+6,CALL,24150,2026-07-17
2026-07-17 15:28:00+05:30,16.7,17.15,16.45,16.65,500175,3344250,9.870519,24339.4,24650.0,24450,ATM+6,CALL,24150,2026-07-17
2026-07-17 15:29:00+05:30,16.75,18.2,16.35,18.2,605345,3297255,9.970616,24346.7,24650.0,24450,ATM+6,CALL,24150,2026-07-17
2026-07-17 09:15:00+05:30,410.55,410.55,349.2,349.2,16120,94900,17.508745,24151.25,24450.0,24450,ATM+6,PUT,24150,2026-07-17
2026-07-17 09:16:00+05:30,343.85,349.2,330.1,330.1,20475,103350,16.947225,24171.0,24450.0,24450,ATM+6,PUT,24150,2026-07-17
2026-07-17 09:17:00+05:30,366.0,370.9,361.05,366.0,82940,877045,17.307261,24176.15,24500.0,24450,ATM+6,PUT,24150,2026-07-17
2026-07-17 09:18:00+05:30,366.0,366.0,351.5,353.3,82225,922740,16.791235,24187.4,24500.0,24450,ATM+6,PUT,24150,2026-07-17
2026-07-17 09:19:00+05:30,351.7,357.25,347.4,353.05,73385,951925,16.801775,24187.85,24500.0,24450,ATM+6,PUT,24150,2026-07-17
2026-07-17 09:20:00+05:30,353.5,355.0,345.4,352.0,46150,963365,16.670717,24187.75,24500.0,24450,ATM+6,PUT,24150,2026-07-17
2026-07-17 09:21:00+05:30,352.0,357.05,350.0,354.2,47320,963430,16.75675,24185.75,24500.0,24450,ATM+6,PUT,24150,2026-07-17
2026-07-17 09:22:00+05:30,353.55,356.55,350.25,351.85,32500,966095,16.741688,24188.75,24500.0,24450,ATM+6,PUT,24150,2026-07-17
2026-07-17 09:23:00+05:30,351.2,355.6,350.0,354.85,35230,972530,16.86985,24186.15,24500.0,24450,ATM+6,PUT,24150,2026-07-17
2026-07-17 09:24:00+05:30,354.45,356.25,346.4,347.35,40105,981240,16.487889,24191.9,24500.0,24450,ATM+6,PUT,24150,2026-07-17
2026-07-17 09:25:00+05:30,346.9,347.8,339.2,342.3,72670,986635,16.49576,24198.85,24500.0,24450,ATM+6,PUT,24150,2026-07-17
2026-07-17 09:26:00+05:30,341.0,344.7,338.95,344.7,34710,1027650,16.854801,24199.8,24500.0,24450,ATM+6,PUT,24150,2026-07-17
2026-07-17 09:27:00+05:30,343.5,346.0,336.6,339.05,46605,1045070,16.459909,24202.85,24500.0,24450,ATM+6,PUT,24150,2026-07-17
2026-07-17 09:28:00+05:30,339.8,341.8,338.4,338.4,25025,1066260,16.549867,24204.8,24500.0,24450,ATM+6,PUT,24150,2026-07-17
2026-07-17 09:29:00+05:30,339.5,340.05,333.6,333.6,49530,1076660,16.433048,24210.0,24500.0,24450,ATM+6,PUT,24150,2026-07-17
2026-07-17 09:30:00+05:30,334.0,342.2,331.0,339.75,71175,1081275,16.615161,24203.7,24500.0,24450,ATM+6,PUT,24150,2026-07-17
2026-07-17 09:31:00+05:30,340.0,346.55,338.1,346.35,36920,1107470,16.80194,24196.85,24500.0,24450,ATM+6,PUT,24150,2026-07-17
2026-07-17 09:32:00+05:30,346.55,349.05,339.0,339.0,34450,1096485,16.656205,24205.2,24500.0,24450,ATM+6,PUT,24150,2026-07-17
2026-07-17 09:33:00+05:30,338.0,340.85,333.0,334.6,25935,1099670,16.609242,24210.7,24500.0,24450,ATM+6,PUT,24150,2026-07-17
2026-07-17 09:34:00+05:30,333.7,342.0,329.25,340.0,80015,1112995,16.888752,24206.6,24500.0,24450,ATM+6,PUT,24150,2026-07-17
2026-07-17 09:35:00+05:30,339.9,341.4,337.5,340.0,31200,1154140,16.926781,24207.05,24500.0,24450,ATM+6,PUT,24150,2026-07-17
2026-07-17 09:36:00+05:30,340.5,344.0,337.0,337.45,26845,1158495,16.830229,24209.4,24500.0,24450,ATM+6,PUT,24150,2026-07-17
2026-07-17 09:37:00+05:30,336.2,339.45,331.1,331.8,21645,1159535,16.748475,24216.25,24500.0,24450,ATM+6,PUT,24150,2026-07-17
2026-07-17 09:38:00+05:30,330.7,333.0,327.0,329.35,71370,1169415,16.899082,24221.55,24500.0,24450,ATM+6,PUT,24150,2026-07-17
2026-07-17 09:39:00+05:30,328.5,332.75,326.6,331.5,45760,1198405,16.949802,24219.15,24500.0,24450,ATM+6,PUT,24150,2026-07-17
2026-07-17 09:40:00+05:30,333.0,333.0,328.1,329.75,30940,1208480,16.906111,24221.05,24500.0,24450,ATM+6,PUT,24150,2026-07-17
2026-07-17 09:41:00+05:30,329.55,332.8,328.0,332.0,21840,1224145,17.249051,24222.2,24500.0,24450,ATM+6,PUT,24150,2026-07-17
2026-07-17 09:42:00+05:30,330.0,332.0,327.1,328.35,20540,1224340,17.040527,24224.7,24500.0,24450,ATM+6,PUT,24150,2026-07-17
2026-07-17 09:43:00+05:30,368.0,370.7,368.0,369.5,1495,53690,17.627485,24225.15,24550.0,24450,ATM+6,PUT,24150,2026-07-17
2026-07-17 09:44:00+05:30,366.1,373.05,362.5,365.7,7800,56420,17.711098,24231.3,24550.0,24450,ATM+6,PUT,24150,2026-07-17
2026-07-17 09:45:00+05:30,363.75,365.7,355.2,363.95,12545,62465,17.779479,24234.5,24550.0,24450,ATM+6,PUT,24150,2026-07-17
2026-07-17 09:46:00+05:30,362.0,365.2,358.05,359.8,7670,66365,17.881839,24241.45,24550.0,24450,ATM+6,PUT,24150,2026-07-17
2026-07-17 09:47:00+05:30,360.25,364.35,355.15,364.35,6240,71890,17.981768,24236.35,24550.0,24450,ATM+6,PUT,24150,2026-07-17
2026-07-17 09:48:00+05:30,362.05,364.35,358.05,360.0,4940,75725,17.791362,24240.05,24550.0,24450,ATM+6,PUT,24150,2026-07-17
2026-07-17 09:49:00+05:30,361.0,365.55,360.0,363.15,2990,78455,17.887902,24236.85,24550.0,24450,ATM+6,PUT,24150,2026-07-17
2026-07-17 09:50:00+05:30,362.7,363.15,357.8,359.9,4225,80145,18.040751,24243.2,24550.0,24450,ATM+6,PUT,24150,2026-07-17
2026-07-17 09:51:00+05:30,359.9,371.9,359.45,370.65,2665,82680,18.088731,24228.9,24550.0,24450,ATM+6,PUT,24150,2026-07-17
2026-07-17 09:52:00+05:30,368.3,371.65,368.3,371.3,3835,83720,18.252554,24229.95,24550.0,24450,ATM+6,PUT,24150,2026-07-17
2026-07-17 09:53:00+05:30,371.85,371.9,365.85,365.85,1495,84630,17.889662,24233.1,24550.0,24450,ATM+6,PUT,24150,2026-07-17
2026-07-17 09:54:00+05:30,365.7,367.2,358.0,360.65,2665,85475,17.868002,24240.0,24550.0,24450,ATM+6,PUT,24150,2026-07-17
2026-07-17 09:55:00+05:30,361.65,372.15,360.65,372.15,2080,86255,18.374222,24230.2,24550.0,24450,ATM+6,PUT,24150,2026-07-17
2026-07-17 09:56:00+05:30,329.0,334.9,328.3,333.15,70330,1321255,17.462871,24223.1,24500.0,24450,ATM+6,PUT,24150,2026-07-17
2026-07-17 09:57:00+05:30,331.4,338.0,331.4,335.5,96590,1293110,17.431403,24219.35,24500.0,24450,ATM+6,PUT,24150,2026-07-17
2026-07-17 09:58:00+05:30,379.0,379.05,372.95,372.95,3185,86775,18.373799,24229.05,24550.0,24450,ATM+6,PUT,24150,2026-07-17
2026-07-17 09:59:00+05:30,370.0,374.0,368.55,369.0,1950,87230,17.9022,24228.85,24550.0,24450,ATM+6,PUT,24150,2026-07-17
2026-07-17 10:00:00+05:30,325.35,337.0,322.1,336.0,42445,1276730,17.669962,24221.65,24500.0,24450,ATM+6,PUT,24150,2026-07-17
2026-07-17 10:01:00+05:30,335.7,344.85,331.0,341.95,102050,1290640,17.602527,24212.35,24500.0,24450,ATM+6,PUT,24150,2026-07-17
2026-07-17 10:02:00+05:30,340.2,341.95,338.4,339.9,47190,1256385,17.655482,24215.9,24500.0,24450,ATM+6,PUT,24150,2026-07-17
2026-07-17 10:03:00+05:30,340.65,341.9,337.6,337.6,33865,1267435,17.323853,24214.95,24500.0,24450,ATM+6,PUT,24150,2026-07-17
2026-07-17 10:04:00+05:30,338.45,341.85,337.6,341.4,21970,1264575,17.714586,24214.5,24500.0,24450,ATM+6,PUT,24150,2026-07-17
2026-07-17 10:05:00+05:30,340.05,342.0,332.55,334.15,35620,1262170,17.4428,24221.3,24500.0,24450,ATM+6,PUT,24150,2026-07-17
2026-07-17 10:06:00+05:30,334.65,335.0,330.2,335.0,20280,1258985,17.647368,24222.7,24500.0,24450,ATM+6,PUT,24150,2026-07-17
2026-07-17 10:07:00+05:30,378.0,378.6,375.5,375.5,1560,88335,18.393304,24225.65,24550.0,24450,ATM+6,PUT,24150,2026-07-17
2026-07-17 10:08:00+05:30,376.7,376.7,375.5,376.3,325,88400,18.64897,24227.6,24550.0,24450,ATM+6,PUT,24150,2026-07-17
2026-07-17 10:09:00+05:30,372.0,376.3,366.75,370.55,1430,87360,18.351601,24231.95,24550.0,24450,ATM+6,PUT,24150,2026-07-17
2026-07-17 10:10:00+05:30,371.75,374.0,370.55,374.0,650,87555,18.640012,24230.65,24550.0,24450,ATM+6,PUT,24150,2026-07-17
2026-07-17 10:11:00+05:30,374.7,374.7,372.55,373.15,910,87620,18.757347,24233.25,24550.0,24450,ATM+6,PUT,24150,2026-07-17
2026-07-17 10:12:00+05:30,370.55,373.15,362.25,363.25,2210,87945,18.176114,24239.9,24550.0,24450,ATM+6,PUT,24150,2026-07-17
2026-07-17 10:13:00+05:30,360.75,363.25,358.0,362.05,5265,88855,18.543027,24246.1,24550.0,24450,ATM+6,PUT,24150,2026-07-17
2026-07-17 10:14:00+05:30,363.3,367.2,361.95,367.2,2470,92885,18.622337,24239.85,24550.0,24450,ATM+6,PUT,24150,2026-07-17
2026-07-17 10:15:00+05:30,365.1,367.2,360.0,360.0,1235,93600,18.282427,24245.7,24550.0,24450,ATM+6,PUT,24150,2026-07-17
2026-07-17 10:16:00+05:30,361.25,361.25,358.0,360.6,4095,94770,18.467496,24247.15,24550.0,24450,ATM+6,PUT,24150,2026-07-17
2026-07-17 10:17:00+05:30,359.55,360.6,349.0,349.8,7280,97890,17.77432,24253.65,24550.0,24450,ATM+6,PUT,24150,2026-07-17
2026-07-17 10:18:00+05:30,350.75,350.75,322.4,324.0,15210,103545,16.540609,24274.45,24550.0,24450,ATM+6,PUT,24150,2026-07-17
2026-07-17 10:19:00+05:30,324.35,335.4,324.0,332.9,12025,111605,17.494634,24273.95,24550.0,24450,ATM+6,PUT,24150,2026-07-17
2026-07-17 10:20:00+05:30,331.95,338.1,328.8,337.45,11245,113165,17.437051,24266.75,24550.0,24450,ATM+6,PUT,24150,2026-07-17
2026-07-17 10:21:00+05:30,338.0,338.45,334.0,337.45,5525,115505,17.560315,24268.3,24550.0,24450,ATM+6,PUT,24150,2026-07-17
2026-07-17 10:22:00+05:30,338.0,340.95,336.4,340.65,4875,117520,17.495634,24262.95,24550.0,24450,ATM+6,PUT,24150,2026-07-17
2026-07-17 10:23:00+05:30,340.55,344.55,340.55,342.45,7150,118235,17.366283,24258.8,24550.0,24450,ATM+6,PUT,24150,2026-07-17
2026-07-17 10:24:00+05:30,342.8,345.3,342.05,342.05,4875,116545,17.060748,24255.6,24550.0,24450,ATM+6,PUT,24150,2026-07-17
2026-07-17 10:25:00+05:30,341.7,342.4,340.0,340.0,1300,116935,17.501601,24263.9,24550.0,24450,ATM+6,PUT,24150,2026-07-17
2026-07-17 10:26:00+05:30,338.25,340.15,338.25,339.7,1820,117000,17.61569,24265.75,24550.0,24450,ATM+6,PUT,24150,2026-07-17
2026-07-17 10:27:00+05:30,338.7,340.0,335.55,338.0,5070,118950,17.57693,24267.65,24550.0,24450,ATM+6,PUT,24150,2026-07-17
2026-07-17 10:28:00+05:30,336.45,338.0,332.4,332.4,3900,119860,17.398239,24273.3,24550.0,24450,ATM+6,PUT,24150,2026-07-17
2026-07-17 10:29:00+05:30,374.05,376.05,368.0,368.0,6500,315185,18.014685,24281.55,24600.0,24450,ATM+6,PUT,24150,2026-07-17
2026-07-17 10:30:00+05:30,368.45,373.1,368.0,369.95,6825,318760,18.060305,24279.4,24600.0,24450,ATM+6,PUT,24150,2026-07-17
2026-07-17 10:31:00+05:30,369.0,369.95,366.0,366.75,11440,325260,18.002617,24283.1,24600.0,24450,ATM+6,PUT,24150,2026-07-17
2026-07-17 10:32:00+05:30,366.0,367.55,360.0,367.1,16120,329745,18.218541,24285.2,24600.0,24450,ATM+6,PUT,24150,2026-07-17
2026-07-17 10:33:00+05:30,367.45,373.75,367.1,370.4,10725,330525,18.136611,24279.65,24600.0,24450,ATM+6,PUT,24150,2026-07-17
2026-07-17 10:34:00+05:30,370.4,371.35,366.1,367.25,10465,338390,18.163405,24284.3,24600.0,24450,ATM+6,PUT,24150,2026-07-17
2026-07-17 10:35:00+05:30,325.4,337.45,325.4,337.45,9360,134030,17.879324,24272.2,24550.0,24450,ATM+6,PUT,24150,2026-07-17
2026-07-17 10:36:00+05:30,336.0,337.45,334.65,335.65,4550,130325,17.70476,24272.5,24550.0,24450,ATM+6,PUT,24150,2026-07-17
2026-07-17 10:37:00+05:30,335.05,340.0,334.95,340.0,6175,130975,17.779041,24267.25,24550.0,24450,ATM+6,PUT,24150,2026-07-17
2026-07-17 10:38:00+05:30,339.95,343.45,337.65,337.65,3770,131625,17.561597,24267.8,24550.0,24450,ATM+6,PUT,24150,2026-07-17
2026-07-17 10:39:00+05:30,337.0,339.8,336.6,338.85,3965,132405,17.653189,24267.25,24550.0,24450,ATM+6,PUT,24150,2026-07-17
2026-07-17 10:40:00+05:30,340.2,342.1,337.5,338.25,2795,133640,17.681715,24268.45,24550.0,24450,ATM+6,PUT,24150,2026-07-17
2026-07-17 10:41:00+05:30,337.0,338.25,335.9,337.0,455,134030,17.723723,24270.75,24550.0,24450,ATM+6,PUT,24150,2026-07-17
2026-07-17 10:42:00+05:30,334.9,339.4,334.9,338.3,3250,134745,17.752071,24269.25,24550.0,24450,ATM+6,PUT,24150,2026-07-17
2026-07-17 10:43:00+05:30,338.25,352.8,338.25,352.65,7345,135590,17.678265,24248.15,24550.0,24450,ATM+6,PUT,24150,2026-07-17
2026-07-17 10:44:00+05:30,350.7,352.65,345.85,347.45,3965,133900,17.975642,24259.1,24550.0,24450,ATM+6,PUT,24150,2026-07-17
2026-07-17 10:45:00+05:30,346.7,355.0,346.7,354.95,9555,133705,18.356653,24253.3,24550.0,24450,ATM+6,PUT,24150,2026-07-17
2026-07-17 10:46:00+05:30,355.85,356.75,350.65,353.95,6630,131170,18.181695,24252.5,24550.0,24450,ATM+6,PUT,24150,2026-07-17
2026-07-17 10:47:00+05:30,351.45,353.95,347.9,347.9,5200,129740,17.652507,24254.4,24550.0,24450,ATM+6,PUT,24150,2026-07-17
2026-07-17 10:48:00+05:30,348.8,350.85,347.9,350.4,1560,129610,17.871901,24253.6,24550.0,24450,ATM+6,PUT,24150,2026-07-17
2026-07-17 10:49:00+05:30,354.3,354.95,350.4,354.95,1430,129805,18.08884,24249.9,24550.0,24450,ATM+6,PUT,24150,2026-07-17
2026-07-17 10:50:00+05:30,355.9,355.9,351.0,351.0,1885,127595,17.735248,24251.05,24550.0,24450,ATM+6,PUT,24150,2026-07-17
2026-07-17 10:51:00+05:30,355.0,357.0,351.0,357.0,1365,127140,18.242179,24248.9,24550.0,24450,ATM+6,PUT,24150,2026-07-17
2026-07-17 10:52:00+05:30,358.05,359.7,355.8,355.8,15275,127075,18.336647,24251.75,24550.0,24450,ATM+6,PUT,24150,2026-07-17
2026-07-17 10:53:00+05:30,353.5,355.8,346.95,349.55,16770,125515,17.990403,24256.2,24550.0,24450,ATM+6,PUT,24150,2026-07-17
2026-07-17 10:54:00+05:30,349.65,357.45,349.55,354.25,2990,125970,18.466766,24255.55,24550.0,24450,ATM+6,PUT,24150,2026-07-17
2026-07-17 10:55:00+05:30,355.75,357.4,352.75,352.75,4290,126230,18.395011,24256.75,24550.0,24450,ATM+6,PUT,24150,2026-07-17
2026-07-17 10:56:00+05:30,352.8,355.4,347.4,351.1,5395,129025,18.140053,24255.85,24550.0,24450,ATM+6,PUT,24150,2026-07-17
2026-07-17 10:57:00+05:30,350.4,352.95,349.25,352.95,845,132015,18.399943,24256.5,24550.0,24450,ATM+6,PUT,24150,2026-07-17
2026-07-17 10:58:00+05:30,353.05,353.05,347.85,348.1,1105,130130,17.956715,24257.75,24550.0,24450,ATM+6,PUT,24150,2026-07-17
2026-07-17 10:59:00+05:30,349.1,350.7,347.45,349.75,585,130390,18.083429,24257.0,24550.0,24450,ATM+6,PUT,24150,2026-07-17
2026-07-17 11:00:00+05:30,349.35,350.25,343.9,346.0,2600,130195,17.894397,24259.9,24550.0,24450,ATM+6,PUT,24150,2026-07-17
2026-07-17 11:01:00+05:30,346.0,349.0,344.55,349.0,1170,128895,17.969406,24256.6,24550.0,24450,ATM+6,PUT,24150,2026-07-17
2026-07-17 11:02:00+05:30,351.85,357.8,349.0,355.5,2275,128700,18.056303,24248.55,24550.0,24450,ATM+6,PUT,24150,2026-07-17
2026-07-17 11:03:00+05:30,355.85,355.85,352.55,355.0,2275,128635,18.130385,24250.15,24550.0,24450,ATM+6,PUT,24150,2026-07-17
2026-07-17 11:04:00+05:30,353.05,355.0,348.45,349.1,2080,129025,18.107576,24258.15,24550.0,24450,ATM+6,PUT,24150,2026-07-17
2026-07-17 11:05:00+05:30,345.0,349.1,343.7,344.3,1040,128635,17.892005,24262.2,24550.0,24450,ATM+6,PUT,24150,2026-07-17
2026-07-17 11:06:00+05:30,348.5,350.9,344.3,348.35,1105,128050,18.321695,24261.9,24550.0,24450,ATM+6,PUT,24150,2026-07-17
2026-07-17 11:07:00+05:30,348.45,359.2,348.35,359.2,3380,128440,18.287082,24246.15,24550.0,24450,ATM+6,PUT,24150,2026-07-17
2026-07-17 11:08:00+05:30,360.3,365.2,358.5,363.1,5655,126880,18.093186,24238.35,24550.0,24450,ATM+6,PUT,24150,2026-07-17
2026-07-17 11:09:00+05:30,363.0,363.65,358.75,360.7,1690,125775,18.112749,24241.9,24550.0,24450,ATM+6,PUT,24150,2026-07-17
2026-07-17 11:10:00+05:30,360.25,366.5,360.25,365.05,8255,120120,18.364632,24238.9,24550.0,24450,ATM+6,PUT,24150,2026-07-17
2026-07-17 11:11:00+05:30,365.9,365.9,360.75,361.35,5395,118170,18.09451,24240.75,24550.0,24450,ATM+6,PUT,24150,2026-07-17
2026-07-17 11:12:00+05:30,361.95,363.65,361.25,361.75,3120,117910,18.219783,24241.7,24550.0,24450,ATM+6,PUT,24150,2026-07-17
2026-07-17 11:13:00+05:30,362.5,369.0,361.75,368.65,3380,117260,18.697027,24237.9,24550.0,24450,ATM+6,PUT,24150,2026-07-17
2026-07-17 11:14:00+05:30,368.0,368.65,362.2,362.9,1820,116935,17.854596,24235.7,24550.0,24450,ATM+6,PUT,24150,2026-07-17
2026-07-17 11:15:00+05:30,364.55,365.75,362.0,363.4,2730,116480,18.18529,24238.95,24550.0,24450,ATM+6,PUT,24150,2026-07-17
2026-07-17 11:16:00+05:30,364.2,369.05,363.4,367.65,6175,116090,18.376272,24235.35,24550.0,24450,ATM+6,PUT,24150,2026-07-17
2026-07-17 11:17:00+05:30,369.1,369.1,363.85,366.4,3575,115115,18.575993,24239.5,24550.0,24450,ATM+6,PUT,24150,2026-07-17
2026-07-17 11:18:00+05:30,366.4,371.0,366.4,369.85,1365,113945,18.757961,24236.9,24550.0,24450,ATM+6,PUT,24150,2026-07-17
2026-07-17 11:19:00+05:30,371.2,371.2,365.35,365.4,2535,113100,18.639595,24241.65,24550.0,24450,ATM+6,PUT,24150,2026-07-17
2026-07-17 11:20:00+05:30,365.4,367.05,365.4,367.05,845,113230,18.835889,24241.75,24550.0,24450,ATM+6,PUT,24150,2026-07-17
2026-07-17 11:21:00+05:30,367.3,368.0,366.0,367.15,1495,112775,18.844364,24241.7,24550.0,24450,ATM+6,PUT,24150,2026-07-17
2026-07-17 11:22:00+05:30,360.0,367.15,356.85,361.4,3900,113230,18.817533,24249.45,24550.0,24450,ATM+6,PUT,24150,2026-07-17
2026-07-17 11:23:00+05:30,361.85,370.0,361.4,368.8,1625,113230,18.770668,24238.45,24550.0,24450,ATM+6,PUT,24150,2026-07-17
2026-07-17 11:24:00+05:30,368.35,371.1,361.65,361.65,3185,112320,18.588265,24246.2,24550.0,24450,ATM+6,PUT,24150,2026-07-17
2026-07-17 11:25:00+05:30,362.15,365.0,361.65,363.55,1625,112515,18.521655,24242.7,24550.0,24450,ATM+6,PUT,24150,2026-07-17
2026-07-17 11:26:00+05:30,366.55,367.35,363.55,364.4,1040,111865,18.513656,24241.4,24550.0,24450,ATM+6,PUT,24150,2026-07-17
2026-07-17 11:27:00+05:30,362.1,365.15,361.1,362.45,1950,109785,18.463937,24243.5,24550.0,24450,ATM+6,PUT,24150,2026-07-17
2026-07-17 11:28:00+05:30,363.2,363.5,362.45,363.5,650,109785,18.72166,24245.2,24550.0,24450,ATM+6,PUT,24150,2026-07-17
2026-07-17 11:29:00+05:30,362.4,363.6,359.7,363.6,2470,110565,18.556368,24243.0,24550.0,24450,ATM+6,PUT,24150,2026-07-17
2026-07-17 11:30:00+05:30,363.5,363.6,362.15,362.15,520,110565,18.486141,24244.15,24550.0,24450,ATM+6,PUT,24150,2026-07-17
2026-07-17 11:31:00+05:30,364.0,365.1,362.15,362.35,520,109915,18.675622,24246.2,24550.0,24450,ATM+6,PUT,24150,2026-07-17
2026-07-17 11:32:00+05:30,361.5,363.6,361.2,363.6,1950,108680,18.547669,24242.85,24550.0,24450,ATM+6,PUT,24150,2026-07-17
2026-07-17 11:33:00+05:30,363.15,365.3,358.5,359.2,1300,108355,18.542988,24248.95,24550.0,24450,ATM+6,PUT,24150,2026-07-17
2026-07-17 11:34:00+05:30,359.1,359.2,352.0,357.55,2470,109720,18.649696,24252.6,24550.0,24450,ATM+6,PUT,24150,2026-07-17
2026-07-17 11:35:00+05:30,356.0,357.55,351.45,352.9,1040,109720,18.600038,24258.55,24550.0,24450,ATM+6,PUT,24150,2026-07-17
2026-07-17 11:36:00+05:30,351.95,359.25,350.0,359.25,1040,110630,18.703967,24250.85,24550.0,24450,ATM+6,PUT,24150,2026-07-17
2026-07-17 11:37:00+05:30,357.45,363.0,356.0,361.85,3510,112385,18.682434,24246.9,24550.0,24450,ATM+6,PUT,24150,2026-07-17
2026-07-17 11:38:00+05:30,357.8,361.85,355.25,355.25,1170,111995,18.283138,24251.2,24550.0,24450,ATM+6,PUT,24150,2026-07-17
2026-07-17 11:39:00+05:30,354.95,355.25,351.2,351.2,845,112320,18.29584,24257.05,24550.0,24450,ATM+6,PUT,24150,2026-07-17
2026-07-17 11:40:00+05:30,351.85,355.75,351.2,352.0,1105,112450,18.501457,24258.5,24550.0,24450,ATM+6,PUT,24150,2026-07-17
2026-07-17 11:41:00+05:30,349.3,352.0,346.85,347.1,2340,112645,18.332575,24263.3,24550.0,24450,ATM+6,PUT,24150,2026-07-17
2026-07-17 11:42:00+05:30,345.85,350.85,345.15,350.85,2405,113230,18.60293,24261.4,24550.0,24450,ATM+6,PUT,24150,2026-07-17
2026-07-17 11:43:00+05:30,350.55,350.85,346.0,348.0,2015,113425,18.341175,24262.1,24550.0,24450,ATM+6,PUT,24150,2026-07-17
2026-07-17 11:44:00+05:30,345.65,348.0,342.3,344.65,910,114075,18.367733,24267.2,24550.0,24450,ATM+6,PUT,24150,2026-07-17
2026-07-17 11:45:00+05:30,341.0,344.65,341.0,342.0,2990,114725,18.411562,24271.55,24550.0,24450,ATM+6,PUT,24150,2026-07-17
2026-07-17 11:46:00+05:30,343.9,346.0,342.0,344.0,2145,114790,18.441268,24269.05,24550.0,24450,ATM+6,PUT,24150,2026-07-17
2026-07-17 11:47:00+05:30,346.0,348.1,344.0,347.9,1430,115830,18.66565,24266.35,24550.0,24450,ATM+6,PUT,24150,2026-07-17
2026-07-17 11:48:00+05:30,347.5,347.9,343.0,343.0,715,115830,18.224048,24267.65,24550.0,24450,ATM+6,PUT,24150,2026-07-17
2026-07-17 11:49:00+05:30,343.8,345.3,343.0,345.3,1105,116675,18.480574,24267.65,24550.0,24450,ATM+6,PUT,24150,2026-07-17
2026-07-17 11:50:00+05:30,343.5,345.3,342.4,342.4,455,116740,18.388525,24270.6,24550.0,24450,ATM+6,PUT,24150,2026-07-17
2026-07-17 11:51:00+05:30,342.25,343.05,340.15,340.65,1235,116740,18.331011,24272.35,24550.0,24450,ATM+6,PUT,24150,2026-07-17
2026-07-17 11:52:00+05:30,341.0,341.0,336.15,336.4,2145,117780,17.977495,24273.85,24550.0,24450,ATM+6,PUT,24150,2026-07-17
2026-07-17 11:53:00+05:30,377.95,382.05,375.6,379.5,4615,347165,19.195834,24278.7,24600.0,24450,ATM+6,PUT,24150,2026-07-17
2026-07-17 11:54:00+05:30,379.5,380.4,377.0,378.8,9945,352820,19.141631,24279.0,24600.0,24450,ATM+6,PUT,24150,2026-07-17
2026-07-17 11:55:00+05:30,336.4,339.85,335.65,339.85,1560,120900,18.435264,24274.8,24550.0,24450,ATM+6,PUT,24150,2026-07-17
2026-07-17 11:56:00+05:30,385.0,387.0,379.1,379.1,7670,353535,19.288862,24280.35,24600.0,24450,ATM+6,PUT,24150,2026-07-17
2026-07-17 11:57:00+05:30,379.95,380.1,377.6,377.6,2275,357695,19.03664,24279.35,24600.0,24450,ATM+6,PUT,24150,2026-07-17
2026-07-17 11:58:00+05:30,339.4,340.9,334.6,340.9,520,122720,18.569553,24275.0,24550.0,24450,ATM+6,PUT,24150,2026-07-17
2026-07-17 11:59:00+05:30,384.4,384.4,382.0,382.0,2665,360425,19.419114,24277.85,24600.0,24450,ATM+6,PUT,24150,2026-07-17
2026-07-17 12:00:00+05:30,341.45,347.85,338.0,345.85,4290,124085,18.804067,24270.9,24550.0,24450,ATM+6,PUT,24150,2026-07-17
2026-07-17 12:01:00+05:30,345.4,347.0,343.8,346.25,2665,122525,18.638641,24268.15,24550.0,24450,ATM+6,PUT,24150,2026-07-17
2026-07-17 12:02:00+05:30,346.85,347.8,346.15,346.95,3835,123175,18.651772,24267.3,24550.0,24450,ATM+6,PUT,24150,2026-07-17
2026-07-17 12:03:00+05:30,390.0,391.0,383.15,384.05,6695,354965,19.465824,24275.5,24600.0,24450,ATM+6,PUT,24150,2026-07-17
2026-07-17 12:04:00+05:30,340.0,340.1,339.3,340.1,1300,125970,18.47728,24274.85,24550.0,24450,ATM+6,PUT,24150,2026-07-17
2026-07-17 12:05:00+05:30,344.05,344.05,339.95,342.1,2145,125970,18.6528,24274.25,24550.0,24450,ATM+6,PUT,24150,2026-07-17
2026-07-17 12:06:00+05:30,344.0,349.15,342.1,349.15,2210,126685,18.938136,24267.8,24550.0,24450,ATM+6,PUT,24150,2026-07-17
2026-07-17 12:07:00+05:30,348.0,352.0,346.05,352.0,2405,126620,18.91223,24263.35,24550.0,24450,ATM+6,PUT,24150,2026-07-17
2026-07-17 12:08:00+05:30,350.7,352.95,346.45,346.45,1235,126490,18.665323,24268.1,24550.0,24450,ATM+6,PUT,24150,2026-07-17
2026-07-17 12:09:00+05:30,344.85,346.45,342.5,344.3,1040,126490,18.89537,24274.2,24550.0,24450,ATM+6,PUT,24150,2026-07-17
2026-07-17 12:10:00+05:30,340.0,344.3,338.95,342.3,2340,126620,18.661799,24274.0,24550.0,24450,ATM+6,PUT,24150,2026-07-17
2026-07-17 12:11:00+05:30,342.8,345.15,341.65,342.6,1495,126620,18.508624,24271.55,24550.0,24450,ATM+6,PUT,24150,2026-07-17
2026-07-17 12:12:00+05:30,388.65,389.65,386.35,386.35,1365,349440,19.77222,24275.9,24600.0,24450,ATM+6,PUT,24150,2026-07-17
2026-07-17 12:13:00+05:30,342.75,347.0,342.75,347.0,1170,128050,18.916027,24270.5,24550.0,24450,ATM+6,PUT,24150,2026-07-17
2026-07-17 12:14:00+05:30,390.7,390.7,384.45,385.35,2340,349570,19.713777,24276.55,24600.0,24450,ATM+6,PUT,24150,2026-07-17
2026-07-17 12:15:00+05:30,384.0,385.35,383.55,384.35,2405,350740,19.920659,24280.5,24600.0,24450,ATM+6,PUT,24150,2026-07-17
2026-07-17 12:16:00+05:30,340.45,341.55,338.7,340.55,910,127400,18.499135,24274.3,24550.0,24450,ATM+6,PUT,24150,2026-07-17
2026-07-17 12:17:00+05:30,346.9,350.9,340.55,347.3,3120,127790,19.082973,24272.2,24550.0,24450,ATM+6,PUT,24150,2026-07-17
2026-07-17 12:18:00+05:30,391.1,391.8,385.8,385.8,650,348465,19.696822,24275.65,24600.0,24450,ATM+6,PUT,24150,2026-07-17
2026-07-17 12:19:00+05:30,386.0,387.2,385.35,387.2,585,348465,19.841355,24275.45,24600.0,24450,ATM+6,PUT,24150,2026-07-17
2026-07-17 12:20:00+05:30,388.95,389.0,387.1,387.1,1235,348400,20.257126,24280.75,24600.0,24450,ATM+6,PUT,24150,2026-07-17
2026-07-17 12:21:00+05:30,385.8,389.1,385.8,389.0,1105,348530,20.372816,24279.5,24600.0,24450,ATM+6,PUT,24150,2026-07-17
2026-07-17 12:22:00+05:30,346.0,348.1,344.05,346.05,1495,129155,18.929142,24271.9,24550.0,24450,ATM+6,PUT,24150,2026-07-17
2026-07-17 12:23:00+05:30,386.8,390.0,382.0,383.0,5720,350480,19.822472,24281.05,24600.0,24450,ATM+6,PUT,24150,2026-07-17
2026-07-17 12:24:00+05:30,382.6,384.0,381.35,383.3,8905,353665,19.913878,24281.75,24600.0,24450,ATM+6,PUT,24150,2026-07-17
2026-07-17 12:25:00+05:30,382.5,383.85,377.2,383.85,14885,356135,19.731712,24278.7,24600.0,24450,ATM+6,PUT,24150,2026-07-17
2026-07-17 12:26:00+05:30,382.8,385.55,381.45,385.55,7345,363025,19.812795,24277.3,24600.0,24450,ATM+6,PUT,24150,2026-07-17
2026-07-17 12:27:00+05:30,384.7,385.55,381.0,381.25,7540,359320,19.425561,24278.55,24600.0,24450,ATM+6,PUT,24150,2026-07-17
2026-07-17 12:28:00+05:30,380.75,383.35,380.75,383.35,325,366665,19.613538,24277.9,24600.0,24450,ATM+6,PUT,24150,2026-07-17
2026-07-17 12:29:00+05:30,383.85,386.75,383.35,386.65,10075,366600,19.969944,24277.65,24600.0,24450,ATM+6,PUT,24150,2026-07-17
2026-07-17 12:30:00+05:30,343.15,345.8,342.0,342.85,845,132405,18.788439,24274.55,24550.0,24450,ATM+6,PUT,24150,2026-07-17
2026-07-17 12:31:00+05:30,386.1,388.0,384.0,384.0,6045,362310,19.626239,24277.1,24600.0,24450,ATM+6,PUT,24150,2026-07-17
2026-07-17 12:32:00+05:30,340.0,343.05,340.0,342.7,1170,133185,18.713446,24273.75,24550.0,24450,ATM+6,PUT,24150,2026-07-17
2026-07-17 12:33:00+05:30,387.8,388.0,382.75,382.75,1430,367445,19.758608,24280.45,24600.0,24450,ATM+6,PUT,24150,2026-07-17
2026-07-17 12:34:00+05:30,382.2,382.75,380.6,381.65,2405,367705,19.691561,24281.15,24600.0,24450,ATM+6,PUT,24150,2026-07-17
2026-07-17 12:35:00+05:30,381.65,384.0,381.65,384.0,3705,367705,19.97123,24281.3,24600.0,24450,ATM+6,PUT,24150,2026-07-17
2026-07-17 12:36:00+05:30,383.75,384.0,382.0,383.6,260,365300,19.955365,24281.65,24600.0,24450,ATM+6,PUT,24150,2026-07-17
2026-07-17 12:37:00+05:30,383.4,384.4,382.0,384.4,1430,365495,19.825833,24278.9,24600.0,24450,ATM+6,PUT,24150,2026-07-17
2026-07-17 12:38:00+05:30,388.2,389.25,384.4,386.2,1235,365885,19.999179,24278.5,24600.0,24450,ATM+6,PUT,24150,2026-07-17
2026-07-17 12:39:00+05:30,386.2,387.55,384.5,384.5,650,366210,19.746461,24277.75,24600.0,24450,ATM+6,PUT,24150,2026-07-17
2026-07-17 12:40:00+05:30,343.5,348.8,342.5,348.8,2990,132990,18.844997,24266.55,24550.0,24450,ATM+6,PUT,24150,2026-07-17
2026-07-17 12:41:00+05:30,348.8,352.35,346.2,347.0,1690,131170,18.839422,24269.05,24550.0,24450,ATM+6,PUT,24150,2026-07-17
2026-07-17 12:42:00+05:30,388.95,389.7,383.15,384.2,11765,362700,19.910552,24280.15,24600.0,24450,ATM+6,PUT,24150,2026-07-17
2026-07-17 12:43:00+05:30,344.25,344.25,340.6,344.25,715,131885,18.992451,24275.0,24550.0,24450,ATM+6,PUT,24150,2026-07-17
2026-07-17 12:44:00+05:30,388.9,388.9,384.8,384.95,2210,356460,19.747186,24277.05,24600.0,24450,ATM+6,PUT,24150,2026-07-17
2026-07-17 12:45:00+05:30,383.0,384.95,376.2,377.95,11115,358410,19.475155,24283.5,24600.0,24450,ATM+6,PUT,24150,2026-07-17
2026-07-17 12:46:00+05:30,377.95,381.6,377.95,381.6,1170,364455,19.790077,24282.25,24600.0,24450,ATM+6,PUT,24150,2026-07-17
2026-07-17 12:47:00+05:30,380.7,381.6,380.0,380.0,3705,365170,19.9547,24286.55,24600.0,24450,ATM+6,PUT,24150,2026-07-17
2026-07-17 12:48:00+05:30,379.0,380.0,376.1,376.1,5525,369200,19.57162,24287.25,24600.0,24450,ATM+6,PUT,24150,2026-07-17
2026-07-17 12:49:00+05:30,372.65,376.1,357.3,365.2,31395,375570,18.880599,24294.0,24600.0,24450,ATM+6,PUT,24150,2026-07-17
2026-07-17 12:50:00+05:30,366.25,379.55,365.2,379.3,10335,379535,19.643086,24283.6,24600.0,24450,ATM+6,PUT,24150,2026-07-17
2026-07-17 12:51:00+05:30,380.8,384.2,378.5,378.75,11700,372645,19.398848,24281.35,24600.0,24450,ATM+6,PUT,24150,2026-07-17
2026-07-17 12:52:00+05:30,379.65,383.0,378.75,380.0,3640,369915,19.412123,24279.75,24600.0,24450,ATM+6,PUT,24150,2026-07-17
2026-07-17 12:53:00+05:30,339.9,345.65,339.35,345.65,2795,142025,18.969159,24272.5,24550.0,24450,ATM+6,PUT,24150,2026-07-17
2026-07-17 12:54:00+05:30,343.55,348.15,343.55,345.7,3770,141700,19.082252,24273.9,24550.0,24450,ATM+6,PUT,24150,2026-07-17
2026-07-17 12:55:00+05:30,345.25,349.2,341.5,349.2,2470,142155,19.263765,24271.2,24550.0,24450,ATM+6,PUT,24150,2026-07-17
2026-07-17 12:56:00+05:30,348.6,349.35,343.7,344.3,2405,142415,18.980069,24274.55,24550.0,24450,ATM+6,PUT,24150,2026-07-17
2026-07-17 12:57:00+05:30,387.75,387.9,379.2,384.15,4420,370370,19.940536,24280.35,24600.0,24450,ATM+6,PUT,24150,2026-07-17
2026-07-17 12:58:00+05:30,383.95,385.9,381.1,385.75,2340,371800,20.010575,24278.95,24600.0,24450,ATM+6,PUT,24150,2026-07-17
2026-07-17 12:59:00+05:30,385.5,385.75,379.6,380.2,3835,373360,19.732623,24283.3,24600.0,24450,ATM+6,PUT,24150,2026-07-17
2026-07-17 13:00:00+05:30,378.05,381.25,376.0,380.65,4745,377260,19.744666,24282.8,24600.0,24450,ATM+6,PUT,24150,2026-07-17
2026-07-17 13:01:00+05:30,379.9,380.65,374.2,377.8,9945,378690,19.498585,24283.75,24600.0,24450,ATM+6,PUT,24150,2026-07-17
2026-07-17 13:02:00+05:30,377.9,383.0,377.8,383.0,3445,384150,19.678046,24278.65,24600.0,24450,ATM+6,PUT,24150,2026-07-17
2026-07-17 13:03:00+05:30,383.0,385.0,381.5,382.6,5265,382785,19.800436,24280.7,24600.0,24450,ATM+6,PUT,24150,2026-07-17
2026-07-17 13:04:00+05:30,382.6,382.6,380.0,381.2,3770,378950,19.572812,24279.85,24600.0,24450,ATM+6,PUT,24150,2026-07-17
2026-07-17 13:05:00+05:30,382.95,385.8,381.2,383.1,2340,381680,19.892241,24281.1,24600.0,24450,ATM+6,PUT,24150,2026-07-17
2026-07-17 13:06:00+05:30,383.0,383.15,381.0,381.5,3900,381680,19.941386,24283.95,24600.0,24450,ATM+6,PUT,24150,2026-07-17
2026-07-17 13:07:00+05:30,380.95,388.0,378.25,387.05,11310,383890,19.967756,24276.45,24600.0,24450,ATM+6,PUT,24150,2026-07-17
2026-07-17 13:08:00+05:30,387.1,387.1,383.6,385.5,585,377585,20.059865,24279.75,24600.0,24450,ATM+6,PUT,24150,2026-07-17
2026-07-17 13:09:00+05:30,385.6,386.0,384.15,386.0,1755,377325,19.976561,24278.0,24600.0,24450,ATM+6,PUT,24150,2026-07-17
2026-07-17 13:10:00+05:30,384.0,386.0,383.75,383.75,1365,377000,19.843179,24279.5,24600.0,24450,ATM+6,PUT,24150,2026-07-17
2026-07-17 13:11:00+05:30,383.2,385.5,381.9,382.75,2665,378170,19.714063,24279.3,24600.0,24450,ATM+6,PUT,24150,2026-07-17
2026-07-17 13:12:00+05:30,384.85,388.0,382.75,388.0,1300,379730,20.155538,24277.35,24600.0,24450,ATM+6,PUT,24150,2026-07-17
2026-07-17 13:13:00+05:30,387.5,388.0,384.15,385.15,2470,378170,19.758275,24276.45,24600.0,24450,ATM+6,PUT,24150,2026-07-17
2026-07-17 13:14:00+05:30,384.5,385.15,381.15,383.05,4745,377975,20.015125,24282.55,24600.0,24450,ATM+6,PUT,24150,2026-07-17
2026-07-17 13:15:00+05:30,339.55,352.55,338.35,348.0,4095,143390,19.210207,24271.9,24550.0,24450,ATM+6,PUT,24150,2026-07-17
2026-07-17 13:16:00+05:30,345.85,348.0,345.85,345.95,2470,141115,19.053875,24272.8,24550.0,24450,ATM+6,PUT,24150,2026-07-17
2026-07-17 13:17:00+05:30,390.0,392.7,388.15,390.0,6435,365560,20.232031,24275.4,24600.0,24450,ATM+6,PUT,24150,2026-07-17
2026-07-17 13:18:00+05:30,343.05,345.6,342.6,345.0,650,140270,18.932336,24272.55,24550.0,24450,ATM+6,PUT,24150,2026-07-17
2026-07-17 13:19:00+05:30,347.4,348.8,345.0,348.8,1300,140790,19.488393,24274.35,24550.0,24450,ATM+6,PUT,24150,2026-07-17
2026-07-17 13:20:00+05:30,392.5,392.5,386.55,390.15,1755,364585,20.406365,24277.3,24600.0,24450,ATM+6,PUT,24150,2026-07-17
2026-07-17 13:21:00+05:30,390.15,392.0,389.6,392.0,2015,366080,20.629145,24277.45,24600.0,24450,ATM+6,PUT,24150,2026-07-17
2026-07-17 13:22:00+05:30,347.65,348.8,346.15,346.15,11245,139425,19.201241,24274.35,24550.0,24450,ATM+6,PUT,24150,2026-07-17
2026-07-17 13:23:00+05:30,346.65,350.0,346.15,350.0,1950,131755,19.223881,24269.05,24550.0,24450,ATM+6,PUT,24150,2026-07-17
2026-07-17 13:24:00+05:30,350.1,354.6,348.4,353.3,2145,131885,19.3913,24266.45,24550.0,24450,ATM+6,PUT,24150,2026-07-17
2026-07-17 13:25:00+05:30,354.3,357.3,348.2,348.2,2470,131820,18.996179,24268.65,24550.0,24450,ATM+6,PUT,24150,2026-07-17
2026-07-17 13:26:00+05:30,347.55,354.75,346.1,354.75,2470,130650,19.443302,24265.0,24550.0,24450,ATM+6,PUT,24150,2026-07-17
2026-07-17 13:27:00+05:30,355.65,356.45,354.75,355.15,2340,129740,19.24586,24261.85,24550.0,24450,ATM+6,PUT,24150,2026-07-17
2026-07-17 13:28:00+05:30,356.65,358.25,355.15,358.0,3510,129935,19.471586,24260.65,24550.0,24450,ATM+6,PUT,24150,2026-07-17
2026-07-17 13:29:00+05:30,353.45,358.0,350.0,352.5,3575,131040,19.374265,24267.3,24550.0,24450,ATM+6,PUT,24150,2026-07-17
2026-07-17 13:30:00+05:30,352.7,353.6,350.65,351.45,1300,131950,19.446433,24269.75,24550.0,24450,ATM+6,PUT,24150,2026-07-17
2026-07-17 13:31:00+05:30,347.8,353.7,347.25,353.7,2405,131040,19.566692,24268.05,24550.0,24450,ATM+6,PUT,24150,2026-07-17
2026-07-17 13:32:00+05:30,353.05,357.15,353.0,353.0,1365,131235,19.372198,24266.5,24550.0,24450,ATM+6,PUT,24150,2026-07-17
2026-07-17 13:33:00+05:30,354.6,355.85,353.0,355.05,845,131105,19.40487,24263.95,24550.0,24450,ATM+6,PUT,24150,2026-07-17
2026-07-17 13:34:00+05:30,354.4,355.15,352.75,352.75,520,131040,19.285528,24265.7,24550.0,24450,ATM+6,PUT,24150,2026-07-17
2026-07-17 13:35:00+05:30,351.0,352.75,349.4,349.65,910,131365,19.088852,24267.6,24550.0,24450,ATM+6,PUT,24150,2026-07-17
2026-07-17 13:36:00+05:30,349.4,349.65,345.25,347.35,1885,130195,19.004176,24269.8,24550.0,24450,ATM+6,PUT,24150,2026-07-17
2026-07-17 13:37:00+05:30,349.5,356.55,347.35,356.55,1950,129935,19.633981,24264.7,24550.0,24450,ATM+6,PUT,24150,2026-07-17
2026-07-17 13:38:00+05:30,355.05,357.5,353.1,355.6,1690,130455,19.614258,24265.8,24550.0,24450,ATM+6,PUT,24150,2026-07-17
2026-07-17 13:39:00+05:30,355.95,355.95,353.05,353.3,1430,130195,19.643146,24269.5,24550.0,24450,ATM+6,PUT,24150,2026-07-17
2026-07-17 13:40:00+05:30,356.9,363.55,353.3,362.8,5135,130455,19.835799,24258.25,24550.0,24450,ATM+6,PUT,24150,2026-07-17
2026-07-17 13:41:00+05:30,361.35,370.3,359.2,359.2,8515,129675,19.152758,24254.65,24550.0,24450,ATM+6,PUT,24150,2026-07-17
2026-07-17 13:42:00+05:30,361.75,367.95,359.2,366.05,4095,126490,19.652428,24251.2,24550.0,24450,ATM+6,PUT,24150,2026-07-17
2026-07-17 13:43:00+05:30,365.45,369.0,365.45,367.8,2340,125060,19.625662,24248.35,24550.0,24450,ATM+6,PUT,24150,2026-07-17
2026-07-17 13:44:00+05:30,365.0,369.0,362.2,363.95,3835,124215,19.658747,24254.25,24550.0,24450,ATM+6,PUT,24150,2026-07-17
2026-07-17 13:45:00+05:30,367.5,367.5,363.75,365.0,2730,125190,19.632778,24252.4,24550.0,24450,ATM+6,PUT,24150,2026-07-17
2026-07-17 13:46:00+05:30,363.35,375.0,363.35,375.0,5720,124540,20.183231,24245.1,24550.0,24450,ATM+6,PUT,24150,2026-07-17
2026-07-17 13:47:00+05:30,375.25,380.95,374.4,376.8,14300,119080,19.879684,24238.7,24550.0,24450,ATM+6,PUT,24150,2026-07-17
2026-07-17 13:48:00+05:30,376.3,378.9,371.45,371.45,7540,119080,19.94047,24247.05,24550.0,24450,ATM+6,PUT,24150,2026-07-17
2026-07-17 13:49:00+05:30,371.8,378.2,371.45,377.4,7410,116870,20.050312,24239.95,24550.0,24450,ATM+6,PUT,24150,2026-07-17
2026-07-17 13:50:00+05:30,376.6,383.95,376.6,381.2,4940,116350,19.435257,24227.05,24550.0,24450,ATM+6,PUT,24150,2026-07-17
2026-07-17 13:51:00+05:30,338.0,349.3,337.95,344.85,194220,1337310,18.476045,24215.95,24500.0,24450,ATM+6,PUT,24150,2026-07-17
2026-07-17 13:52:00+05:30,346.0,346.0,338.9,343.75,72800,1304095,18.854961,24222.35,24500.0,24450,ATM+6,PUT,24150,2026-07-17
2026-07-17 13:53:00+05:30,387.2,387.9,383.2,384.8,2665,107445,20.035527,24229.25,24550.0,24450,ATM+6,PUT,24150,2026-07-17
2026-07-17 13:54:00+05:30,383.1,385.2,377.55,379.15,6695,106340,19.613359,24232.0,24550.0,24450,ATM+6,PUT,24150,2026-07-17
2026-07-17 13:55:00+05:30,380.75,384.0,373.85,376.0,4030,104325,19.62117,24236.5,24550.0,24450,ATM+6,PUT,24150,2026-07-17
2026-07-17 13:56:00+05:30,379.1,382.4,376.0,379.5,1755,102180,19.71762,24232.75,24550.0,24450,ATM+6,PUT,24150,2026-07-17
2026-07-17 13:57:00+05:30,376.55,379.5,374.6,376.85,3380,101790,19.492306,24233.7,24550.0,24450,ATM+6,PUT,24150,2026-07-17
2026-07-17 13:58:00+05:30,375.0,378.0,373.65,373.65,1690,100230,19.445537,24237.6,24550.0,24450,ATM+6,PUT,24150,2026-07-17
2026-07-17 13:59:00+05:30,373.5,373.65,354.8,357.65,6630,99125,18.633219,24250.1,24550.0,24450,ATM+6,PUT,24150,2026-07-17
2026-07-17 14:00:00+05:30,361.0,363.55,357.65,360.25,2730,98800,18.826159,24248.8,24550.0,24450,ATM+6,PUT,24150,2026-07-17
2026-07-17 14:01:00+05:30,359.85,366.4,359.85,363.0,4615,96525,18.979308,24246.8,24550.0,24450,ATM+6,PUT,24150,2026-07-17
2026-07-17 14:02:00+05:30,364.0,368.55,363.0,365.9,2405,96850,19.051952,24243.6,24550.0,24450,ATM+6,PUT,24150,2026-07-17
2026-07-17 14:03:00+05:30,366.2,367.85,364.95,365.7,4615,97695,19.245442,24246.25,24550.0,24450,ATM+6,PUT,24150,2026-07-17
2026-07-17 14:04:00+05:30,359.55,365.7,358.65,361.0,1105,98410,19.042031,24250.35,24550.0,24450,ATM+6,PUT,24150,2026-07-17
2026-07-17 14:05:00+05:30,359.1,361.0,355.0,356.55,5655,98930,18.886956,24254.7,24550.0,24450,ATM+6,PUT,24150,2026-07-17
2026-07-17 14:06:00+05:30,357.95,362.3,356.55,362.1,1170,100100,19.113352,24249.65,24550.0,24450,ATM+6,PUT,24150,2026-07-17
2026-07-17 14:07:00+05:30,363.4,363.7,360.05,360.05,2145,100425,18.994029,24251.05,24550.0,24450,ATM+6,PUT,24150,2026-07-17
2026-07-17 14:08:00+05:30,360.0,363.15,360.0,363.15,1495,101140,19.351141,24251.1,24550.0,24450,ATM+6,PUT,24150,2026-07-17
2026-07-17 14:09:00+05:30,360.8,363.15,360.3,361.7,1300,101140,19.335606,24252.95,24550.0,24450,ATM+6,PUT,24150,2026-07-17
2026-07-17 14:10:00+05:30,360.0,361.7,359.1,359.15,520,101335,19.132006,24254.0,24550.0,24450,ATM+6,PUT,24150,2026-07-17
2026-07-17 14:11:00+05:30,357.7,359.15,348.8,349.2,4290,100815,18.901055,24265.25,24550.0,24450,ATM+6,PUT,24150,2026-07-17
2026-07-17 14:12:00+05:30,347.7,349.2,339.9,340.5,4550,101140,18.423793,24271.6,24550.0,24450,ATM+6,PUT,24150,2026-07-17
2026-07-17 14:13:00+05:30,384.3,384.75,373.15,376.15,12870,304525,18.857282,24277.25,24600.0,24450,ATM+6,PUT,24150,2026-07-17
2026-07-17 14:14:00+05:30,374.0,377.7,368.7,370.15,16120,310050,18.435278,24280.55,24600.0,24450,ATM+6,PUT,24150,2026-07-17
2026-07-17 14:15:00+05:30,414.05,414.45,339.0,339.0,19500,53300,15.988802,24345.4,24650.0,24450,ATM+6,PUT,24150,2026-07-17
2026-07-17 14:16:00+05:30,334.25,356.1,325.15,328.4,13780,56225,16.266579,24362.9,24650.0,24450,ATM+6,PUT,24150,2026-07-17
2026-07-17 14:17:00+05:30,329.55,346.05,325.0,346.05,9035,61750,17.018481,24347.45,24650.0,24450,ATM+6,PUT,24150,2026-07-17
2026-07-17 14:18:00+05:30,343.8,360.0,343.8,360.0,12870,62920,17.389786,24332.7,24650.0,24450,ATM+6,PUT,24150,2026-07-17
2026-07-17 14:19:00+05:30,317.15,338.55,315.75,338.55,60905,361465,17.109403,24308.45,24600.0,24450,ATM+6,PUT,24150,2026-07-17
2026-07-17 14:20:00+05:30,336.0,340.6,326.7,339.55,34645,340535,17.583618,24312.75,24600.0,24450,ATM+6,PUT,24150,2026-07-17
2026-07-17 14:21:00+05:30,338.5,346.85,334.05,342.85,28275,321750,17.684788,24309.35,24600.0,24450,ATM+6,PUT,24150,2026-07-17
2026-07-17 14:22:00+05:30,345.0,353.9,342.85,353.9,22555,316615,18.26647,24300.95,24600.0,24450,ATM+6,PUT,24150,2026-07-17
2026-07-17 14:23:00+05:30,358.0,363.5,352.9,363.5,17225,308360,18.693628,24292.7,24600.0,24450,ATM+6,PUT,24150,2026-07-17
2026-07-17 14:24:00+05:30,362.6,363.5,354.3,355.0,12480,307385,18.176539,24298.3,24600.0,24450,ATM+6,PUT,24150,2026-07-17
2026-07-17 14:25:00+05:30,355.8,356.1,339.6,345.0,23075,308100,17.767984,24307.3,24600.0,24450,ATM+6,PUT,24150,2026-07-17
2026-07-17 14:26:00+05:30,343.85,345.0,337.65,339.3,13650,309725,17.437915,24311.25,24600.0,24450,ATM+6,PUT,24150,2026-07-17
2026-07-17 14:27:00+05:30,342.1,342.85,336.0,339.0,10855,311025,17.379472,24310.95,24600.0,24450,ATM+6,PUT,24150,2026-07-17
2026-07-17 14:28:00+05:30,335.0,339.0,330.0,337.5,16380,312910,17.085072,24309.5,24600.0,24450,ATM+6,PUT,24150,2026-07-17
2026-07-17 14:29:00+05:30,343.0,362.85,337.5,357.8,26650,300690,17.582746,24287.4,24600.0,24450,ATM+6,PUT,24150,2026-07-17
2026-07-17 14:30:00+05:30,356.0,358.7,342.2,345.0,14300,298155,17.553132,24304.65,24600.0,24450,ATM+6,PUT,24150,2026-07-17
2026-07-17 14:31:00+05:30,342.85,351.15,342.25,349.2,15990,307190,17.677873,24300.3,24600.0,24450,ATM+6,PUT,24150,2026-07-17
2026-07-17 14:32:00+05:30,350.35,353.0,347.7,353.0,9230,304915,18.024802,24299.15,24600.0,24450,ATM+6,PUT,24150,2026-07-17
2026-07-17 14:33:00+05:30,350.25,353.0,348.6,349.1,3770,304720,17.262337,24295.55,24600.0,24450,ATM+6,PUT,24150,2026-07-17
2026-07-17 14:34:00+05:30,350.0,350.8,345.1,347.4,3835,304070,17.273887,24298.0,24600.0,24450,ATM+6,PUT,24150,2026-07-17
2026-07-17 14:35:00+05:30,348.55,348.85,347.0,348.15,2145,305500,17.419174,24298.65,24600.0,24450,ATM+6,PUT,24150,2026-07-17
2026-07-17 14:36:00+05:30,351.6,356.85,348.15,353.75,8320,303810,17.617164,24293.25,24600.0,24450,ATM+6,PUT,24150,2026-07-17
2026-07-17 14:37:00+05:30,355.0,355.0,349.65,351.75,5070,304915,17.364152,24293.05,24600.0,24450,ATM+6,PUT,24150,2026-07-17
2026-07-17 14:38:00+05:30,353.4,356.7,345.75,349.35,6565,307320,17.588987,24298.95,24600.0,24450,ATM+6,PUT,24150,2026-07-17
2026-07-17 14:39:00+05:30,349.35,351.0,347.75,348.5,4615,307905,17.400533,24297.9,24600.0,24450,ATM+6,PUT,24150,2026-07-17
2026-07-17 14:40:00+05:30,348.3,348.5,343.8,346.6,3250,308555,17.527746,24302.0,24600.0,24450,ATM+6,PUT,24150,2026-07-17
2026-07-17 14:41:00+05:30,347.65,348.15,336.95,338.0,10140,309530,17.353926,24311.85,24600.0,24450,ATM+6,PUT,24150,2026-07-17
2026-07-17 14:42:00+05:30,337.15,343.1,337.15,338.9,7150,308750,17.338599,24310.4,24600.0,24450,ATM+6,PUT,24150,2026-07-17
2026-07-17 14:43:00+05:30,338.1,338.9,331.85,338.7,10075,314405,17.457845,24312.1,24600.0,24450,ATM+6,PUT,24150,2026-07-17
2026-07-17 14:44:00+05:30,338.4,338.7,328.8,331.75,11310,319410,17.115334,24317.65,24600.0,24450,ATM+6,PUT,24150,2026-07-17
2026-07-17 14:45:00+05:30,330.55,334.6,330.3,332.9,6240,324285,17.400601,24319.5,24600.0,24450,ATM+6,PUT,24150,2026-07-17
2026-07-17 14:46:00+05:30,376.95,377.95,368.9,369.2,1755,70525,17.846876,24325.05,24650.0,24450,ATM+6,PUT,24150,2026-07-17
2026-07-17 14:47:00+05:30,328.65,331.1,326.7,330.75,6890,328640,17.327617,24321.6,24600.0,24450,ATM+6,PUT,24150,2026-07-17
2026-07-17 14:48:00+05:30,329.35,336.05,329.25,329.25,6760,327730,17.045875,24320.25,24600.0,24450,ATM+6,PUT,24150,2026-07-17
2026-07-17 14:49:00+05:30,329.95,329.95,326.05,328.2,7280,332345,17.233146,24324.0,24600.0,24450,ATM+6,PUT,24150,2026-07-17
2026-07-17 14:50:00+05:30,330.0,336.1,328.2,333.2,11440,329615,17.481244,24320.0,24600.0,24450,ATM+6,PUT,24150,2026-07-17
2026-07-17 14:51:00+05:30,331.55,335.7,328.0,335.4,7215,333320,17.494009,24317.05,24600.0,24450,ATM+6,PUT,24150,2026-07-17
2026-07-17 14:52:00+05:30,334.65,335.4,330.65,332.95,8450,336700,17.422299,24319.6,24600.0,24450,ATM+6,PUT,24150,2026-07-17
2026-07-17 14:53:00+05:30,334.35,340.5,332.2,332.2,12610,335270,17.410802,24320.5,24600.0,24450,ATM+6,PUT,24150,2026-07-17
2026-07-17 14:54:00+05:30,333.4,338.0,332.2,333.5,3380,330590,17.597025,24320.95,24600.0,24450,ATM+6,PUT,24150,2026-07-17
2026-07-17 14:55:00+05:30,375.0,378.1,373.25,373.25,715,72085,18.54583,24327.4,24650.0,24450,ATM+6,PUT,24150,2026-07-17
2026-07-17 14:56:00+05:30,325.0,332.75,319.6,329.9,29965,334360,17.507477,24324.9,24600.0,24450,ATM+6,PUT,24150,2026-07-17
2026-07-17 14:57:00+05:30,328.5,334.55,328.5,331.15,11830,333970,17.384537,24321.6,24600.0,24450,ATM+6,PUT,24150,2026-07-17
2026-07-17 14:58:00+05:30,332.65,337.45,331.15,335.0,7865,333255,17.357182,24315.85,24600.0,24450,ATM+6,PUT,24150,2026-07-17
2026-07-17 14:59:00+05:30,333.3,340.9,332.6,339.45,10790,332800,17.533457,24311.75,24600.0,24450,ATM+6,PUT,24150,2026-07-17
2026-07-17 15:00:00+05:30,336.2,344.0,322.4,326.7,25675,326755,17.048808,24323.7,24600.0,24450,ATM+6,PUT,24150,2026-07-17
2026-07-17 15:01:00+05:30,368.75,372.75,356.85,367.8,10790,70460,17.74386,24325.6,24650.0,24450,ATM+6,PUT,24150,2026-07-17
2026-07-17 15:02:00+05:30,326.45,331.25,322.7,327.35,9880,328705,17.178641,24324.35,24600.0,24450,ATM+6,PUT,24150,2026-07-17
2026-07-17 15:03:00+05:30,327.9,334.0,325.65,333.6,6110,328770,17.374237,24317.95,24600.0,24450,ATM+6,PUT,24150,2026-07-17
2026-07-17 15:04:00+05:30,335.0,335.4,329.55,332.0,14040,321425,17.5261,24322.05,24600.0,24450,ATM+6,PUT,24150,2026-07-17
2026-07-17 15:05:00+05:30,372.1,375.2,368.25,368.25,3380,72605,17.975538,24327.55,24650.0,24450,ATM+6,PUT,24150,2026-07-17
2026-07-17 15:06:00+05:30,368.1,368.5,365.0,366.45,1820,72280,17.994276,24330.2,24650.0,24450,ATM+6,PUT,24150,2026-07-17
2026-07-17 15:07:00+05:30,367.7,367.7,361.65,361.95,975,72020,17.817332,24334.3,24650.0,24450,ATM+6,PUT,24150,2026-07-17
2026-07-17 15:08:00+05:30,363.0,368.9,361.95,367.8,1235,72020,18.321935,24332.1,24650.0,24450,ATM+6,PUT,24150,2026-07-17
2026-07-17 15:09:00+05:30,370.45,370.45,366.05,367.2,455,71955,18.376867,24333.55,24650.0,24450,ATM+6,PUT,24150,2026-07-17
2026-07-17 15:10:00+05:30,367.9,370.15,367.15,367.55,4095,70915,18.264506,24331.75,24650.0,24450,ATM+6,PUT,24150,2026-07-17
2026-07-17 15:11:00+05:30,367.25,367.55,364.9,366.25,2080,70395,18.15483,24332.25,24650.0,24450,ATM+6,PUT,24150,2026-07-17
2026-07-17 15:12:00+05:30,365.0,366.25,359.65,363.0,3965,69420,18.099379,24336.05,24650.0,24450,ATM+6,PUT,24150,2026-07-17
2026-07-17 15:13:00+05:30,363.85,366.7,363.0,365.7,2730,68705,18.320462,24334.9,24650.0,24450,ATM+6,PUT,24150,2026-07-17
2026-07-17 15:14:00+05:30,367.05,374.5,365.7,372.9,2470,67925,18.643449,24328.75,24650.0,24450,ATM+6,PUT,24150,2026-07-17
2026-07-17 15:15:00+05:30,332.0,339.0,329.0,334.7,19695,298740,17.990185,24323.85,24600.0,24450,ATM+6,PUT,24150,2026-07-17
2026-07-17 15:16:00+05:30,336.0,338.5,333.65,334.2,7865,297050,17.858886,24322.9,24600.0,24450,ATM+6,PUT,24150,2026-07-17
2026-07-17 15:17:00+05:30,378.7,379.0,373.2,374.4,1560,67730,18.54835,24325.55,24650.0,24450,ATM+6,PUT,24150,2026-07-17
2026-07-17 15:18:00+05:30,374.85,380.15,374.4,380.15,975,68380,19.50165,24328.8,24650.0,24450,ATM+6,PUT,24150,2026-07-17
2026-07-17 15:19:00+05:30,379.75,380.15,375.45,377.5,2145,68965,19.210994,24329.0,24650.0,24450,ATM+6,PUT,24150,2026-07-17
2026-07-17 15:20:00+05:30,378.6,378.6,374.0,375.5,2470,68510,19.310243,24332.95,24650.0,24450,ATM+6,PUT,24150,2026-07-17
2026-07-17 15:21:00+05:30,374.0,375.5,363.6,365.25,1885,67470,18.125779,24333.15,24650.0,24450,ATM+6,PUT,24150,2026-07-17
2026-07-17 15:22:00+05:30,361.4,365.25,357.65,362.45,11440,60710,18.114845,24336.85,24650.0,24450,ATM+6,PUT,24150,2026-07-17
2026-07-17 15:23:00+05:30,362.3,362.45,358.8,360.3,3705,61100,17.956449,24337.95,24650.0,24450,ATM+6,PUT,24150,2026-07-17
2026-07-17 15:24:00+05:30,358.05,360.3,349.85,355.05,3640,59800,17.754456,24342.8,24650.0,24450,ATM+6,PUT,24150,2026-07-17
2026-07-17 15:25:00+05:30,356.15,356.7,350.7,352.2,2860,59410,17.608032,24345.0,24650.0,24450,ATM+6,PUT,24150,2026-07-17
2026-07-17 15:26:00+05:30,353.0,354.6,349.55,354.0,3380,58500,17.632476,24342.8,24650.0,24450,ATM+6,PUT,24150,2026-07-17
2026-07-17 15:27:00+05:30,352.15,354.0,348.05,348.05,1105,57330,17.029086,24344.0,24650.0,24450,ATM+6,PUT,24150,2026-07-17
2026-07-17 15:28:00+05:30,348.6,349.65,340.8,342.05,3250,55770,15.878201,24339.4,24650.0,24450,ATM+6,PUT,24150,2026-07-17
2026-07-17 15:29:00+05:30,342.05,342.65,335.0,335.0,3120,56160,15.68609,24346.7,24650.0,24450,ATM+6,PUT,24150,2026-07-17
2026-07-17 09:15:00+05:30,13.9,18.8,11.25,18.8,2291380,7859735,10.875423,24151.25,24500.0,24500,ATM+7,CALL,24150,2026-07-17
2026-07-17 09:16:00+05:30,19.7,19.9,17.7,19.45,1971060,8237905,10.518893,24171.0,24500.0,24500,ATM+7,CALL,24150,2026-07-17
2026-07-17 09:17:00+05:30,14.05,14.75,13.95,14.15,944320,2552290,10.538653,24176.15,24550.0,24500,ATM+7,CALL,24150,2026-07-17
2026-07-17 09:18:00+05:30,14.15,16.05,14.0,16.05,556140,2702050,10.665979,24187.4,24550.0,24500,ATM+7,CALL,24150,2026-07-17
2026-07-17 09:19:00+05:30,16.3,17.15,15.7,16.15,631020,2679560,10.675989,24187.85,24550.0,24500,ATM+7,CALL,24150,2026-07-17
2026-07-17 09:20:00+05:30,15.8,16.55,15.1,15.35,525395,2697305,10.523217,24187.75,24550.0,24500,ATM+7,CALL,24150,2026-07-17
2026-07-17 09:21:00+05:30,15.55,15.55,14.5,14.7,284180,2754830,10.4399,24185.75,24550.0,24500,ATM+7,CALL,24150,2026-07-17
2026-07-17 09:22:00+05:30,14.7,15.4,14.45,15.4,287950,2814760,10.512284,24188.75,24550.0,24500,ATM+7,CALL,24150,2026-07-17
2026-07-17 09:23:00+05:30,15.25,15.4,14.5,14.5,202280,2878070,10.392446,24186.15,24550.0,24500,ATM+7,CALL,24150,2026-07-17
2026-07-17 09:24:00+05:30,14.45,15.5,14.25,15.5,357565,2922335,10.462155,24191.9,24550.0,24500,ATM+7,CALL,24150,2026-07-17
2026-07-17 09:25:00+05:30,15.3,16.65,15.2,16.15,438750,2906475,10.42934,24198.85,24550.0,24500,ATM+7,CALL,24150,2026-07-17
2026-07-17 09:26:00+05:30,16.2,16.8,15.9,16.15,295620,2889380,10.408425,24199.8,24550.0,24500,ATM+7,CALL,24150,2026-07-17
2026-07-17 09:27:00+05:30,16.15,16.95,15.65,16.5,323440,2932150,10.40511,24202.85,24550.0,24500,ATM+7,CALL,24150,2026-07-17
2026-07-17 09:28:00+05:30,16.6,16.7,16.25,16.65,115050,2945540,10.388951,24204.8,24550.0,24500,ATM+7,CALL,24150,2026-07-17
2026-07-17 09:29:00+05:30,16.55,17.6,16.3,17.6,240955,2967965,10.443276,24210.0,24550.0,24500,ATM+7,CALL,24150,2026-07-17
2026-07-17 09:30:00+05:30,17.8,17.95,16.1,16.5,425685,2948465,10.388292,24203.7,24550.0,24500,ATM+7,CALL,24150,2026-07-17
2026-07-17 09:31:00+05:30,16.55,16.75,15.25,15.4,403780,2942095,10.336479,24196.85,24550.0,24500,ATM+7,CALL,24150,2026-07-17
2026-07-17 09:32:00+05:30,15.4,16.3,14.85,16.3,288925,3048890,10.317881,24205.2,24550.0,24500,ATM+7,CALL,24150,2026-07-17
2026-07-17 09:33:00+05:30,16.2,17.05,15.85,16.5,197210,3078660,10.228686,24210.7,24550.0,24500,ATM+7,CALL,24150,2026-07-17
2026-07-17 09:34:00+05:30,16.75,17.7,15.8,15.85,405275,3122405,10.20232,24206.6,24550.0,24500,ATM+7,CALL,24150,2026-07-17
2026-07-17 09:35:00+05:30,15.9,16.2,15.7,15.75,209820,3180320,10.173862,24207.05,24550.0,24500,ATM+7,CALL,24150,2026-07-17
2026-07-17 09:36:00+05:30,15.55,16.05,15.15,16.0,193960,3227120,10.167979,24209.4,24550.0,24500,ATM+7,CALL,24150,2026-07-17
2026-07-17 09:37:00+05:30,15.95,16.85,15.6,16.7,242190,3254420,10.140048,24216.25,24550.0,24500,ATM+7,CALL,24150,2026-07-17
2026-07-17 09:38:00+05:30,16.85,17.45,16.55,17.15,299910,3220425,10.098648,24221.55,24550.0,24500,ATM+7,CALL,24150,2026-07-17
2026-07-17 09:39:00+05:30,17.35,17.6,16.55,16.8,285545,3230695,10.092372,24219.15,24550.0,24500,ATM+7,CALL,24150,2026-07-17
2026-07-17 09:40:00+05:30,16.65,17.45,16.45,17.1,228280,3242395,10.103247,24221.05,24550.0,24500,ATM+7,CALL,24150,2026-07-17
2026-07-17 09:41:00+05:30,17.1,17.65,16.9,17.1,197860,3292185,10.077107,24222.2,24550.0,24500,ATM+7,CALL,24150,2026-07-17
2026-07-17 09:42:00+05:30,17.3,17.75,17.05,17.45,126360,3308305,10.081926,24224.7,24550.0,24500,ATM+7,CALL,24150,2026-07-17
2026-07-17 09:43:00+05:30,12.5,13.15,12.45,12.85,403260,7164170,10.28788,24225.15,24600.0,24500,ATM+7,CALL,24150,2026-07-17
2026-07-17 09:44:00+05:30,13.3,14.35,12.85,13.6,764595,7216235,10.312876,24231.3,24600.0,24500,ATM+7,CALL,24150,2026-07-17
2026-07-17 09:45:00+05:30,13.85,15.7,13.6,14.3,1087190,7203105,10.387169,24234.5,24600.0,24500,ATM+7,CALL,24150,2026-07-17
2026-07-17 09:46:00+05:30,14.7,15.6,14.25,15.1,528515,7210970,10.392163,24241.45,24600.0,24500,ATM+7,CALL,24150,2026-07-17
2026-07-17 09:47:00+05:30,15.15,16.2,14.9,15.05,661960,7218445,10.498631,24236.35,24600.0,24500,ATM+7,CALL,24150,2026-07-17
2026-07-17 09:48:00+05:30,15.05,15.85,15.0,15.4,361205,7244770,10.484949,24240.05,24600.0,24500,ATM+7,CALL,24150,2026-07-17
2026-07-17 09:49:00+05:30,15.6,15.6,14.85,15.0,302250,7294300,10.479294,24236.85,24600.0,24500,ATM+7,CALL,24150,2026-07-17
2026-07-17 09:50:00+05:30,15.25,16.1,15.0,15.65,404430,7321275,10.463948,24243.2,24600.0,24500,ATM+7,CALL,24150,2026-07-17
2026-07-17 09:51:00+05:30,15.5,15.75,14.15,14.15,512135,7319845,10.487244,24228.9,24600.0,24500,ATM+7,CALL,24150,2026-07-17
2026-07-17 09:52:00+05:30,14.45,14.5,13.8,13.8,490555,7343830,10.392215,24229.95,24600.0,24500,ATM+7,CALL,24150,2026-07-17
2026-07-17 09:53:00+05:30,13.9,14.65,13.75,14.55,239005,7336225,10.477086,24233.1,24600.0,24500,ATM+7,CALL,24150,2026-07-17
2026-07-17 09:54:00+05:30,14.7,16.0,14.5,15.4,407030,7348315,10.491871,24240.0,24600.0,24500,ATM+7,CALL,24150,2026-07-17
2026-07-17 09:55:00+05:30,15.35,15.4,14.05,14.05,324610,7369115,10.441433,24230.2,24600.0,24500,ATM+7,CALL,24150,2026-07-17
2026-07-17 09:56:00+05:30,19.65,19.65,18.05,18.35,279890,3048305,10.292758,24223.1,24550.0,24500,ATM+7,CALL,24150,2026-07-17
2026-07-17 09:57:00+05:30,18.5,18.5,17.3,17.7,208910,3057145,10.267492,24219.35,24550.0,24500,ATM+7,CALL,24150,2026-07-17
2026-07-17 09:58:00+05:30,12.7,13.55,12.5,13.55,253825,7428460,10.36553,24229.05,24600.0,24500,ATM+7,CALL,24150,2026-07-17
2026-07-17 09:59:00+05:30,13.55,13.7,13.15,13.5,194545,7422090,10.360377,24228.85,24600.0,24500,ATM+7,CALL,24150,2026-07-17
2026-07-17 10:00:00+05:30,19.0,19.6,17.25,17.25,255710,3048500,10.134973,24221.65,24550.0,24500,ATM+7,CALL,24150,2026-07-17
2026-07-17 10:01:00+05:30,17.45,18.1,15.85,16.3,488605,3049085,10.179402,24212.35,24550.0,24500,ATM+7,CALL,24150,2026-07-17
2026-07-17 10:02:00+05:30,16.4,16.65,15.95,16.1,342420,3100565,10.060333,24215.9,24550.0,24500,ATM+7,CALL,24150,2026-07-17
2026-07-17 10:03:00+05:30,16.3,16.6,15.7,16.25,252265,3090945,10.111405,24214.95,24550.0,24500,ATM+7,CALL,24150,2026-07-17
2026-07-17 10:04:00+05:30,16.2,16.25,15.5,15.8,252525,3096340,10.038328,24214.5,24550.0,24500,ATM+7,CALL,24150,2026-07-17
2026-07-17 10:05:00+05:30,15.9,17.3,15.75,17.15,195325,3095625,10.129852,24221.3,24550.0,24500,ATM+7,CALL,24150,2026-07-17
2026-07-17 10:06:00+05:30,17.1,17.8,17.1,17.1,201110,3079895,10.088697,24222.7,24550.0,24500,ATM+7,CALL,24150,2026-07-17
2026-07-17 10:07:00+05:30,12.15,12.6,12.15,12.55,182585,7479810,10.234292,24225.65,24600.0,24500,ATM+7,CALL,24150,2026-07-17
2026-07-17 10:08:00+05:30,12.5,12.7,12.2,12.65,106925,7455240,10.214382,24227.6,24600.0,24500,ATM+7,CALL,24150,2026-07-17
2026-07-17 10:09:00+05:30,12.75,13.6,12.65,13.05,248950,7420335,10.205867,24231.95,24600.0,24500,ATM+7,CALL,24150,2026-07-17
2026-07-17 10:10:00+05:30,12.95,13.4,12.9,13.05,160940,7432945,10.235482,24230.65,24600.0,24500,ATM+7,CALL,24150,2026-07-17
2026-07-17 10:11:00+05:30,13.05,13.2,12.8,13.2,115895,7456475,10.210932,24233.25,24600.0,24500,ATM+7,CALL,24150,2026-07-17
2026-07-17 10:12:00+05:30,13.25,14.7,13.2,14.7,371995,7467395,10.372452,24239.9,24600.0,24500,ATM+7,CALL,24150,2026-07-17
2026-07-17 10:13:00+05:30,14.65,15.5,14.65,14.8,699660,7397455,10.253005,24246.1,24600.0,24500,ATM+7,CALL,24150,2026-07-17
2026-07-17 10:14:00+05:30,14.75,14.8,13.7,13.75,304070,7328165,10.182101,24239.85,24600.0,24500,ATM+7,CALL,24150,2026-07-17
2026-07-17 10:15:00+05:30,13.75,14.8,13.65,14.55,354055,7261670,10.214132,24245.7,24600.0,24500,ATM+7,CALL,24150,2026-07-17
2026-07-17 10:16:00+05:30,14.7,15.05,14.45,14.6,240110,7336615,10.192243,24247.15,24600.0,24500,ATM+7,CALL,24150,2026-07-17
2026-07-17 10:17:00+05:30,14.6,16.45,14.5,16.1,524615,7318545,10.336307,24253.65,24600.0,24500,ATM+7,CALL,24150,2026-07-17
2026-07-17 10:18:00+05:30,16.05,24.05,16.05,22.95,2135250,7211490,11.032693,24274.45,24600.0,24500,ATM+7,CALL,24150,2026-07-17
2026-07-17 10:19:00+05:30,23.45,24.25,19.95,20.75,1839760,7159295,10.683817,24273.95,24600.0,24500,ATM+7,CALL,24150,2026-07-17
2026-07-17 10:20:00+05:30,20.9,21.95,19.6,19.75,913900,7232680,10.689425,24266.75,24600.0,24500,ATM+7,CALL,24150,2026-07-17
2026-07-17 10:21:00+05:30,19.65,20.4,19.2,19.3,703105,7364110,10.575233,24268.3,24600.0,24500,ATM+7,CALL,24150,2026-07-17
2026-07-17 10:22:00+05:30,19.35,19.45,18.45,18.55,665730,7382245,10.572515,24262.95,24600.0,24500,ATM+7,CALL,24150,2026-07-17
2026-07-17 10:23:00+05:30,18.5,18.55,17.8,18.05,655005,7452445,10.582479,24258.8,24600.0,24500,ATM+7,CALL,24150,2026-07-17
2026-07-17 10:24:00+05:30,18.25,18.25,17.25,17.8,427440,7505420,10.613652,24255.6,24600.0,24500,ATM+7,CALL,24150,2026-07-17
2026-07-17 10:25:00+05:30,17.85,19.0,17.25,18.7,429325,7539090,10.579394,24263.9,24600.0,24500,ATM+7,CALL,24150,2026-07-17
2026-07-17 10:26:00+05:30,18.75,19.0,18.15,18.85,279370,7542665,10.56264,24265.75,24600.0,24500,ATM+7,CALL,24150,2026-07-17
2026-07-17 10:27:00+05:30,18.9,19.7,18.6,18.9,454090,7566780,10.52693,24267.65,24600.0,24500,ATM+7,CALL,24150,2026-07-17
2026-07-17 10:28:00+05:30,18.9,20.25,18.9,20.1,476970,7519395,10.598766,24273.3,24600.0,24500,ATM+7,CALL,24150,2026-07-17
2026-07-17 10:29:00+05:30,14.35,15.95,14.3,15.65,309465,3051360,10.744427,24281.55,24650.0,24500,ATM+7,CALL,24150,2026-07-17
2026-07-17 10:30:00+05:30,15.55,15.75,14.35,15.0,295230,3032315,10.664436,24279.4,24650.0,24500,ATM+7,CALL,24150,2026-07-17
2026-07-17 10:31:00+05:30,15.05,16.1,15.0,15.9,436280,3036475,10.760267,24283.1,24650.0,24500,ATM+7,CALL,24150,2026-07-17
2026-07-17 10:32:00+05:30,15.9,17.05,15.45,15.45,457925,3046615,10.62492,24285.2,24650.0,24500,ATM+7,CALL,24150,2026-07-17
2026-07-17 10:33:00+05:30,15.55,15.55,14.6,14.85,352430,3059615,10.631453,24279.65,24650.0,24500,ATM+7,CALL,24150,2026-07-17
2026-07-17 10:34:00+05:30,14.9,15.8,14.75,15.65,170430,3106480,10.686809,24284.3,24650.0,24500,ATM+7,CALL,24150,2026-07-17
2026-07-17 10:35:00+05:30,22.05,22.15,18.95,19.0,385580,7630740,10.443011,24272.2,24600.0,24500,ATM+7,CALL,24150,2026-07-17
2026-07-17 10:36:00+05:30,19.1,19.3,18.5,18.9,416585,7650305,10.419357,24272.5,24600.0,24500,ATM+7,CALL,24150,2026-07-17
2026-07-17 10:37:00+05:30,18.95,19.15,17.85,17.85,341120,7651345,10.360011,24267.25,24600.0,24500,ATM+7,CALL,24150,2026-07-17
2026-07-17 10:38:00+05:30,17.85,18.45,17.45,18.2,341120,7685990,10.410444,24267.8,24600.0,24500,ATM+7,CALL,24150,2026-07-17
2026-07-17 10:39:00+05:30,18.3,18.5,17.85,17.85,338845,7744360,10.361942,24267.25,24600.0,24500,ATM+7,CALL,24150,2026-07-17
2026-07-17 10:40:00+05:30,18.0,18.65,17.65,18.65,286975,7845370,10.476552,24268.45,24600.0,24500,ATM+7,CALL,24150,2026-07-17
2026-07-17 10:41:00+05:30,18.55,18.8,18.15,18.5,237705,7888530,10.396065,24270.75,24600.0,24500,ATM+7,CALL,24150,2026-07-17
2026-07-17 10:42:00+05:30,18.7,18.8,18.15,18.3,246545,7914985,10.397519,24269.25,24600.0,24500,ATM+7,CALL,24150,2026-07-17
2026-07-17 10:43:00+05:30,18.25,18.3,15.75,16.0,835575,7953400,10.46925,24248.15,24600.0,24500,ATM+7,CALL,24150,2026-07-17
2026-07-17 10:44:00+05:30,16.85,16.9,16.0,16.45,417950,7963670,10.301743,24259.1,24600.0,24500,ATM+7,CALL,24150,2026-07-17
2026-07-17 10:45:00+05:30,16.3,16.65,15.05,15.05,442455,7963930,10.168541,24253.3,24600.0,24500,ATM+7,CALL,24150,2026-07-17
2026-07-17 10:46:00+05:30,15.1,15.55,14.9,15.3,470925,7965945,10.236643,24252.5,24600.0,24500,ATM+7,CALL,24150,2026-07-17
2026-07-17 10:47:00+05:30,15.35,15.95,15.05,15.8,311935,8035365,10.290462,24254.4,24600.0,24500,ATM+7,CALL,24150,2026-07-17
2026-07-17 10:48:00+05:30,15.75,15.8,14.7,14.7,302705,8192925,10.095647,24253.6,24600.0,24500,ATM+7,CALL,24150,2026-07-17
2026-07-17 10:49:00+05:30,14.8,15.0,14.4,14.6,244010,8200530,10.160993,24249.9,24600.0,24500,ATM+7,CALL,24150,2026-07-17
2026-07-17 10:50:00+05:30,14.6,15.25,14.4,14.95,370500,8226075,10.205089,24251.05,24600.0,24500,ATM+7,CALL,24150,2026-07-17
2026-07-17 10:51:00+05:30,14.95,14.95,14.0,14.05,437515,8221785,10.07496,24248.9,24600.0,24500,ATM+7,CALL,24150,2026-07-17
2026-07-17 10:52:00+05:30,14.05,14.7,13.8,14.7,194025,8206185,10.141591,24251.75,24600.0,24500,ATM+7,CALL,24150,2026-07-17
2026-07-17 10:53:00+05:30,14.7,15.45,14.6,15.15,303810,8231340,10.129153,24256.2,24600.0,24500,ATM+7,CALL,24150,2026-07-17
2026-07-17 10:54:00+05:30,15.05,15.25,14.2,14.65,312195,8238555,10.046906,24255.55,24600.0,24500,ATM+7,CALL,24150,2026-07-17
2026-07-17 10:55:00+05:30,14.55,14.85,14.1,14.85,117715,8249605,10.059793,24256.75,24600.0,24500,ATM+7,CALL,24150,2026-07-17
2026-07-17 10:56:00+05:30,14.9,15.55,14.75,15.2,259480,8263645,10.149756,24255.85,24600.0,24500,ATM+7,CALL,24150,2026-07-17
2026-07-17 10:57:00+05:30,15.2,15.2,14.7,15.0,185835,8263905,10.096778,24256.5,24600.0,24500,ATM+7,CALL,24150,2026-07-17
2026-07-17 10:58:00+05:30,14.95,15.55,14.9,15.45,138645,8262020,10.156334,24257.75,24600.0,24500,ATM+7,CALL,24150,2026-07-17
2026-07-17 10:59:00+05:30,15.25,15.45,15.05,15.05,173550,8272485,10.096956,24257.0,24600.0,24500,ATM+7,CALL,24150,2026-07-17
2026-07-17 11:00:00+05:30,15.1,15.95,15.05,15.6,134550,8285615,10.137395,24259.9,24600.0,24500,ATM+7,CALL,24150,2026-07-17
2026-07-17 11:01:00+05:30,15.5,15.75,14.85,15.0,278915,8296210,10.098256,24256.6,24600.0,24500,ATM+7,CALL,24150,2026-07-17
2026-07-17 11:02:00+05:30,14.9,15.0,14.1,14.2,194610,8297835,10.123605,24248.55,24600.0,24500,ATM+7,CALL,24150,2026-07-17
2026-07-17 11:03:00+05:30,14.2,14.8,14.15,14.75,133705,8302645,10.19842,24250.15,24600.0,24500,ATM+7,CALL,24150,2026-07-17
2026-07-17 11:04:00+05:30,14.8,15.35,14.7,15.35,133705,8310510,10.13349,24258.15,24600.0,24500,ATM+7,CALL,24150,2026-07-17
2026-07-17 11:05:00+05:30,15.25,15.95,15.25,15.5,254605,8321105,10.069751,24262.2,24600.0,24500,ATM+7,CALL,24150,2026-07-17
2026-07-17 11:06:00+05:30,15.4,15.8,15.0,15.7,104130,8327085,10.115861,24261.9,24600.0,24500,ATM+7,CALL,24150,2026-07-17
2026-07-17 11:07:00+05:30,15.8,15.8,13.9,13.9,369330,8365305,10.121494,24246.15,24600.0,24500,ATM+7,CALL,24150,2026-07-17
2026-07-17 11:08:00+05:30,13.95,13.95,13.2,13.55,662870,8226725,10.22515,24238.35,24600.0,24500,ATM+7,CALL,24150,2026-07-17
2026-07-17 11:09:00+05:30,13.6,13.85,13.4,13.65,318825,8168940,10.167414,24241.9,24600.0,24500,ATM+7,CALL,24150,2026-07-17
2026-07-17 11:10:00+05:30,13.8,13.95,13.15,13.25,489385,7912775,10.151704,24238.9,24600.0,24500,ATM+7,CALL,24150,2026-07-17
2026-07-17 11:11:00+05:30,13.2,13.95,13.2,13.65,282165,7914400,10.195105,24240.75,24600.0,24500,ATM+7,CALL,24150,2026-07-17
2026-07-17 11:12:00+05:30,13.65,14.05,13.55,13.9,147420,7885345,10.226475,24241.7,24600.0,24500,ATM+7,CALL,24150,2026-07-17
2026-07-17 11:13:00+05:30,14.0,14.0,13.15,13.25,159250,7897955,10.176838,24237.9,24600.0,24500,ATM+7,CALL,24150,2026-07-17
2026-07-17 11:14:00+05:30,13.25,14.0,13.15,13.95,326105,7999745,10.373645,24235.7,24600.0,24500,ATM+7,CALL,24150,2026-07-17
2026-07-17 11:15:00+05:30,13.85,14.15,13.65,13.85,173355,8012940,10.280856,24238.95,24600.0,24500,ATM+7,CALL,24150,2026-07-17
2026-07-17 11:16:00+05:30,13.8,13.9,13.1,13.25,246610,7998770,10.236508,24235.35,24600.0,24500,ATM+7,CALL,24150,2026-07-17
2026-07-17 11:17:00+05:30,13.3,13.9,13.25,13.55,249015,7990905,10.207973,24239.5,24600.0,24500,ATM+7,CALL,24150,2026-07-17
2026-07-17 11:18:00+05:30,13.5,13.55,13.0,13.05,148590,7980505,10.161359,24236.9,24600.0,24500,ATM+7,CALL,24150,2026-07-17
2026-07-17 11:19:00+05:30,13.0,13.5,12.8,13.5,273130,7973225,10.151255,24241.65,24600.0,24500,ATM+7,CALL,24150,2026-07-17
2026-07-17 11:20:00+05:30,13.4,13.6,13.4,13.55,110630,7968415,10.160395,24241.75,24600.0,24500,ATM+7,CALL,24150,2026-07-17
2026-07-17 11:21:00+05:30,13.5,13.65,13.35,13.6,74230,7982975,10.172887,24241.7,24600.0,24500,ATM+7,CALL,24150,2026-07-17
2026-07-17 11:22:00+05:30,13.55,14.45,13.55,14.25,296660,7976085,10.132221,24249.45,24600.0,24500,ATM+7,CALL,24150,2026-07-17
2026-07-17 11:23:00+05:30,14.25,14.25,13.15,13.35,209690,7990970,10.195177,24238.45,24600.0,24500,ATM+7,CALL,24150,2026-07-17
2026-07-17 11:24:00+05:30,13.35,14.1,13.05,13.8,323570,8125975,10.115897,24246.2,24600.0,24500,ATM+7,CALL,24150,2026-07-17
2026-07-17 11:25:00+05:30,13.95,14.05,13.45,13.5,127530,8123440,10.133398,24242.7,24600.0,24500,ATM+7,CALL,24150,2026-07-17
2026-07-17 11:26:00+05:30,13.55,13.75,13.25,13.7,81055,8132475,10.205182,24241.4,24600.0,24500,ATM+7,CALL,24150,2026-07-17
2026-07-17 11:27:00+05:30,13.8,14.2,13.7,13.85,150410,8138975,10.189915,24243.5,24600.0,24500,ATM+7,CALL,24150,2026-07-17
2026-07-17 11:28:00+05:30,13.9,14.05,13.7,13.95,132795,8146515,10.173079,24245.2,24600.0,24500,ATM+7,CALL,24150,2026-07-17
2026-07-17 11:29:00+05:30,14.05,14.5,13.8,13.85,193310,8152170,10.203089,24243.0,24600.0,24500,ATM+7,CALL,24150,2026-07-17
2026-07-17 11:30:00+05:30,13.85,14.25,13.65,13.8,123890,8165235,10.167803,24244.15,24600.0,24500,ATM+7,CALL,24150,2026-07-17
2026-07-17 11:31:00+05:30,13.8,13.9,13.4,13.8,75075,8148335,10.122528,24246.2,24600.0,24500,ATM+7,CALL,24150,2026-07-17
2026-07-17 11:32:00+05:30,13.75,14.05,13.5,13.7,50765,8154315,10.178287,24242.85,24600.0,24500,ATM+7,CALL,24150,2026-07-17
2026-07-17 11:33:00+05:30,13.75,14.1,13.25,13.85,103480,8156265,10.072578,24248.95,24600.0,24500,ATM+7,CALL,24150,2026-07-17
2026-07-17 11:34:00+05:30,13.9,14.8,13.85,14.3,374335,8012875,10.082039,24252.6,24600.0,24500,ATM+7,CALL,24150,2026-07-17
2026-07-17 11:35:00+05:30,14.35,15.15,14.25,15.0,247520,8010405,10.08557,24258.55,24600.0,24500,ATM+7,CALL,24150,2026-07-17
2026-07-17 11:36:00+05:30,14.9,15.35,14.05,14.25,325845,8028215,10.11368,24250.85,24600.0,24500,ATM+7,CALL,24150,2026-07-17
2026-07-17 11:37:00+05:30,14.2,14.35,13.65,13.75,255840,8027695,10.102111,24246.9,24600.0,24500,ATM+7,CALL,24150,2026-07-17
2026-07-17 11:38:00+05:30,13.75,14.45,13.75,14.45,162370,8030620,10.147871,24251.2,24600.0,24500,ATM+7,CALL,24150,2026-07-17
2026-07-17 11:39:00+05:30,14.5,15.0,14.35,14.95,150800,8047195,10.114084,24257.05,24600.0,24500,ATM+7,CALL,24150,2026-07-17
2026-07-17 11:40:00+05:30,15.0,15.05,14.55,14.95,126685,8036080,10.081664,24258.5,24600.0,24500,ATM+7,CALL,24150,2026-07-17
2026-07-17 11:41:00+05:30,15.0,15.95,14.95,15.85,375180,8017230,10.145124,24263.3,24600.0,24500,ATM+7,CALL,24150,2026-07-17
2026-07-17 11:42:00+05:30,15.95,16.05,15.2,15.3,167700,8017815,10.084749,24261.4,24600.0,24500,ATM+7,CALL,24150,2026-07-17
2026-07-17 11:43:00+05:30,15.3,15.85,15.05,15.55,223210,8019765,10.11764,24262.1,24600.0,24500,ATM+7,CALL,24150,2026-07-17
2026-07-17 11:44:00+05:30,15.55,16.35,15.5,15.9,224575,8012420,10.066416,24267.2,24600.0,24500,ATM+7,CALL,24150,2026-07-17
2026-07-17 11:45:00+05:30,15.9,16.6,15.9,16.3,286065,8006700,10.040328,24271.55,24600.0,24500,ATM+7,CALL,24150,2026-07-17
2026-07-17 11:46:00+05:30,16.3,16.45,15.8,16.15,203060,7989540,10.072021,24269.05,24600.0,24500,ATM+7,CALL,24150,2026-07-17
2026-07-17 11:47:00+05:30,16.15,16.2,15.25,15.55,187460,7985185,10.022605,24266.35,24600.0,24500,ATM+7,CALL,24150,2026-07-17
2026-07-17 11:48:00+05:30,15.55,16.1,15.35,15.5,144430,7997860,9.983732,24267.65,24600.0,24500,ATM+7,CALL,24150,2026-07-17
2026-07-17 11:49:00+05:30,15.7,15.9,15.4,15.55,97305,7996950,9.994213,24267.65,24600.0,24500,ATM+7,CALL,24150,2026-07-17
2026-07-17 11:50:00+05:30,15.6,15.7,15.25,15.65,72735,7995260,9.945322,24270.6,24600.0,24500,ATM+7,CALL,24150,2026-07-17
2026-07-17 11:51:00+05:30,15.8,16.15,15.65,15.8,237770,7935135,9.933642,24272.35,24600.0,24500,ATM+7,CALL,24150,2026-07-17
2026-07-17 11:52:00+05:30,15.8,16.9,15.8,16.7,205985,7947355,10.066638,24273.85,24600.0,24500,ATM+7,CALL,24150,2026-07-17
2026-07-17 11:53:00+05:30,12.05,12.55,11.75,12.05,290030,3673605,10.135079,24278.7,24650.0,24500,ATM+7,CALL,24150,2026-07-17
2026-07-17 11:54:00+05:30,12.1,12.45,12.05,12.2,141375,3673150,10.162901,24279.0,24650.0,24500,ATM+7,CALL,24150,2026-07-17
2026-07-17 11:55:00+05:30,17.25,17.4,16.3,16.3,201955,7991620,9.973202,24274.8,24600.0,24500,ATM+7,CALL,24150,2026-07-17
2026-07-17 11:56:00+05:30,11.5,12.3,11.25,12.05,157170,3659890,10.1018,24280.35,24650.0,24500,ATM+7,CALL,24150,2026-07-17
2026-07-17 11:57:00+05:30,12.15,12.35,11.85,11.85,184340,3678740,10.079779,24279.35,24650.0,24500,ATM+7,CALL,24150,2026-07-17
2026-07-17 11:58:00+05:30,16.75,16.9,16.0,16.2,192400,8005465,9.952755,24275.0,24600.0,24500,ATM+7,CALL,24150,2026-07-17
2026-07-17 11:59:00+05:30,11.55,11.8,11.4,11.6,52585,3689530,10.057731,24277.85,24650.0,24500,ATM+7,CALL,24150,2026-07-17
2026-07-17 12:00:00+05:30,16.15,16.65,15.2,15.35,306215,8025420,9.890638,24270.9,24600.0,24500,ATM+7,CALL,24150,2026-07-17
2026-07-17 12:01:00+05:30,15.4,15.8,15.0,15.4,223015,8019570,9.965214,24268.15,24600.0,24500,ATM+7,CALL,24150,2026-07-17
2026-07-17 12:02:00+05:30,15.35,15.4,14.75,15.05,150605,8018920,9.918542,24267.3,24600.0,24500,ATM+7,CALL,24150,2026-07-17
2026-07-17 12:03:00+05:30,10.75,11.6,10.6,11.5,67600,3680755,10.089698,24275.5,24650.0,24500,ATM+7,CALL,24150,2026-07-17
2026-07-17 12:04:00+05:30,16.25,16.7,16.15,16.55,227825,8044140,10.026754,24274.85,24600.0,24500,ATM+7,CALL,24150,2026-07-17
2026-07-17 12:05:00+05:30,16.05,16.55,15.9,15.95,128440,8050900,9.930364,24274.25,24600.0,24500,ATM+7,CALL,24150,2026-07-17
2026-07-17 12:06:00+05:30,15.9,15.95,15.1,15.3,136175,8033155,9.958892,24267.8,24600.0,24500,ATM+7,CALL,24150,2026-07-17
2026-07-17 12:07:00+05:30,15.35,15.5,14.55,14.7,221195,8031530,9.946329,24263.35,24600.0,24500,ATM+7,CALL,24150,2026-07-17
2026-07-17 12:08:00+05:30,14.8,15.15,14.4,15.15,177775,8039525,9.924919,24268.1,24600.0,24500,ATM+7,CALL,24150,2026-07-17
2026-07-17 12:09:00+05:30,15.3,16.1,15.15,15.95,339755,8048625,9.935303,24274.2,24600.0,24500,ATM+7,CALL,24150,2026-07-17
2026-07-17 12:10:00+05:30,15.9,16.55,15.9,16.05,348400,8046480,9.959671,24274.0,24600.0,24500,ATM+7,CALL,24150,2026-07-17
2026-07-17 12:11:00+05:30,16.1,16.1,15.45,15.55,243295,8047780,9.923877,24271.55,24600.0,24500,ATM+7,CALL,24150,2026-07-17
2026-07-17 12:12:00+05:30,11.15,11.45,11.0,11.3,52520,3662555,10.043419,24275.9,24650.0,24500,ATM+7,CALL,24150,2026-07-17
2026-07-17 12:13:00+05:30,15.95,16.35,15.15,15.15,104130,8034910,9.873788,24270.5,24600.0,24500,ATM+7,CALL,24150,2026-07-17
2026-07-17 12:14:00+05:30,10.95,11.6,10.9,11.4,93145,3671395,10.054301,24276.55,24650.0,24500,ATM+7,CALL,24150,2026-07-17
2026-07-17 12:15:00+05:30,11.55,11.65,11.4,11.55,56615,3672825,10.003709,24280.5,24650.0,24500,ATM+7,CALL,24150,2026-07-17
2026-07-17 12:16:00+05:30,16.2,16.5,15.15,15.3,212355,8031855,9.816685,24274.3,24600.0,24500,ATM+7,CALL,24150,2026-07-17
2026-07-17 12:17:00+05:30,15.35,15.5,14.75,15.5,155285,8030490,9.904804,24272.2,24600.0,24500,ATM+7,CALL,24150,2026-07-17
2026-07-17 12:18:00+05:30,11.1,11.55,11.0,11.55,71435,3686215,10.112121,24275.65,24650.0,24500,ATM+7,CALL,24150,2026-07-17
2026-07-17 12:19:00+05:30,11.55,11.6,11.15,11.15,51155,3691545,10.024908,24275.45,24650.0,24500,ATM+7,CALL,24150,2026-07-17
2026-07-17 12:20:00+05:30,11.15,11.55,11.15,11.55,57005,3691545,10.002963,24280.75,24650.0,24500,ATM+7,CALL,24150,2026-07-17
2026-07-17 12:21:00+05:30,11.4,11.55,11.2,11.3,27495,3693885,9.973805,24279.5,24650.0,24500,ATM+7,CALL,24150,2026-07-17
2026-07-17 12:22:00+05:30,15.65,15.7,15.25,15.6,66365,8099650,9.935537,24271.9,24600.0,24500,ATM+7,CALL,24150,2026-07-17
2026-07-17 12:23:00+05:30,11.3,11.95,11.2,11.75,123370,3694990,10.044632,24281.05,24650.0,24500,ATM+7,CALL,24150,2026-07-17
2026-07-17 12:24:00+05:30,11.85,12.15,11.6,11.9,254020,3706560,10.064048,24281.75,24650.0,24500,ATM+7,CALL,24150,2026-07-17
2026-07-17 12:25:00+05:30,11.95,12.95,11.9,12.1,344890,3741400,10.176754,24278.7,24650.0,24500,ATM+7,CALL,24150,2026-07-17
2026-07-17 12:26:00+05:30,12.05,12.35,11.75,11.75,143910,3728530,10.129432,24277.3,24650.0,24500,ATM+7,CALL,24150,2026-07-17
2026-07-17 12:27:00+05:30,11.75,12.4,11.7,12.0,83655,3736525,10.15953,24278.55,24650.0,24500,ATM+7,CALL,24150,2026-07-17
2026-07-17 12:28:00+05:30,12.0,12.3,11.95,12.1,118235,3734900,10.197191,24277.9,24650.0,24500,ATM+7,CALL,24150,2026-07-17
2026-07-17 12:29:00+05:30,12.05,12.1,11.7,11.85,74945,3767855,10.14732,24277.65,24650.0,24500,ATM+7,CALL,24150,2026-07-17
2026-07-17 12:30:00+05:30,16.4,16.6,16.05,16.45,203125,8102575,10.040117,24274.55,24600.0,24500,ATM+7,CALL,24150,2026-07-17
2026-07-17 12:31:00+05:30,11.75,12.05,11.5,11.9,53755,3781895,10.172581,24277.1,24650.0,24500,ATM+7,CALL,24150,2026-07-17
2026-07-17 12:32:00+05:30,16.7,16.95,16.2,16.2,146575,8122010,10.014445,24273.75,24600.0,24500,ATM+7,CALL,24150,2026-07-17
2026-07-17 12:33:00+05:30,11.65,12.05,11.6,12.05,53950,3780465,10.13477,24280.45,24650.0,24500,ATM+7,CALL,24150,2026-07-17
2026-07-17 12:34:00+05:30,12.1,12.45,12.05,12.05,162175,3775135,10.120343,24281.15,24650.0,24500,ATM+7,CALL,24150,2026-07-17
2026-07-17 12:35:00+05:30,12.1,12.2,11.85,12.0,41600,3760965,10.106806,24281.3,24650.0,24500,ATM+7,CALL,24150,2026-07-17
2026-07-17 12:36:00+05:30,12.0,12.1,11.75,11.8,43680,3766490,10.055097,24281.65,24650.0,24500,ATM+7,CALL,24150,2026-07-17
2026-07-17 12:37:00+05:30,11.85,12.0,11.4,11.4,55055,3769675,10.024946,24278.9,24650.0,24500,ATM+7,CALL,24150,2026-07-17
2026-07-17 12:38:00+05:30,11.4,11.6,11.15,11.4,97695,3773705,10.034597,24278.5,24650.0,24500,ATM+7,CALL,24150,2026-07-17
2026-07-17 12:39:00+05:30,11.45,11.55,11.2,11.35,29705,3803995,10.040329,24277.75,24650.0,24500,ATM+7,CALL,24150,2026-07-17
2026-07-17 12:40:00+05:30,15.8,16.0,15.1,15.1,211835,8070985,9.981493,24266.55,24600.0,24500,ATM+7,CALL,24150,2026-07-17
2026-07-17 12:41:00+05:30,15.1,15.5,14.5,15.4,296075,8065980,9.982038,24269.05,24600.0,24500,ATM+7,CALL,24150,2026-07-17
2026-07-17 12:42:00+05:30,11.15,11.6,11.0,11.5,94510,3777215,10.025387,24280.15,24650.0,24500,ATM+7,CALL,24150,2026-07-17
2026-07-17 12:43:00+05:30,16.3,16.35,15.35,15.55,155675,8087560,9.873101,24275.0,24600.0,24500,ATM+7,CALL,24150,2026-07-17
2026-07-17 12:44:00+05:30,11.15,11.5,11.1,11.35,51675,3762980,10.060291,24277.05,24650.0,24500,ATM+7,CALL,24150,2026-07-17
2026-07-17 12:45:00+05:30,11.55,12.45,11.35,12.3,209625,3752840,10.134669,24283.5,24650.0,24500,ATM+7,CALL,24150,2026-07-17
2026-07-17 12:46:00+05:30,12.25,12.3,11.9,12.1,63700,3753035,10.118765,24282.25,24650.0,24500,ATM+7,CALL,24150,2026-07-17
2026-07-17 12:47:00+05:30,12.05,12.35,12.0,12.35,57135,3753555,10.080141,24286.55,24650.0,24500,ATM+7,CALL,24150,2026-07-17
2026-07-17 12:48:00+05:30,12.3,12.65,12.1,12.6,163345,3737565,10.120279,24287.25,24650.0,24500,ATM+7,CALL,24150,2026-07-17
2026-07-17 12:49:00+05:30,13.05,14.5,12.6,13.7,845910,3700385,10.204067,24294.0,24650.0,24500,ATM+7,CALL,24150,2026-07-17
2026-07-17 12:50:00+05:30,13.45,13.7,11.9,11.9,303355,3697655,10.048094,24283.6,24650.0,24500,ATM+7,CALL,24150,2026-07-17
2026-07-17 12:51:00+05:30,11.75,11.95,11.5,11.75,202995,3644290,10.064611,24281.35,24650.0,24500,ATM+7,CALL,24150,2026-07-17
2026-07-17 12:52:00+05:30,11.65,11.8,11.3,11.3,155675,3630835,9.997559,24279.75,24650.0,24500,ATM+7,CALL,24150,2026-07-17
2026-07-17 12:53:00+05:30,15.85,16.15,15.15,15.35,319475,8229455,9.903071,24272.5,24600.0,24500,ATM+7,CALL,24150,2026-07-17
2026-07-17 12:54:00+05:30,15.45,15.5,15.05,15.25,182260,8219835,9.85206,24273.9,24600.0,24500,ATM+7,CALL,24150,2026-07-17
2026-07-17 12:55:00+05:30,15.3,15.95,15.1,15.15,264485,8223020,9.89694,24271.2,24600.0,24500,ATM+7,CALL,24150,2026-07-17
2026-07-17 12:56:00+05:30,15.05,15.85,15.05,15.65,141375,8188310,9.914911,24274.55,24600.0,24500,ATM+7,CALL,24150,2026-07-17
2026-07-17 12:57:00+05:30,11.25,11.95,11.1,11.6,109915,3649490,10.058106,24280.35,24650.0,24500,ATM+7,CALL,24150,2026-07-17
2026-07-17 12:58:00+05:30,11.55,11.85,11.3,11.3,55965,3640650,10.020654,24278.95,24650.0,24500,ATM+7,CALL,24150,2026-07-17
2026-07-17 12:59:00+05:30,11.4,11.9,11.3,11.85,79625,3651765,10.052001,24283.3,24650.0,24500,ATM+7,CALL,24150,2026-07-17
2026-07-17 13:00:00+05:30,11.9,12.05,11.45,11.6,116025,3642860,10.007323,24282.8,24650.0,24500,ATM+7,CALL,24150,2026-07-17
2026-07-17 13:01:00+05:30,11.55,12.25,11.55,11.75,52325,3677180,10.021452,24283.75,24650.0,24500,ATM+7,CALL,24150,2026-07-17
2026-07-17 13:02:00+05:30,11.7,11.75,11.2,11.25,74620,3688035,10.019385,24278.65,24650.0,24500,ATM+7,CALL,24150,2026-07-17
2026-07-17 13:03:00+05:30,11.15,11.4,10.95,11.2,53820,3690310,9.964114,24280.7,24650.0,24500,ATM+7,CALL,24150,2026-07-17
2026-07-17 13:04:00+05:30,11.3,11.55,11.2,11.35,31720,3698760,10.018288,24279.85,24650.0,24500,ATM+7,CALL,24150,2026-07-17
2026-07-17 13:05:00+05:30,11.3,11.35,11.0,11.2,64935,3699410,9.95729,24281.1,24650.0,24500,ATM+7,CALL,24150,2026-07-17
2026-07-17 13:06:00+05:30,11.3,11.45,11.05,11.3,33020,3720925,9.91919,24283.95,24650.0,24500,ATM+7,CALL,24150,2026-07-17
2026-07-17 13:07:00+05:30,11.35,11.65,10.8,10.85,117845,3724110,9.978065,24276.45,24650.0,24500,ATM+7,CALL,24150,2026-07-17
2026-07-17 13:08:00+05:30,11.0,11.2,10.85,11.0,50505,3713515,9.942849,24279.75,24650.0,24500,ATM+7,CALL,24150,2026-07-17
2026-07-17 13:09:00+05:30,11.0,11.15,10.8,10.9,103545,3710135,9.958227,24278.0,24650.0,24500,ATM+7,CALL,24150,2026-07-17
2026-07-17 13:10:00+05:30,10.8,11.0,10.8,10.85,41275,3687840,9.914888,24279.5,24650.0,24500,ATM+7,CALL,24150,2026-07-17
2026-07-17 13:11:00+05:30,10.95,11.1,10.8,10.85,63635,3690115,9.920158,24279.3,24650.0,24500,ATM+7,CALL,24150,2026-07-17
2026-07-17 13:12:00+05:30,10.9,11.0,10.5,10.5,80860,3703960,9.879871,24277.35,24650.0,24500,ATM+7,CALL,24150,2026-07-17
2026-07-17 13:13:00+05:30,10.5,10.85,10.5,10.85,70200,3699930,9.983737,24276.45,24650.0,24500,ATM+7,CALL,24150,2026-07-17
2026-07-17 13:14:00+05:30,10.85,11.15,10.8,10.85,47970,3702530,9.852528,24282.55,24650.0,24500,ATM+7,CALL,24150,2026-07-17
2026-07-17 13:15:00+05:30,15.1,15.35,13.65,14.0,420420,8058830,9.673893,24271.9,24600.0,24500,ATM+7,CALL,24150,2026-07-17
2026-07-17 13:16:00+05:30,14.0,14.4,13.9,14.25,207090,8049535,9.703641,24272.8,24600.0,24500,ATM+7,CALL,24150,2026-07-17
2026-07-17 13:17:00+05:30,10.05,10.35,10.0,10.3,82485,3663725,9.87812,24275.4,24650.0,24500,ATM+7,CALL,24150,2026-07-17
2026-07-17 13:18:00+05:30,14.5,14.9,14.1,14.45,123435,8038875,9.75075,24272.55,24600.0,24500,ATM+7,CALL,24150,2026-07-17
2026-07-17 13:19:00+05:30,14.4,14.45,14.0,14.15,138775,8045700,9.650714,24274.35,24600.0,24500,ATM+7,CALL,24150,2026-07-17
2026-07-17 13:20:00+05:30,9.95,10.4,9.95,10.15,65390,3665675,9.803629,24277.3,24650.0,24500,ATM+7,CALL,24150,2026-07-17
2026-07-17 13:21:00+05:30,10.1,10.2,9.8,9.8,60060,3670160,9.715159,24277.45,24650.0,24500,ATM+7,CALL,24150,2026-07-17
2026-07-17 13:22:00+05:30,14.0,14.15,13.85,14.05,90805,8088535,9.633665,24274.35,24600.0,24500,ATM+7,CALL,24150,2026-07-17
2026-07-17 13:23:00+05:30,14.1,14.35,13.55,13.65,209560,8070790,9.676639,24269.05,24600.0,24500,ATM+7,CALL,24150,2026-07-17
2026-07-17 13:24:00+05:30,13.7,14.0,13.05,13.05,321165,8075730,9.614168,24266.45,24600.0,24500,ATM+7,CALL,24150,2026-07-17
2026-07-17 13:25:00+05:30,13.15,13.8,12.7,13.8,315575,8061300,9.718017,24268.65,24600.0,24500,ATM+7,CALL,24150,2026-07-17
2026-07-17 13:26:00+05:30,13.9,13.95,13.05,13.25,120835,7996625,9.690428,24265.0,24600.0,24500,ATM+7,CALL,24150,2026-07-17
2026-07-17 13:27:00+05:30,13.2,13.3,12.7,12.7,145080,7993310,9.648197,24261.85,24600.0,24500,ATM+7,CALL,24150,2026-07-17
2026-07-17 13:28:00+05:30,12.85,13.05,12.65,12.85,169195,7984470,9.707901,24260.65,24600.0,24500,ATM+7,CALL,24150,2026-07-17
2026-07-17 13:29:00+05:30,12.95,13.6,12.85,13.15,158080,7971535,9.62007,24267.3,24600.0,24500,ATM+7,CALL,24150,2026-07-17
2026-07-17 13:30:00+05:30,13.35,13.7,13.15,13.5,115115,7963020,9.636604,24269.75,24600.0,24500,ATM+7,CALL,24150,2026-07-17
2026-07-17 13:31:00+05:30,13.7,14.25,13.4,13.45,213005,7953010,9.666344,24268.05,24600.0,24500,ATM+7,CALL,24150,2026-07-17
2026-07-17 13:32:00+05:30,13.5,13.75,13.05,13.45,101920,7943195,9.702799,24266.5,24600.0,24500,ATM+7,CALL,24150,2026-07-17
2026-07-17 13:33:00+05:30,13.3,13.45,13.05,13.15,97110,7954375,9.7002,24263.95,24600.0,24500,ATM+7,CALL,24150,2026-07-17
2026-07-17 13:34:00+05:30,13.2,13.65,13.0,13.5,125580,7962175,9.733228,24265.7,24600.0,24500,ATM+7,CALL,24150,2026-07-17
2026-07-17 13:35:00+05:30,13.55,14.05,13.5,13.8,127010,7932600,9.751531,24267.6,24600.0,24500,ATM+7,CALL,24150,2026-07-17
2026-07-17 13:36:00+05:30,13.9,14.5,13.75,13.75,192595,7946250,9.691682,24269.8,24600.0,24500,ATM+7,CALL,24150,2026-07-17
2026-07-17 13:37:00+05:30,13.8,14.1,13.05,13.15,184730,7945210,9.686817,24264.7,24600.0,24500,ATM+7,CALL,24150,2026-07-17
2026-07-17 13:38:00+05:30,13.15,13.35,12.95,13.0,135525,7956260,9.631521,24265.8,24600.0,24500,ATM+7,CALL,24150,2026-07-17
2026-07-17 13:39:00+05:30,13.05,13.45,12.95,13.1,81120,7940725,9.568716,24269.5,24600.0,24500,ATM+7,CALL,24150,2026-07-17
2026-07-17 13:40:00+05:30,13.15,13.15,11.9,12.05,388830,7941635,9.602107,24258.25,24600.0,24500,ATM+7,CALL,24150,2026-07-17
2026-07-17 13:41:00+05:30,12.15,12.35,11.6,12.3,530010,7829315,9.738028,24254.65,24600.0,24500,ATM+7,CALL,24150,2026-07-17
2026-07-17 13:42:00+05:30,12.35,12.35,11.6,11.8,244595,7737600,9.706641,24251.2,24600.0,24500,ATM+7,CALL,24150,2026-07-17
2026-07-17 13:43:00+05:30,11.7,11.8,11.35,11.8,248950,7703020,9.771006,24248.35,24600.0,24500,ATM+7,CALL,24150,2026-07-17
2026-07-17 13:44:00+05:30,11.75,11.95,11.35,11.8,238095,7697170,9.640514,24254.25,24600.0,24500,ATM+7,CALL,24150,2026-07-17
2026-07-17 13:45:00+05:30,11.7,12.0,11.45,11.85,165750,7693920,9.693741,24252.4,24600.0,24500,ATM+7,CALL,24150,2026-07-17
2026-07-17 13:46:00+05:30,11.9,12.0,10.8,10.8,634400,7714200,9.618137,24245.1,24600.0,24500,ATM+7,CALL,24150,2026-07-17
2026-07-17 13:47:00+05:30,10.9,11.05,10.35,10.6,493480,7519655,9.711873,24238.7,24600.0,24500,ATM+7,CALL,24150,2026-07-17
2026-07-17 13:48:00+05:30,10.6,11.05,10.45,10.95,233155,7467005,9.611944,24247.05,24600.0,24500,ATM+7,CALL,24150,2026-07-17
2026-07-17 13:49:00+05:30,11.0,11.05,10.55,10.55,296205,7484750,9.674674,24239.95,24600.0,24500,ATM+7,CALL,24150,2026-07-17
2026-07-17 13:50:00+05:30,10.6,10.65,10.2,10.4,503685,7537465,9.919402,24227.05,24600.0,24500,ATM+7,CALL,24150,2026-07-17
2026-07-17 13:51:00+05:30,14.5,14.65,13.15,13.7,502190,3767920,9.805578,24215.95,24550.0,24500,ATM+7,CALL,24150,2026-07-17
2026-07-17 13:52:00+05:30,13.65,14.3,13.65,14.05,231855,3712345,9.729093,24222.35,24550.0,24500,ATM+7,CALL,24150,2026-07-17
2026-07-17 13:53:00+05:30,10.1,10.2,9.95,10.2,277225,7509645,9.826034,24229.25,24600.0,24500,ATM+7,CALL,24150,2026-07-17
2026-07-17 13:54:00+05:30,10.2,10.4,10.0,10.25,269230,7526350,9.779792,24232.0,24600.0,24500,ATM+7,CALL,24150,2026-07-17
2026-07-17 13:55:00+05:30,10.15,10.55,9.95,10.45,373490,7444450,9.731454,24236.5,24600.0,24500,ATM+7,CALL,24150,2026-07-17
2026-07-17 13:56:00+05:30,10.35,10.45,9.95,10.15,170560,7460700,9.741133,24232.75,24600.0,24500,ATM+7,CALL,24150,2026-07-17
2026-07-17 13:57:00+05:30,10.2,10.35,10.1,10.35,147030,7451860,9.770023,24233.7,24600.0,24500,ATM+7,CALL,24150,2026-07-17
2026-07-17 13:58:00+05:30,10.4,10.7,10.25,10.6,208910,7450300,9.746065,24237.6,24600.0,24500,ATM+7,CALL,24150,2026-07-17
2026-07-17 13:59:00+05:30,10.6,12.15,10.6,11.8,499330,7444580,9.747001,24250.1,24600.0,24500,ATM+7,CALL,24150,2026-07-17
2026-07-17 14:00:00+05:30,11.65,12.05,11.35,11.7,345540,7492810,9.754604,24248.8,24600.0,24500,ATM+7,CALL,24150,2026-07-17
2026-07-17 14:01:00+05:30,11.85,11.9,11.4,11.75,352690,7479485,9.811215,24246.8,24600.0,24500,ATM+7,CALL,24150,2026-07-17
2026-07-17 14:02:00+05:30,11.85,11.85,11.15,11.25,256035,7526610,9.769848,24243.6,24600.0,24500,ATM+7,CALL,24150,2026-07-17
2026-07-17 14:03:00+05:30,11.35,11.9,11.25,11.8,339495,7508540,9.836518,24246.25,24600.0,24500,ATM+7,CALL,24150,2026-07-17
2026-07-17 14:04:00+05:30,11.85,12.45,11.8,12.1,246090,7478575,9.812405,24250.35,24600.0,24500,ATM+7,CALL,24150,2026-07-17
2026-07-17 14:05:00+05:30,12.15,12.8,12.1,12.45,310700,7459205,9.791807,24254.7,24600.0,24500,ATM+7,CALL,24150,2026-07-17
2026-07-17 14:06:00+05:30,12.45,12.65,12.05,12.05,231400,7500090,9.818957,24249.65,24600.0,24500,ATM+7,CALL,24150,2026-07-17
2026-07-17 14:07:00+05:30,12.0,12.3,11.8,12.25,180375,7487740,9.832406,24251.05,24600.0,24500,ATM+7,CALL,24150,2026-07-17
2026-07-17 14:08:00+05:30,12.2,12.45,11.65,11.95,203385,7486050,9.766336,24251.1,24600.0,24500,ATM+7,CALL,24150,2026-07-17
2026-07-17 14:09:00+05:30,11.9,12.45,11.9,12.35,88725,7467980,9.813358,24252.95,24600.0,24500,ATM+7,CALL,24150,2026-07-17
2026-07-17 14:10:00+05:30,12.35,12.7,12.2,12.55,255190,7464535,9.833875,24254.0,24600.0,24500,ATM+7,CALL,24150,2026-07-17
2026-07-17 14:11:00+05:30,12.55,13.7,12.55,13.5,463060,7449845,9.778278,24265.25,24600.0,24500,ATM+7,CALL,24150,2026-07-17
2026-07-17 14:12:00+05:30,13.55,14.35,13.45,14.05,609960,7440550,9.744073,24271.6,24600.0,24500,ATM+7,CALL,24150,2026-07-17
2026-07-17 14:13:00+05:30,9.95,11.0,9.95,10.6,367380,3788720,9.96371,24277.25,24650.0,24500,ATM+7,CALL,24150,2026-07-17
2026-07-17 14:14:00+05:30,10.75,11.95,10.6,11.75,431145,3746860,10.162016,24280.55,24650.0,24500,ATM+7,CALL,24150,2026-07-17
2026-07-17 14:15:00+05:30,8.25,14.7,8.25,14.7,3445390,8349445,10.439765,24345.4,24700.0,24500,ATM+7,CALL,24150,2026-07-17
2026-07-17 14:16:00+05:30,14.75,19.2,13.25,19.2,4373525,8673600,10.879611,24362.9,24700.0,24500,ATM+7,CALL,24150,2026-07-17
2026-07-17 14:17:00+05:30,18.7,19.85,15.4,15.45,3820375,9003995,10.544699,24347.45,24700.0,24500,ATM+7,CALL,24150,2026-07-17
2026-07-17 14:18:00+05:30,14.55,15.45,13.05,13.45,2242890,9038380,10.471575,24332.7,24700.0,24500,ATM+7,CALL,24150,2026-07-17
2026-07-17 14:19:00+05:30,18.9,19.05,15.7,15.85,1184495,3562975,10.390647,24308.45,24650.0,24500,ATM+7,CALL,24150,2026-07-17
2026-07-17 14:20:00+05:30,16.05,17.3,15.75,15.95,945230,3436745,10.309675,24312.75,24650.0,24500,ATM+7,CALL,24150,2026-07-17
2026-07-17 14:21:00+05:30,16.05,17.0,15.05,15.65,795470,3292445,10.332678,24309.35,24650.0,24500,ATM+7,CALL,24150,2026-07-17
2026-07-17 14:22:00+05:30,15.65,15.65,14.45,14.5,571480,3313180,10.30069,24300.95,24650.0,24500,ATM+7,CALL,24150,2026-07-17
2026-07-17 14:23:00+05:30,14.2,14.85,14.1,14.1,402155,3301545,10.409116,24292.7,24650.0,24500,ATM+7,CALL,24150,2026-07-17
2026-07-17 14:24:00+05:30,14.15,14.5,13.95,14.3,472745,3249285,10.322922,24298.3,24650.0,24500,ATM+7,CALL,24150,2026-07-17
2026-07-17 14:25:00+05:30,14.35,15.55,13.75,15.35,492180,3212820,10.325999,24307.3,24650.0,24500,ATM+7,CALL,24150,2026-07-17
2026-07-17 14:26:00+05:30,15.35,16.35,15.35,16.25,472485,3131765,10.408594,24311.25,24650.0,24500,ATM+7,CALL,24150,2026-07-17
2026-07-17 14:27:00+05:30,16.25,16.6,15.8,16.6,498095,3219450,10.483356,24310.95,24650.0,24500,ATM+7,CALL,24150,2026-07-17
2026-07-17 14:28:00+05:30,16.55,17.15,16.05,16.4,360815,3231930,10.480686,24309.5,24650.0,24500,ATM+7,CALL,24150,2026-07-17
2026-07-17 14:29:00+05:30,16.3,16.4,13.05,13.4,950040,3267550,10.3882,24287.4,24650.0,24500,ATM+7,CALL,24150,2026-07-17
2026-07-17 14:30:00+05:30,13.4,15.55,13.35,15.2,697060,3296345,10.363235,24304.65,24650.0,24500,ATM+7,CALL,24150,2026-07-17
2026-07-17 14:31:00+05:30,15.2,15.35,14.15,14.35,219115,3285425,10.294045,24300.3,24650.0,24500,ATM+7,CALL,24150,2026-07-17
2026-07-17 14:32:00+05:30,14.3,14.75,13.6,13.95,264030,3279900,10.239204,24299.15,24650.0,24500,ATM+7,CALL,24150,2026-07-17
2026-07-17 14:33:00+05:30,13.8,14.5,13.7,14.25,187720,3315780,10.384806,24295.55,24650.0,24500,ATM+7,CALL,24150,2026-07-17
2026-07-17 14:34:00+05:30,14.3,14.95,14.1,14.65,137215,3296540,10.411226,24298.0,24650.0,24500,ATM+7,CALL,24150,2026-07-17
2026-07-17 14:35:00+05:30,14.6,14.85,14.4,14.4,114465,3303560,10.346266,24298.65,24650.0,24500,ATM+7,CALL,24150,2026-07-17
2026-07-17 14:36:00+05:30,14.45,14.45,13.75,14.15,180050,3317015,10.419901,24293.25,24650.0,24500,ATM+7,CALL,24150,2026-07-17
2026-07-17 14:37:00+05:30,13.95,14.3,13.7,13.9,158470,3311230,10.373395,24293.05,24650.0,24500,ATM+7,CALL,24150,2026-07-17
2026-07-17 14:38:00+05:30,13.75,14.8,13.35,14.35,208325,3295240,10.332109,24298.95,24650.0,24500,ATM+7,CALL,24150,2026-07-17
2026-07-17 14:39:00+05:30,14.4,14.6,14.05,14.4,145860,3311425,10.367542,24297.9,24650.0,24500,ATM+7,CALL,24150,2026-07-17
2026-07-17 14:40:00+05:30,14.4,14.95,14.35,14.5,181415,3305770,10.294276,24302.0,24650.0,24500,ATM+7,CALL,24150,2026-07-17
2026-07-17 14:41:00+05:30,14.55,15.7,14.3,15.7,281190,3280745,10.303502,24311.85,24650.0,24500,ATM+7,CALL,24150,2026-07-17
2026-07-17 14:42:00+05:30,15.65,15.75,14.95,15.6,250250,3327870,10.319179,24310.4,24650.0,24500,ATM+7,CALL,24150,2026-07-17
2026-07-17 14:43:00+05:30,15.55,16.6,15.25,15.5,257400,3293680,10.260711,24312.1,24650.0,24500,ATM+7,CALL,24150,2026-07-17
2026-07-17 14:44:00+05:30,15.4,16.6,15.4,16.1,213525,3294330,10.246258,24317.65,24650.0,24500,ATM+7,CALL,24150,2026-07-17
2026-07-17 14:45:00+05:30,15.85,16.3,15.75,15.85,280540,3282045,10.155635,24319.5,24650.0,24500,ATM+7,CALL,24150,2026-07-17
2026-07-17 14:46:00+05:30,11.2,11.95,10.9,11.65,385580,9043710,10.269471,24325.05,24700.0,24500,ATM+7,CALL,24150,2026-07-17
2026-07-17 14:47:00+05:30,16.55,16.85,16.05,16.25,296660,3356275,10.183762,24321.6,24650.0,24500,ATM+7,CALL,24150,2026-07-17
2026-07-17 14:48:00+05:30,16.2,16.6,15.75,16.6,212745,3362190,10.282877,24320.25,24650.0,24500,ATM+7,CALL,24150,2026-07-17
2026-07-17 14:49:00+05:30,16.5,16.85,16.15,16.25,178230,3360630,10.128507,24324.0,24650.0,24500,ATM+7,CALL,24150,2026-07-17
2026-07-17 14:50:00+05:30,16.25,16.45,15.5,16.05,254605,3344185,10.186869,24320.0,24650.0,24500,ATM+7,CALL,24150,2026-07-17
2026-07-17 14:51:00+05:30,16.15,16.6,15.5,15.7,166985,3362125,10.190719,24317.05,24650.0,24500,ATM+7,CALL,24150,2026-07-17
2026-07-17 14:52:00+05:30,15.8,16.25,15.6,15.75,132145,3354195,10.14099,24319.6,24650.0,24500,ATM+7,CALL,24150,2026-07-17
2026-07-17 14:53:00+05:30,15.65,15.75,15.0,15.55,386685,3383770,10.08221,24320.5,24650.0,24500,ATM+7,CALL,24150,2026-07-17
2026-07-17 14:54:00+05:30,15.5,15.6,14.9,15.55,147030,3404375,10.07255,24320.95,24650.0,24500,ATM+7,CALL,24150,2026-07-17
2026-07-17 14:55:00+05:30,11.0,11.75,10.7,11.7,408655,9155120,10.238121,24327.4,24700.0,24500,ATM+7,CALL,24150,2026-07-17
2026-07-17 14:56:00+05:30,16.8,17.35,15.4,15.9,612430,3379545,10.047727,24324.9,24650.0,24500,ATM+7,CALL,24150,2026-07-17
2026-07-17 14:57:00+05:30,16.0,16.15,15.3,15.7,161070,3381170,10.08892,24321.6,24650.0,24500,ATM+7,CALL,24150,2026-07-17
2026-07-17 14:58:00+05:30,15.7,15.75,14.95,15.3,252070,3372200,10.148304,24315.85,24650.0,24500,ATM+7,CALL,24150,2026-07-17
2026-07-17 14:59:00+05:30,15.4,15.6,14.6,14.7,304460,3344055,10.126874,24311.75,24650.0,24500,ATM+7,CALL,24150,2026-07-17
2026-07-17 15:00:00+05:30,14.95,15.95,13.7,15.55,1501175,3330145,10.013299,24323.7,24650.0,24500,ATM+7,CALL,24150,2026-07-17
2026-07-17 15:01:00+05:30,11.0,12.0,10.5,11.0,1102660,9042735,10.119789,24325.6,24700.0,24500,ATM+7,CALL,24150,2026-07-17
2026-07-17 15:02:00+05:30,15.55,16.05,15.0,15.5,252785,3355300,9.990239,24324.35,24650.0,24500,ATM+7,CALL,24150,2026-07-17
2026-07-17 15:03:00+05:30,15.5,15.8,14.55,14.55,236795,3366675,9.956142,24317.95,24650.0,24500,ATM+7,CALL,24150,2026-07-17
2026-07-17 15:04:00+05:30,14.4,15.4,14.3,15.1,281840,3380910,9.969158,24322.05,24650.0,24500,ATM+7,CALL,24150,2026-07-17
2026-07-17 15:05:00+05:30,10.65,11.45,10.55,11.4,558935,9068995,10.17513,24327.55,24700.0,24500,ATM+7,CALL,24150,2026-07-17
2026-07-17 15:06:00+05:30,11.45,11.85,11.2,11.75,478530,9129835,10.198607,24330.2,24700.0,24500,ATM+7,CALL,24150,2026-07-17
2026-07-17 15:07:00+05:30,11.7,12.1,11.5,11.9,523250,9129250,10.142935,24334.3,24700.0,24500,ATM+7,CALL,24150,2026-07-17
2026-07-17 15:08:00+05:30,11.75,11.9,11.2,11.25,350935,9116705,10.043069,24332.1,24700.0,24500,ATM+7,CALL,24150,2026-07-17
2026-07-17 15:09:00+05:30,11.25,11.6,10.95,11.25,435890,9199385,10.012157,24333.55,24700.0,24500,ATM+7,CALL,24150,2026-07-17
2026-07-17 15:10:00+05:30,11.2,11.25,10.3,10.45,579605,9136335,9.862846,24331.75,24700.0,24500,ATM+7,CALL,24150,2026-07-17
2026-07-17 15:11:00+05:30,10.55,10.85,10.45,10.75,313040,9103120,9.92485,24332.25,24700.0,24500,ATM+7,CALL,24150,2026-07-17
2026-07-17 15:12:00+05:30,10.75,11.3,10.65,10.9,403390,9145370,9.878222,24336.05,24700.0,24500,ATM+7,CALL,24150,2026-07-17
2026-07-17 15:13:00+05:30,10.8,10.9,10.45,10.65,305565,9108580,9.845103,24334.9,24700.0,24500,ATM+7,CALL,24150,2026-07-17
2026-07-17 15:14:00+05:30,10.6,10.75,10.1,10.15,383760,9120085,9.858554,24328.75,24700.0,24500,ATM+7,CALL,24150,2026-07-17
2026-07-17 15:15:00+05:30,14.55,14.7,13.6,13.7,474825,3377595,9.65962,24323.85,24650.0,24500,ATM+7,CALL,24150,2026-07-17
2026-07-17 15:16:00+05:30,13.65,13.9,13.25,13.7,273065,3361995,9.68262,24322.9,24650.0,24500,ATM+7,CALL,24150,2026-07-17
2026-07-17 15:17:00+05:30,9.35,9.85,9.35,9.55,367640,9010040,9.780191,24325.55,24700.0,24500,ATM+7,CALL,24150,2026-07-17
2026-07-17 15:18:00+05:30,9.6,9.75,9.05,9.1,516100,9105005,9.596449,24328.8,24700.0,24500,ATM+7,CALL,24150,2026-07-17
2026-07-17 15:19:00+05:30,9.05,9.1,8.65,9.1,707915,9072115,9.593131,24329.0,24700.0,24500,ATM+7,CALL,24150,2026-07-17
2026-07-17 15:20:00+05:30,9.1,9.5,8.9,9.15,376350,9067890,9.522939,24332.95,24700.0,24500,ATM+7,CALL,24150,2026-07-17
2026-07-17 15:21:00+05:30,9.15,9.6,9.0,9.45,526175,9150765,9.596038,24333.15,24700.0,24500,ATM+7,CALL,24150,2026-07-17
2026-07-17 15:22:00+05:30,9.4,9.75,9.35,9.65,563485,9143810,9.567752,24336.85,24700.0,24500,ATM+7,CALL,24150,2026-07-17
2026-07-17 15:23:00+05:30,9.65,10.6,9.6,10.2,690885,9116380,9.68002,24337.95,24700.0,24500,ATM+7,CALL,24150,2026-07-17
2026-07-17 15:24:00+05:30,10.35,11.3,10.2,11.0,870415,9157135,9.764739,24342.8,24700.0,24500,ATM+7,CALL,24150,2026-07-17
2026-07-17 15:25:00+05:30,11.15,11.65,10.9,11.2,1045850,9136335,9.763368,24345.0,24700.0,24500,ATM+7,CALL,24150,2026-07-17
2026-07-17 15:26:00+05:30,11.05,11.55,10.65,10.75,575900,9101105,9.70819,24342.8,24700.0,24500,ATM+7,CALL,24150,2026-07-17
2026-07-17 15:27:00+05:30,10.95,11.3,10.75,11.0,620165,9095515,9.741135,24344.0,24700.0,24500,ATM+7,CALL,24150,2026-07-17
2026-07-17 15:28:00+05:30,11.1,11.25,10.75,10.9,846885,9095905,9.819991,24339.4,24700.0,24500,ATM+7,CALL,24150,2026-07-17
2026-07-17 15:29:00+05:30,11.05,13.2,10.6,12.35,1511965,8681010,9.987664,24346.7,24700.0,24500,ATM+7,CALL,24150,2026-07-17
2026-07-17 09:15:00+05:30,410.2,441.15,390.95,390.95,61815,848640,18.071564,24151.25,24500.0,24500,ATM+7,PUT,24150,2026-07-17
2026-07-17 09:16:00+05:30,384.3,390.95,367.3,367.3,98410,855075,17.006596,24171.0,24500.0,24500,ATM+7,PUT,24150,2026-07-17
2026-07-17 09:17:00+05:30,408.3,418.55,406.5,409.7,1885,51090,18.016115,24176.15,24550.0,24500,ATM+7,PUT,24150,2026-07-17
2026-07-17 09:18:00+05:30,407.9,409.7,395.4,395.4,2925,51805,17.307785,24187.4,24550.0,24500,ATM+7,PUT,24150,2026-07-17
2026-07-17 09:19:00+05:30,394.0,399.7,389.95,395.65,5135,53820,17.382759,24187.85,24550.0,24500,ATM+7,PUT,24150,2026-07-17
2026-07-17 09:20:00+05:30,393.2,398.95,388.0,395.0,3705,55380,17.293236,24187.75,24550.0,24500,ATM+7,PUT,24150,2026-07-17
2026-07-17 09:21:00+05:30,399.0,399.95,394.05,398.55,2405,56225,17.545753,24185.75,24550.0,24500,ATM+7,PUT,24150,2026-07-17
2026-07-17 09:22:00+05:30,398.35,398.55,394.3,394.3,1625,56550,17.303284,24188.75,24550.0,24500,ATM+7,PUT,24150,2026-07-17
2026-07-17 09:23:00+05:30,394.75,398.65,393.55,398.65,2340,57525,17.598018,24186.15,24550.0,24500,ATM+7,PUT,24150,2026-07-17
2026-07-17 09:24:00+05:30,397.85,399.5,389.35,389.35,1365,57460,16.988371,24191.9,24550.0,24500,ATM+7,PUT,24150,2026-07-17
2026-07-17 09:25:00+05:30,389.8,391.05,381.6,383.8,10465,59215,16.959968,24198.85,24550.0,24500,ATM+7,PUT,24150,2026-07-17
2026-07-17 09:26:00+05:30,382.9,387.6,381.0,386.3,12285,59150,17.357218,24199.8,24550.0,24500,ATM+7,PUT,24150,2026-07-17
2026-07-17 09:27:00+05:30,385.8,387.7,379.75,382.75,7020,54990,17.206357,24202.85,24550.0,24500,ATM+7,PUT,24150,2026-07-17
2026-07-17 09:28:00+05:30,381.0,384.4,381.0,381.35,2990,55380,17.216309,24204.8,24550.0,24500,ATM+7,PUT,24150,2026-07-17
2026-07-17 09:29:00+05:30,382.55,383.2,376.4,376.4,3965,54535,17.092213,24210.0,24550.0,24500,ATM+7,PUT,24150,2026-07-17
2026-07-17 09:30:00+05:30,375.0,385.1,373.6,384.95,5460,55250,17.554525,24203.7,24550.0,24500,ATM+7,PUT,24150,2026-07-17
2026-07-17 09:31:00+05:30,383.95,390.0,381.0,390.0,2600,54665,17.541636,24196.85,24550.0,24500,ATM+7,PUT,24150,2026-07-17
2026-07-17 09:32:00+05:30,387.3,393.0,382.8,383.05,4680,53300,17.463114,24205.2,24550.0,24500,ATM+7,PUT,24150,2026-07-17
2026-07-17 09:33:00+05:30,382.35,383.05,374.9,377.25,2535,51610,17.262493,24210.7,24550.0,24500,ATM+7,PUT,24150,2026-07-17
2026-07-17 09:34:00+05:30,376.1,385.05,371.1,385.05,4745,50440,17.831649,24206.6,24550.0,24500,ATM+7,PUT,24150,2026-07-17
2026-07-17 09:35:00+05:30,382.45,385.05,380.75,380.75,1300,49075,17.356104,24207.05,24550.0,24500,ATM+7,PUT,24150,2026-07-17
2026-07-17 09:36:00+05:30,381.25,386.55,380.05,380.05,2990,48230,17.485241,24209.4,24550.0,24500,ATM+7,PUT,24150,2026-07-17
2026-07-17 09:37:00+05:30,380.1,381.9,374.9,374.9,1820,49075,17.481592,24216.25,24550.0,24500,ATM+7,PUT,24150,2026-07-17
2026-07-17 09:38:00+05:30,373.45,375.15,370.0,372.1,4095,49465,17.616022,24221.55,24550.0,24500,ATM+7,PUT,24150,2026-07-17
2026-07-17 09:39:00+05:30,370.0,375.5,369.6,374.05,2015,50115,17.637813,24219.15,24550.0,24500,ATM+7,PUT,24150,2026-07-17
2026-07-17 09:40:00+05:30,376.65,376.65,371.65,373.55,975,51545,17.745177,24221.05,24550.0,24500,ATM+7,PUT,24150,2026-07-17
2026-07-17 09:41:00+05:30,372.9,374.85,370.35,374.3,2795,52195,17.933098,24222.2,24550.0,24500,ATM+7,PUT,24150,2026-07-17
2026-07-17 09:42:00+05:30,371.55,374.3,369.85,369.9,1235,53040,17.63451,24224.7,24550.0,24500,ATM+7,PUT,24150,2026-07-17
2026-07-17 09:43:00+05:30,416.3,416.35,411.75,413.0,2600,218790,18.325703,24225.15,24600.0,24500,ATM+7,PUT,24150,2026-07-17
2026-07-17 09:44:00+05:30,411.0,418.5,407.0,411.15,9035,224250,18.669568,24231.3,24600.0,24500,ATM+7,PUT,24150,2026-07-17
2026-07-17 09:45:00+05:30,410.05,411.15,398.75,407.4,17355,231270,18.50809,24234.5,24600.0,24500,ATM+7,PUT,24150,2026-07-17
2026-07-17 09:46:00+05:30,404.8,410.0,402.2,404.2,9945,234585,18.750019,24241.45,24600.0,24500,ATM+7,PUT,24150,2026-07-17
2026-07-17 09:47:00+05:30,404.25,408.0,400.45,407.75,11440,242970,18.720077,24236.35,24600.0,24500,ATM+7,PUT,24150,2026-07-17
2026-07-17 09:48:00+05:30,407.05,408.3,403.0,404.3,3965,250575,18.639322,24240.05,24600.0,24500,ATM+7,PUT,24150,2026-07-17
2026-07-17 09:49:00+05:30,404.1,410.0,404.1,408.45,2405,253500,18.851158,24236.85,24600.0,24500,ATM+7,PUT,24150,2026-07-17
2026-07-17 09:50:00+05:30,406.65,408.45,402.1,402.1,2600,254345,18.659537,24243.2,24600.0,24500,ATM+7,PUT,24150,2026-07-17
2026-07-17 09:51:00+05:30,406.3,416.3,402.1,415.55,8840,255775,18.991368,24228.9,24600.0,24500,ATM+7,PUT,24150,2026-07-17
2026-07-17 09:52:00+05:30,414.75,417.0,412.65,416.0,7085,256685,19.141432,24229.95,24600.0,24500,ATM+7,PUT,24150,2026-07-17
2026-07-17 09:53:00+05:30,416.55,416.8,410.45,411.3,4810,257075,18.860972,24233.1,24600.0,24500,ATM+7,PUT,24150,2026-07-17
2026-07-17 09:54:00+05:30,410.0,411.65,402.6,404.45,5135,260195,18.659462,24240.0,24600.0,24500,ATM+7,PUT,24150,2026-07-17
2026-07-17 09:55:00+05:30,409.5,416.0,404.45,416.0,4940,261625,19.167324,24230.2,24600.0,24500,ATM+7,PUT,24150,2026-07-17
2026-07-17 09:56:00+05:30,371.7,377.9,370.55,377.2,3120,87100,18.362989,24223.1,24550.0,24500,ATM+7,PUT,24150,2026-07-17
2026-07-17 09:57:00+05:30,375.7,381.4,375.7,378.5,3120,87620,18.196502,24219.35,24550.0,24500,ATM+7,PUT,24150,2026-07-17
2026-07-17 09:58:00+05:30,423.5,424.2,416.95,416.95,4095,257920,19.181555,24229.05,24600.0,24500,ATM+7,PUT,24150,2026-07-17
2026-07-17 09:59:00+05:30,413.5,418.95,413.15,413.15,2340,257725,18.704821,24228.85,24600.0,24500,ATM+7,PUT,24150,2026-07-17
2026-07-17 10:00:00+05:30,368.5,380.6,368.5,379.6,1820,87945,18.52288,24221.65,24550.0,24500,ATM+7,PUT,24150,2026-07-17
2026-07-17 10:01:00+05:30,379.6,388.9,374.8,384.45,5395,87620,18.294957,24212.35,24550.0,24500,ATM+7,PUT,24150,2026-07-17
2026-07-17 10:02:00+05:30,384.75,385.55,382.0,383.35,5525,87750,18.472854,24215.9,24550.0,24500,ATM+7,PUT,24150,2026-07-17
2026-07-17 10:03:00+05:30,383.8,384.55,382.75,383.85,1495,87620,18.451019,24214.95,24550.0,24500,ATM+7,PUT,24150,2026-07-17
2026-07-17 10:04:00+05:30,383.05,385.1,382.8,383.95,4615,85995,18.425199,24214.5,24550.0,24500,ATM+7,PUT,24150,2026-07-17
2026-07-17 10:05:00+05:30,384.5,385.75,375.55,378.3,1365,88205,18.348222,24221.3,24550.0,24500,ATM+7,PUT,24150,2026-07-17
2026-07-17 10:06:00+05:30,377.0,378.3,374.45,377.0,3965,87685,18.317087,24222.7,24550.0,24500,ATM+7,PUT,24150,2026-07-17
2026-07-17 10:07:00+05:30,423.0,423.45,419.3,420.0,2600,256360,19.252528,24225.65,24600.0,24500,ATM+7,PUT,24150,2026-07-17
2026-07-17 10:08:00+05:30,420.0,421.0,419.3,419.3,650,256425,19.345237,24227.6,24600.0,24500,ATM+7,PUT,24150,2026-07-17
2026-07-17 10:09:00+05:30,418.0,419.3,411.45,415.3,4030,256880,19.256264,24231.95,24600.0,24500,ATM+7,PUT,24150,2026-07-17
2026-07-17 10:10:00+05:30,417.5,419.0,415.3,419.0,2080,257010,19.583587,24230.65,24600.0,24500,ATM+7,PUT,24150,2026-07-17
2026-07-17 10:11:00+05:30,418.95,419.0,416.65,417.5,650,257075,19.635754,24233.25,24600.0,24500,ATM+7,PUT,24150,2026-07-17
2026-07-17 10:12:00+05:30,415.0,417.5,406.0,406.0,3835,257465,18.856252,24239.9,24600.0,24500,ATM+7,PUT,24150,2026-07-17
2026-07-17 10:13:00+05:30,407.0,407.0,402.55,406.8,6045,259870,19.494288,24246.1,24600.0,24500,ATM+7,PUT,24150,2026-07-17
2026-07-17 10:14:00+05:30,406.85,412.0,406.8,410.25,2795,261365,19.359497,24239.85,24600.0,24500,ATM+7,PUT,24150,2026-07-17
2026-07-17 10:15:00+05:30,410.05,412.0,404.55,406.0,3445,261885,19.368512,24245.7,24600.0,24500,ATM+7,PUT,24150,2026-07-17
2026-07-17 10:16:00+05:30,404.85,406.0,402.0,402.7,2340,262015,19.107331,24247.15,24600.0,24500,ATM+7,PUT,24150,2026-07-17
2026-07-17 10:17:00+05:30,403.4,404.3,392.65,393.75,15275,264810,18.619107,24253.65,24600.0,24500,ATM+7,PUT,24150,2026-07-17
2026-07-17 10:18:00+05:30,394.0,395.05,363.5,367.45,44070,273975,17.330689,24274.45,24600.0,24500,ATM+7,PUT,24150,2026-07-17
2026-07-17 10:19:00+05:30,367.7,377.65,366.55,374.8,20410,295230,18.149577,24273.95,24600.0,24500,ATM+7,PUT,24150,2026-07-17
2026-07-17 10:20:00+05:30,373.7,381.0,370.0,380.75,15405,300820,18.229208,24266.75,24600.0,24500,ATM+7,PUT,24150,2026-07-17
2026-07-17 10:21:00+05:30,381.0,381.7,375.9,380.25,12805,308490,18.304802,24268.3,24600.0,24500,ATM+7,PUT,24150,2026-07-17
2026-07-17 10:22:00+05:30,379.85,383.05,379.85,383.05,8580,310115,18.172819,24262.95,24600.0,24500,ATM+7,PUT,24150,2026-07-17
2026-07-17 10:23:00+05:30,384.3,387.0,383.05,386.7,13780,306410,18.242682,24258.8,24600.0,24500,ATM+7,PUT,24150,2026-07-17
2026-07-17 10:24:00+05:30,386.0,388.65,385.55,385.55,5005,306475,17.82286,24255.6,24600.0,24500,ATM+7,PUT,24150,2026-07-17
2026-07-17 10:25:00+05:30,385.0,386.4,380.05,380.05,2275,307710,17.904586,24263.9,24600.0,24500,ATM+7,PUT,24150,2026-07-17
2026-07-17 10:26:00+05:30,384.4,384.4,380.05,382.75,4485,307580,18.383875,24265.75,24600.0,24500,ATM+7,PUT,24150,2026-07-17
2026-07-17 10:27:00+05:30,381.75,382.75,377.5,377.5,3705,310960,17.932995,24267.65,24600.0,24500,ATM+7,PUT,24150,2026-07-17
2026-07-17 10:28:00+05:30,378.35,379.25,374.1,376.05,5850,313170,18.249473,24273.3,24600.0,24500,ATM+7,PUT,24150,2026-07-17
2026-07-17 10:29:00+05:30,419.9,419.9,410.65,410.65,1105,54210,18.648487,24281.55,24650.0,24500,ATM+7,PUT,24150,2026-07-17
2026-07-17 10:30:00+05:30,416.15,416.65,410.65,414.95,585,54860,18.974853,24279.4,24650.0,24500,ATM+7,PUT,24150,2026-07-17
2026-07-17 10:31:00+05:30,410.0,414.95,409.1,412.05,1170,54665,18.960752,24283.1,24650.0,24500,ATM+7,PUT,24150,2026-07-17
2026-07-17 10:32:00+05:30,409.35,412.05,402.4,407.7,3445,54665,18.626991,24285.2,24650.0,24500,ATM+7,PUT,24150,2026-07-17
2026-07-17 10:33:00+05:30,410.55,419.0,407.7,415.85,5135,55315,19.10955,24279.65,24650.0,24500,ATM+7,PUT,24150,2026-07-17
2026-07-17 10:34:00+05:30,413.3,415.85,410.0,410.0,1365,58760,18.825477,24284.3,24650.0,24500,ATM+7,PUT,24150,2026-07-17
2026-07-17 10:35:00+05:30,366.0,379.55,366.0,378.6,10660,346450,18.459925,24272.2,24600.0,24500,ATM+7,PUT,24150,2026-07-17
2026-07-17 10:36:00+05:30,379.2,379.55,377.05,378.2,8515,343525,18.440042,24272.5,24600.0,24500,ATM+7,PUT,24150,2026-07-17
2026-07-17 10:37:00+05:30,378.8,382.7,377.15,382.7,5915,343525,18.518602,24267.25,24600.0,24500,ATM+7,PUT,24150,2026-07-17
2026-07-17 10:38:00+05:30,385.0,386.0,379.9,380.4,15210,333060,18.298299,24267.8,24600.0,24500,ATM+7,PUT,24150,2026-07-17
2026-07-17 10:39:00+05:30,380.45,382.85,379.0,381.85,4550,334360,18.421731,24267.25,24600.0,24500,ATM+7,PUT,24150,2026-07-17
2026-07-17 10:40:00+05:30,383.45,384.95,380.0,380.0,3055,336570,18.309488,24268.45,24600.0,24500,ATM+7,PUT,24150,2026-07-17
2026-07-17 10:41:00+05:30,380.4,380.4,378.7,378.7,650,336310,18.355374,24270.75,24600.0,24500,ATM+7,PUT,24150,2026-07-17
2026-07-17 10:42:00+05:30,379.0,382.75,378.0,381.7,3510,336700,18.577885,24269.25,24600.0,24500,ATM+7,PUT,24150,2026-07-17
2026-07-17 10:43:00+05:30,381.25,397.9,381.0,397.9,12740,339300,18.657119,24248.15,24600.0,24500,ATM+7,PUT,24150,2026-07-17
2026-07-17 10:44:00+05:30,390.45,397.9,389.15,390.85,11310,331695,18.780896,24259.1,24600.0,24500,ATM+7,PUT,24150,2026-07-17
2026-07-17 10:45:00+05:30,391.25,399.0,389.3,399.0,9685,326495,19.238014,24253.3,24600.0,24500,ATM+7,PUT,24150,2026-07-17
2026-07-17 10:46:00+05:30,399.05,400.0,395.0,396.35,5720,323180,18.858723,24252.5,24600.0,24500,ATM+7,PUT,24150,2026-07-17
2026-07-17 10:47:00+05:30,396.65,396.65,391.15,391.15,3835,324610,18.410227,24254.4,24600.0,24500,ATM+7,PUT,24150,2026-07-17
2026-07-17 10:48:00+05:30,394.8,397.05,391.15,397.05,1755,325520,19.038837,24253.6,24600.0,24500,ATM+7,PUT,24150,2026-07-17
2026-07-17 10:49:00+05:30,398.25,400.0,396.8,399.25,3380,327080,18.978071,24249.9,24600.0,24500,ATM+7,PUT,24150,2026-07-17
2026-07-17 10:50:00+05:30,399.25,400.05,395.1,397.55,6110,323895,18.878639,24251.05,24600.0,24500,ATM+7,PUT,24150,2026-07-17
2026-07-17 10:51:00+05:30,398.0,401.45,397.55,401.45,7540,324220,19.153042,24248.9,24600.0,24500,ATM+7,PUT,24150,2026-07-17
2026-07-17 10:52:00+05:30,402.0,403.65,397.7,398.0,3900,325325,18.995069,24251.75,24600.0,24500,ATM+7,PUT,24150,2026-07-17
2026-07-17 10:53:00+05:30,395.9,398.0,391.8,393.6,5460,322400,18.863905,24256.2,24600.0,24500,ATM+7,PUT,24150,2026-07-17
2026-07-17 10:54:00+05:30,393.45,401.7,393.45,398.6,4030,322920,19.394125,24255.55,24600.0,24500,ATM+7,PUT,24150,2026-07-17
2026-07-17 10:55:00+05:30,399.3,401.15,397.15,397.15,2275,322140,19.328534,24256.75,24600.0,24500,ATM+7,PUT,24150,2026-07-17
2026-07-17 10:56:00+05:30,396.85,399.5,390.85,396.0,4615,322010,19.118732,24255.85,24600.0,24500,ATM+7,PUT,24150,2026-07-17
2026-07-17 10:57:00+05:30,394.95,398.15,394.95,395.8,1170,323765,19.1522,24256.5,24600.0,24500,ATM+7,PUT,24150,2026-07-17
2026-07-17 10:58:00+05:30,396.1,396.1,391.8,391.8,3835,323635,18.792052,24257.75,24600.0,24500,ATM+7,PUT,24150,2026-07-17
2026-07-17 10:59:00+05:30,394.8,394.8,391.8,393.05,650,326105,18.875321,24257.0,24600.0,24500,ATM+7,PUT,24150,2026-07-17
2026-07-17 11:00:00+05:30,393.1,393.1,387.5,389.95,6175,326105,18.762617,24259.9,24600.0,24500,ATM+7,PUT,24150,2026-07-17
2026-07-17 11:01:00+05:30,389.6,393.0,388.0,392.4,2600,324870,18.766517,24256.6,24600.0,24500,ATM+7,PUT,24150,2026-07-17
2026-07-17 11:02:00+05:30,396.0,402.7,392.4,402.7,3445,324610,19.283003,24248.55,24600.0,24500,ATM+7,PUT,24150,2026-07-17
2026-07-17 11:03:00+05:30,400.0,402.7,397.2,397.9,3185,323505,18.856249,24250.15,24600.0,24500,ATM+7,PUT,24150,2026-07-17
2026-07-17 11:04:00+05:30,397.0,397.9,392.3,392.85,5265,325195,18.956718,24258.15,24600.0,24500,ATM+7,PUT,24150,2026-07-17
2026-07-17 11:05:00+05:30,390.0,392.85,387.2,389.0,1885,327145,18.854548,24262.2,24600.0,24500,ATM+7,PUT,24150,2026-07-17
2026-07-17 11:06:00+05:30,392.1,394.65,389.0,390.0,2145,328250,18.946837,24261.9,24600.0,24500,ATM+7,PUT,24150,2026-07-17
2026-07-17 11:07:00+05:30,388.6,402.35,388.6,401.65,4550,326040,18.954527,24246.15,24600.0,24500,ATM+7,PUT,24150,2026-07-17
2026-07-17 11:08:00+05:30,403.95,411.0,401.65,407.35,16835,320775,18.943339,24238.35,24600.0,24500,ATM+7,PUT,24150,2026-07-17
2026-07-17 11:09:00+05:30,406.0,409.0,403.3,406.35,3380,320320,19.141373,24241.9,24600.0,24500,ATM+7,PUT,24150,2026-07-17
2026-07-17 11:10:00+05:30,405.4,411.65,404.35,409.95,5655,319995,19.306492,24238.9,24600.0,24500,ATM+7,PUT,24150,2026-07-17
2026-07-17 11:11:00+05:30,409.0,409.95,405.0,406.35,5655,320190,19.041543,24240.75,24600.0,24500,ATM+7,PUT,24150,2026-07-17
2026-07-17 11:12:00+05:30,406.5,408.75,406.1,407.0,2210,320385,19.204729,24241.7,24600.0,24500,ATM+7,PUT,24150,2026-07-17
2026-07-17 11:13:00+05:30,406.35,413.7,406.35,413.5,7930,320060,19.644473,24237.9,24600.0,24500,ATM+7,PUT,24150,2026-07-17
2026-07-17 11:14:00+05:30,413.0,413.5,407.2,407.95,4680,319735,18.782862,24235.7,24600.0,24500,ATM+7,PUT,24150,2026-07-17
2026-07-17 11:15:00+05:30,407.25,407.95,406.0,406.15,2405,320775,18.860722,24238.95,24600.0,24500,ATM+7,PUT,24150,2026-07-17
2026-07-17 11:16:00+05:30,408.4,413.75,406.15,413.75,4875,319150,19.452742,24235.35,24600.0,24500,ATM+7,PUT,24150,2026-07-17
2026-07-17 11:17:00+05:30,413.65,413.75,408.05,412.65,3900,317785,19.68865,24239.5,24600.0,24500,ATM+7,PUT,24150,2026-07-17
2026-07-17 11:18:00+05:30,412.0,416.7,410.05,416.25,14755,315965,19.889003,24236.9,24600.0,24500,ATM+7,PUT,24150,2026-07-17
2026-07-17 11:19:00+05:30,416.0,416.25,409.7,410.15,4485,318955,19.582889,24241.65,24600.0,24500,ATM+7,PUT,24150,2026-07-17
2026-07-17 11:20:00+05:30,410.2,411.05,409.55,410.95,1560,317005,19.687396,24241.75,24600.0,24500,ATM+7,PUT,24150,2026-07-17
2026-07-17 11:21:00+05:30,410.85,411.9,409.7,411.65,1560,315835,19.766888,24241.7,24600.0,24500,ATM+7,PUT,24150,2026-07-17
2026-07-17 11:22:00+05:30,409.4,411.65,400.6,404.5,5070,315380,19.596285,24249.45,24600.0,24500,ATM+7,PUT,24150,2026-07-17
2026-07-17 11:23:00+05:30,407.0,414.85,404.5,413.55,1495,315380,19.710836,24238.45,24600.0,24500,ATM+7,PUT,24150,2026-07-17
2026-07-17 11:24:00+05:30,414.0,415.55,405.0,405.0,3705,314925,19.376517,24246.2,24600.0,24500,ATM+7,PUT,24150,2026-07-17
2026-07-17 11:25:00+05:30,409.9,409.9,405.0,407.95,1235,314665,19.421266,24242.7,24600.0,24500,ATM+7,PUT,24150,2026-07-17
2026-07-17 11:26:00+05:30,410.0,413.0,407.95,410.0,1950,313495,19.551788,24241.4,24600.0,24500,ATM+7,PUT,24150,2026-07-17
2026-07-17 11:27:00+05:30,408.8,410.0,406.0,408.1,4550,312195,19.511441,24243.5,24600.0,24500,ATM+7,PUT,24150,2026-07-17
2026-07-17 11:28:00+05:30,407.7,408.95,405.65,408.95,585,312195,19.760341,24245.2,24600.0,24500,ATM+7,PUT,24150,2026-07-17
2026-07-17 11:29:00+05:30,405.0,408.95,404.0,408.5,1820,312780,19.517571,24243.0,24600.0,24500,ATM+7,PUT,24150,2026-07-17
2026-07-17 11:30:00+05:30,408.5,408.5,404.8,408.0,1885,311545,19.559909,24244.15,24600.0,24500,ATM+7,PUT,24150,2026-07-17
2026-07-17 11:31:00+05:30,408.55,409.15,405.8,405.8,2080,311545,19.479513,24246.2,24600.0,24500,ATM+7,PUT,24150,2026-07-17
2026-07-17 11:32:00+05:30,405.0,409.5,405.0,408.2,1820,311870,19.472522,24242.85,24600.0,24500,ATM+7,PUT,24150,2026-07-17
2026-07-17 11:33:00+05:30,405.4,408.2,404.35,404.35,2665,311805,19.54915,24248.95,24600.0,24500,ATM+7,PUT,24150,2026-07-17
2026-07-17 11:34:00+05:30,404.5,404.5,396.3,400.1,5330,314470,19.365492,24252.6,24600.0,24500,ATM+7,PUT,24150,2026-07-17
2026-07-17 11:35:00+05:30,401.5,401.5,395.0,396.2,4875,314860,19.419168,24258.55,24600.0,24500,ATM+7,PUT,24150,2026-07-17
2026-07-17 11:36:00+05:30,397.1,402.7,393.0,402.7,2080,317135,19.522601,24250.85,24600.0,24500,ATM+7,PUT,24150,2026-07-17
2026-07-17 11:37:00+05:30,401.55,407.95,401.4,405.0,1755,317005,19.453144,24246.9,24600.0,24500,ATM+7,PUT,24150,2026-07-17
2026-07-17 11:38:00+05:30,406.5,406.5,401.0,401.0,910,317525,19.355378,24251.2,24600.0,24500,ATM+7,PUT,24150,2026-07-17
2026-07-17 11:39:00+05:30,399.0,401.0,396.0,396.3,2730,319020,19.30793,24257.05,24600.0,24500,ATM+7,PUT,24150,2026-07-17
2026-07-17 11:40:00+05:30,395.2,399.35,395.0,395.95,4875,322855,19.391881,24258.5,24600.0,24500,ATM+7,PUT,24150,2026-07-17
2026-07-17 11:41:00+05:30,395.3,395.95,390.4,390.4,6565,323765,19.153992,24263.3,24600.0,24500,ATM+7,PUT,24150,2026-07-17
2026-07-17 11:42:00+05:30,390.0,393.6,389.0,393.0,6955,326040,19.296798,24261.4,24600.0,24500,ATM+7,PUT,24150,2026-07-17
2026-07-17 11:43:00+05:30,392.0,394.4,390.0,391.95,2795,327405,19.235112,24262.1,24600.0,24500,ATM+7,PUT,24150,2026-07-17
2026-07-17 11:44:00+05:30,390.0,391.95,385.55,388.3,6240,330135,19.242831,24267.2,24600.0,24500,ATM+7,PUT,24150,2026-07-17
2026-07-17 11:45:00+05:30,388.8,388.8,385.0,385.95,8255,337740,19.335735,24271.55,24600.0,24500,ATM+7,PUT,24150,2026-07-17
2026-07-17 11:46:00+05:30,385.0,389.2,384.85,388.0,3510,339235,19.36522,24269.05,24600.0,24500,ATM+7,PUT,24150,2026-07-17
2026-07-17 11:47:00+05:30,390.0,392.0,388.0,390.0,4745,339365,19.371873,24266.35,24600.0,24500,ATM+7,PUT,24150,2026-07-17
2026-07-17 11:48:00+05:30,388.0,391.4,386.0,388.35,975,340210,19.291184,24267.65,24600.0,24500,ATM+7,PUT,24150,2026-07-17
2026-07-17 11:49:00+05:30,388.15,388.6,387.2,388.6,455,340210,19.3213,24267.65,24600.0,24500,ATM+7,PUT,24150,2026-07-17
2026-07-17 11:50:00+05:30,387.0,389.35,387.0,387.0,650,340795,19.383819,24270.6,24600.0,24500,ATM+7,PUT,24150,2026-07-17
2026-07-17 11:51:00+05:30,386.0,387.0,382.95,386.0,5590,343655,19.41503,24272.35,24600.0,24500,ATM+7,PUT,24150,2026-07-17
2026-07-17 11:52:00+05:30,384.55,386.0,378.95,380.35,5785,343980,18.890207,24273.85,24600.0,24500,ATM+7,PUT,24150,2026-07-17
2026-07-17 11:53:00+05:30,422.7,425.0,420.3,423.95,650,70395,20.091925,24278.7,24650.0,24500,ATM+7,PUT,24150,2026-07-17
2026-07-17 11:54:00+05:30,423.25,423.95,423.25,423.55,130,70330,20.071991,24279.0,24650.0,24500,ATM+7,PUT,24150,2026-07-17
2026-07-17 11:55:00+05:30,379.5,382.4,378.8,380.75,2145,353535,19.019328,24274.8,24600.0,24500,ATM+7,PUT,24150,2026-07-17
2026-07-17 11:56:00+05:30,428.35,430.9,423.25,423.25,1235,70720,20.157652,24280.35,24650.0,24500,ATM+7,PUT,24150,2026-07-17
2026-07-17 11:57:00+05:30,422.8,423.9,422.5,423.9,650,70720,20.148322,24279.35,24650.0,24500,ATM+7,PUT,24150,2026-07-17
2026-07-17 11:58:00+05:30,381.9,384.6,377.6,384.1,9490,360425,19.424283,24275.0,24600.0,24500,ATM+7,PUT,24150,2026-07-17
2026-07-17 11:59:00+05:30,430.45,430.55,430.45,430.45,130,70720,20.795314,24277.85,24650.0,24500,ATM+7,PUT,24150,2026-07-17
2026-07-17 12:00:00+05:30,384.8,391.0,380.9,390.0,6890,354380,19.765068,24270.9,24600.0,24500,ATM+7,PUT,24150,2026-07-17
2026-07-17 12:01:00+05:30,390.1,392.0,386.9,390.0,7800,349635,19.539293,24268.15,24600.0,24500,ATM+7,PUT,24150,2026-07-17
2026-07-17 12:02:00+05:30,390.4,392.0,390.0,391.0,1625,349700,19.585084,24267.3,24600.0,24500,ATM+7,PUT,24150,2026-07-17
2026-07-17 12:03:00+05:30,433.65,436.0,428.2,428.2,390,70720,20.328925,24275.5,24650.0,24500,ATM+7,PUT,24150,2026-07-17
2026-07-17 12:04:00+05:30,383.0,384.05,382.0,383.75,2405,356590,19.379274,24274.85,24600.0,24500,ATM+7,PUT,24150,2026-07-17
2026-07-17 12:05:00+05:30,386.35,387.0,383.75,387.0,1885,356135,19.702952,24274.25,24600.0,24500,ATM+7,PUT,24150,2026-07-17
2026-07-17 12:06:00+05:30,387.05,392.0,386.75,391.45,3640,354770,19.683393,24267.8,24600.0,24500,ATM+7,PUT,24150,2026-07-17
2026-07-17 12:07:00+05:30,391.35,396.0,391.05,396.0,5720,350350,19.839118,24263.35,24600.0,24500,ATM+7,PUT,24150,2026-07-17
2026-07-17 12:08:00+05:30,396.1,396.1,392.4,392.4,5850,346385,19.819827,24268.1,24600.0,24500,ATM+7,PUT,24150,2026-07-17
2026-07-17 12:09:00+05:30,387.7,392.4,386.0,386.5,4875,346385,19.646839,24274.2,24600.0,24500,ATM+7,PUT,24150,2026-07-17
2026-07-17 12:10:00+05:30,385.0,386.5,382.5,385.7,6305,350480,19.540193,24274.0,24600.0,24500,ATM+7,PUT,24150,2026-07-17
2026-07-17 12:11:00+05:30,386.25,389.15,385.7,389.15,6890,350480,19.73513,24271.55,24600.0,24500,ATM+7,PUT,24150,2026-07-17
2026-07-17 12:12:00+05:30,434.95,434.95,434.0,434.9,130,70330,21.167962,24275.9,24650.0,24500,ATM+7,PUT,24150,2026-07-17
2026-07-17 12:13:00+05:30,386.4,389.4,383.25,389.4,1105,349700,19.679905,24270.5,24600.0,24500,ATM+7,PUT,24150,2026-07-17
2026-07-17 12:14:00+05:30,433.15,434.9,430.8,430.8,715,70330,20.743936,24276.55,24650.0,24500,ATM+7,PUT,24150,2026-07-17
2026-07-17 12:15:00+05:30,429.0,430.85,429.0,430.2,195,70330,21.015203,24280.5,24650.0,24500,ATM+7,PUT,24150,2026-07-17
2026-07-17 12:16:00+05:30,383.1,391.45,382.3,390.0,3055,351780,20.062554,24274.3,24600.0,24500,ATM+7,PUT,24150,2026-07-17
2026-07-17 12:17:00+05:30,389.2,394.65,389.2,391.8,6175,351780,20.098266,24272.2,24600.0,24500,ATM+7,PUT,24150,2026-07-17
2026-07-17 12:18:00+05:30,435.0,437.45,429.95,429.95,130,70720,20.569907,24275.65,24650.0,24500,ATM+7,PUT,24150,2026-07-17
2026-07-17 12:19:00+05:30,429.95,429.95,429.95,429.95,0,70720,20.553679,24275.45,24650.0,24500,ATM+7,PUT,24150,2026-07-17
2026-07-17 12:20:00+05:30,434.35,434.45,429.95,432.7,195,70720,21.335229,24280.75,24650.0,24500,ATM+7,PUT,24150,2026-07-17
2026-07-17 12:21:00+05:30,430.85,433.1,430.85,433.1,130,70720,21.277211,24279.5,24650.0,24500,ATM+7,PUT,24150,2026-07-17
2026-07-17 12:22:00+05:30,390.0,392.0,389.0,390.0,2730,350480,19.875072,24271.9,24600.0,24500,ATM+7,PUT,24150,2026-07-17
2026-07-17 12:23:00+05:30,433.1,433.1,428.35,428.35,260,70655,20.85623,24281.05,24650.0,24500,ATM+7,PUT,24150,2026-07-17
2026-07-17 12:24:00+05:30,425.7,430.0,425.7,430.0,650,70850,21.110747,24281.75,24650.0,24500,ATM+7,PUT,24150,2026-07-17
2026-07-17 12:25:00+05:30,425.0,430.0,421.0,421.0,455,70395,19.778468,24278.7,24650.0,24500,ATM+7,PUT,24150,2026-07-17
2026-07-17 12:26:00+05:30,428.8,430.0,421.0,430.0,325,70785,20.730522,24277.3,24650.0,24500,ATM+7,PUT,24150,2026-07-17
2026-07-17 12:27:00+05:30,427.75,430.0,427.55,427.55,260,70590,20.550587,24278.55,24650.0,24500,ATM+7,PUT,24150,2026-07-17
2026-07-17 12:28:00+05:30,425.2,427.55,425.2,425.2,130,70785,20.214992,24277.9,24650.0,24500,ATM+7,PUT,24150,2026-07-17
2026-07-17 12:29:00+05:30,430.0,431.35,425.2,431.35,130,70850,20.924327,24277.65,24650.0,24500,ATM+7,PUT,24150,2026-07-17
2026-07-17 12:30:00+05:30,385.0,388.85,385.0,388.0,5265,366015,19.873416,24274.55,24600.0,24500,ATM+7,PUT,24150,2026-07-17
2026-07-17 12:31:00+05:30,430.65,432.85,430.15,430.15,195,70850,20.737536,24277.1,24650.0,24500,ATM+7,PUT,24150,2026-07-17
2026-07-17 12:32:00+05:30,384.75,387.05,384.0,385.6,780,367510,19.535719,24273.75,24600.0,24500,ATM+7,PUT,24150,2026-07-17
2026-07-17 12:33:00+05:30,429.9,430.25,427.0,427.0,390,70720,20.658781,24280.45,24650.0,24500,ATM+7,PUT,24150,2026-07-17
2026-07-17 12:34:00+05:30,425.0,427.0,425.0,425.0,65,71045,20.48436,24281.15,24650.0,24500,ATM+7,PUT,24150,2026-07-17
2026-07-17 12:35:00+05:30,426.35,429.15,425.0,427.7,520,71110,20.817482,24281.3,24650.0,24500,ATM+7,PUT,24150,2026-07-17
2026-07-17 12:36:00+05:30,428.7,428.7,427.7,428.7,130,70785,20.966413,24281.65,24650.0,24500,ATM+7,PUT,24150,2026-07-17
2026-07-17 12:37:00+05:30,429.1,429.1,427.7,427.7,260,70915,20.612117,24278.9,24650.0,24500,ATM+7,PUT,24150,2026-07-17
2026-07-17 12:38:00+05:30,432.0,433.5,427.7,433.5,195,70980,21.262333,24278.5,24650.0,24500,ATM+7,PUT,24150,2026-07-17
2026-07-17 12:39:00+05:30,433.5,433.5,433.5,433.5,0,70980,21.199515,24277.75,24650.0,24500,ATM+7,PUT,24150,2026-07-17
2026-07-17 12:40:00+05:30,389.0,392.55,384.5,391.65,16900,366340,19.645324,24266.55,24600.0,24500,ATM+7,PUT,24150,2026-07-17
2026-07-17 12:41:00+05:30,391.55,396.0,389.4,389.7,11050,367510,19.629693,24269.05,24600.0,24500,ATM+7,PUT,24150,2026-07-17
2026-07-17 12:42:00+05:30,432.2,438.65,428.75,428.75,715,70590,20.851392,24280.15,24650.0,24500,ATM+7,PUT,24150,2026-07-17
2026-07-17 12:43:00+05:30,385.45,388.2,384.2,388.2,1625,355160,19.949678,24275.0,24600.0,24500,ATM+7,PUT,24150,2026-07-17
2026-07-17 12:44:00+05:30,428.75,428.75,428.75,428.75,0,70590,20.584266,24277.05,24650.0,24500,ATM+7,PUT,24150,2026-07-17
2026-07-17 12:45:00+05:30,428.0,428.75,421.35,421.35,195,70655,20.270936,24283.5,24650.0,24500,ATM+7,PUT,24150,2026-07-17
2026-07-17 12:46:00+05:30,423.75,423.75,421.35,423.75,325,70720,20.447873,24282.25,24650.0,24500,ATM+7,PUT,24150,2026-07-17
2026-07-17 12:47:00+05:30,423.75,424.8,423.75,424.7,195,70655,20.931419,24286.55,24650.0,24500,ATM+7,PUT,24150,2026-07-17
2026-07-17 12:48:00+05:30,423.15,424.7,421.0,421.0,520,71110,20.558833,24287.25,24650.0,24500,ATM+7,PUT,24150,2026-07-17
2026-07-17 12:49:00+05:30,405.0,421.0,402.0,410.7,4745,71370,19.928906,24294.0,24650.0,24500,ATM+7,PUT,24150,2026-07-17
2026-07-17 12:50:00+05:30,412.0,424.2,410.7,421.6,5005,73515,20.315874,24283.6,24650.0,24500,ATM+7,PUT,24150,2026-07-17
2026-07-17 12:51:00+05:30,429.0,429.0,421.6,423.4,3965,72865,20.334084,24281.35,24650.0,24500,ATM+7,PUT,24150,2026-07-17
2026-07-17 12:52:00+05:30,427.05,427.05,423.4,425.1,325,71045,20.397306,24279.75,24650.0,24500,ATM+7,PUT,24150,2026-07-17
2026-07-17 12:53:00+05:30,383.0,389.15,380.0,389.15,8515,368355,19.866894,24272.5,24600.0,24500,ATM+7,PUT,24150,2026-07-17
2026-07-17 12:54:00+05:30,388.15,392.0,386.7,390.8,16055,367380,20.170992,24273.9,24600.0,24500,ATM+7,PUT,24150,2026-07-17
2026-07-17 12:55:00+05:30,389.1,393.3,385.8,393.3,6760,365560,20.237875,24271.2,24600.0,24500,ATM+7,PUT,24150,2026-07-17
2026-07-17 12:56:00+05:30,391.8,393.3,387.9,387.9,2210,368355,19.895601,24274.55,24600.0,24500,ATM+7,PUT,24150,2026-07-17
2026-07-17 12:57:00+05:30,431.8,435.6,424.75,424.75,325,70655,20.414871,24280.35,24650.0,24500,ATM+7,PUT,24150,2026-07-17
2026-07-17 12:58:00+05:30,424.75,424.75,424.75,424.75,0,70655,20.292799,24278.95,24650.0,24500,ATM+7,PUT,24150,2026-07-17
2026-07-17 12:59:00+05:30,427.5,427.5,424.75,425.85,455,70850,20.804378,24283.3,24650.0,24500,ATM+7,PUT,24150,2026-07-17
2026-07-17 13:00:00+05:30,425.85,425.85,425.85,425.85,0,70850,20.762596,24282.8,24650.0,24500,ATM+7,PUT,24150,2026-07-17
2026-07-17 13:01:00+05:30,424.3,425.85,418.4,424.55,585,70915,20.692646,24283.75,24650.0,24500,ATM+7,PUT,24150,2026-07-17
2026-07-17 13:02:00+05:30,422.4,427.0,422.4,427.0,455,71240,20.540168,24278.65,24650.0,24500,ATM+7,PUT,24150,2026-07-17
2026-07-17 13:03:00+05:30,426.9,430.65,425.55,430.65,650,71110,21.150981,24280.7,24650.0,24500,ATM+7,PUT,24150,2026-07-17
2026-07-17 13:04:00+05:30,426.25,430.65,426.25,426.25,65,71500,20.558773,24279.85,24650.0,24500,ATM+7,PUT,24150,2026-07-17
2026-07-17 13:05:00+05:30,429.25,430.55,426.25,428.55,2210,71500,20.941033,24281.1,24650.0,24500,ATM+7,PUT,24150,2026-07-17
2026-07-17 13:06:00+05:30,428.1,428.55,428.1,428.1,65,72800,21.133883,24283.95,24650.0,24500,ATM+7,PUT,24150,2026-07-17
2026-07-17 13:07:00+05:30,426.1,434.25,426.1,434.25,260,72800,21.214715,24276.45,24650.0,24500,ATM+7,PUT,24150,2026-07-17
2026-07-17 13:08:00+05:30,431.4,434.25,431.4,431.4,65,72995,21.164548,24279.75,24650.0,24500,ATM+7,PUT,24150,2026-07-17
2026-07-17 13:09:00+05:30,429.3,431.4,429.3,429.3,260,72995,20.76616,24278.0,24650.0,24500,ATM+7,PUT,24150,2026-07-17
2026-07-17 13:10:00+05:30,428.0,429.3,428.0,428.0,130,72800,20.744069,24279.5,24650.0,24500,ATM+7,PUT,24150,2026-07-17
2026-07-17 13:11:00+05:30,428.35,430.95,428.0,430.2,390,72735,20.988463,24279.3,24650.0,24500,ATM+7,PUT,24150,2026-07-17
2026-07-17 13:12:00+05:30,428.85,431.45,428.85,431.45,260,72995,20.968609,24277.35,24650.0,24500,ATM+7,PUT,24150,2026-07-17
2026-07-17 13:13:00+05:30,430.0,431.45,430.0,430.0,130,72865,20.719069,24276.45,24650.0,24500,ATM+7,PUT,24150,2026-07-17
2026-07-17 13:14:00+05:30,428.35,430.0,428.35,428.35,3250,72800,21.054561,24282.55,24650.0,24500,ATM+7,PUT,24150,2026-07-17
2026-07-17 13:15:00+05:30,384.55,396.0,383.05,392.0,12610,377325,20.172937,24271.9,24600.0,24500,ATM+7,PUT,24150,2026-07-17
2026-07-17 13:16:00+05:30,393.25,393.25,389.3,389.3,3770,367185,19.938586,24272.8,24600.0,24500,ATM+7,PUT,24150,2026-07-17
2026-07-17 13:17:00+05:30,437.55,438.3,434.05,434.05,3510,74165,21.113988,24275.4,24650.0,24500,ATM+7,PUT,24150,2026-07-17
2026-07-17 13:18:00+05:30,388.0,390.0,385.95,390.0,2795,364520,20.000988,24272.55,24600.0,24500,ATM+7,PUT,24150,2026-07-17
2026-07-17 13:19:00+05:30,391.85,393.6,388.8,392.3,4875,366340,20.411551,24274.35,24600.0,24500,ATM+7,PUT,24150,2026-07-17
2026-07-17 13:20:00+05:30,433.0,437.0,433.0,433.0,65,71500,21.158641,24277.3,24650.0,24500,ATM+7,PUT,24150,2026-07-17
2026-07-17 13:21:00+05:30,435.4,438.0,433.0,436.65,975,71500,21.602383,24277.45,24650.0,24500,ATM+7,PUT,24150,2026-07-17
2026-07-17 13:22:00+05:30,391.6,392.5,390.9,392.1,1820,364715,20.39285,24274.35,24600.0,24500,ATM+7,PUT,24150,2026-07-17
2026-07-17 13:23:00+05:30,388.65,394.0,388.65,394.0,1625,364325,20.17919,24269.05,24600.0,24500,ATM+7,PUT,24150,2026-07-17
2026-07-17 13:24:00+05:30,394.0,399.8,392.0,397.25,11440,363870,20.34004,24266.45,24600.0,24500,ATM+7,PUT,24150,2026-07-17
2026-07-17 13:25:00+05:30,399.5,402.8,393.95,393.95,13260,353535,20.143146,24268.65,24600.0,24500,ATM+7,PUT,24150,2026-07-17
2026-07-17 13:26:00+05:30,390.75,399.9,390.75,398.8,4290,349635,20.401513,24265.0,24600.0,24500,ATM+7,PUT,24150,2026-07-17
2026-07-17 13:27:00+05:30,397.9,402.0,397.9,402.0,5850,348140,20.511254,24261.85,24600.0,24500,ATM+7,PUT,24150,2026-07-17
2026-07-17 13:28:00+05:30,400.4,403.0,400.05,400.05,6500,346320,20.187199,24260.65,24600.0,24500,ATM+7,PUT,24150,2026-07-17
2026-07-17 13:29:00+05:30,400.25,400.25,393.85,396.8,4680,346320,20.364949,24267.3,24600.0,24500,ATM+7,PUT,24150,2026-07-17
2026-07-17 13:30:00+05:30,398.55,398.55,395.1,396.0,3445,348400,20.475126,24269.75,24600.0,24500,ATM+7,PUT,24150,2026-07-17
2026-07-17 13:31:00+05:30,394.0,398.35,391.35,397.95,5070,348140,20.56089,24268.05,24600.0,24500,ATM+7,PUT,24150,2026-07-17
2026-07-17 13:32:00+05:30,397.2,401.55,397.05,397.6,3835,348400,20.395125,24266.5,24600.0,24500,ATM+7,PUT,24150,2026-07-17
2026-07-17 13:33:00+05:30,400.2,401.0,397.6,401.0,1560,348985,20.577499,24263.95,24600.0,24500,ATM+7,PUT,24150,2026-07-17
2026-07-17 13:34:00+05:30,397.75,401.55,397.0,397.0,1300,348790,20.262719,24265.7,24600.0,24500,ATM+7,PUT,24150,2026-07-17
2026-07-17 13:35:00+05:30,396.55,397.0,393.15,394.8,1365,348660,20.16757,24267.6,24600.0,24500,ATM+7,PUT,24150,2026-07-17
2026-07-17 13:36:00+05:30,393.5,395.0,388.85,394.0,10855,351455,20.258136,24269.8,24600.0,24500,ATM+7,PUT,24150,2026-07-17
2026-07-17 13:37:00+05:30,393.5,400.95,393.5,400.95,8840,351000,20.638826,24264.7,24600.0,24500,ATM+7,PUT,24150,2026-07-17
2026-07-17 13:38:00+05:30,398.6,402.0,398.6,400.0,1170,347815,20.621357,24265.8,24600.0,24500,ATM+7,PUT,24150,2026-07-17
2026-07-17 13:39:00+05:30,400.0,400.0,398.0,398.0,1560,346840,20.695545,24269.5,24600.0,24500,ATM+7,PUT,24150,2026-07-17
2026-07-17 13:40:00+05:30,398.5,408.35,398.0,408.2,15080,347035,20.945987,24258.25,24600.0,24500,ATM+7,PUT,24150,2026-07-17
2026-07-17 13:41:00+05:30,407.0,415.5,404.9,404.9,17940,339560,20.263897,24254.65,24600.0,24500,ATM+7,PUT,24150,2026-07-17
2026-07-17 13:42:00+05:30,406.2,413.55,404.9,410.5,6825,331500,20.627451,24251.2,24600.0,24500,ATM+7,PUT,24150,2026-07-17
2026-07-17 13:43:00+05:30,410.7,414.95,409.95,410.0,9295,333645,20.327824,24248.35,24600.0,24500,ATM+7,PUT,24150,2026-07-17
2026-07-17 13:44:00+05:30,411.3,414.1,406.7,409.0,14885,335530,20.711917,24254.25,24600.0,24500,ATM+7,PUT,24150,2026-07-17
2026-07-17 13:45:00+05:30,410.0,413.0,409.0,410.0,3185,336505,20.674361,24252.4,24600.0,24500,ATM+7,PUT,24150,2026-07-17
2026-07-17 13:46:00+05:30,408.9,420.5,408.9,420.5,15080,333125,21.284337,24245.1,24600.0,24500,ATM+7,PUT,24150,2026-07-17
2026-07-17 13:47:00+05:30,419.4,427.5,419.15,422.95,14950,323180,21.03042,24238.7,24600.0,24500,ATM+7,PUT,24150,2026-07-17
2026-07-17 13:48:00+05:30,422.0,423.95,416.4,418.35,9685,316095,21.200679,24247.05,24600.0,24500,ATM+7,PUT,24150,2026-07-17
2026-07-17 13:49:00+05:30,419.2,424.0,416.65,424.0,5200,313105,21.262755,24239.95,24600.0,24500,ATM+7,PUT,24150,2026-07-17
2026-07-17 13:50:00+05:30,422.7,429.7,422.7,427.5,8190,311025,20.559456,24227.05,24600.0,24500,ATM+7,PUT,24150,2026-07-17
2026-07-17 13:51:00+05:30,385.25,393.7,381.2,390.0,14235,113880,19.527485,24215.95,24550.0,24500,ATM+7,PUT,24150,2026-07-17
2026-07-17 13:52:00+05:30,389.5,390.0,383.45,387.9,4550,107575,19.822869,24222.35,24550.0,24500,ATM+7,PUT,24150,2026-07-17
2026-07-17 13:53:00+05:30,433.55,433.75,429.2,429.75,1755,301860,21.026695,24229.25,24600.0,24500,ATM+7,PUT,24150,2026-07-17
2026-07-17 13:54:00+05:30,429.8,430.4,427.9,428.75,2080,301860,21.148265,24232.0,24600.0,24500,ATM+7,PUT,24150,2026-07-17
2026-07-17 13:55:00+05:30,428.0,429.45,418.95,422.85,8385,299845,20.840409,24236.5,24600.0,24500,ATM+7,PUT,24150,2026-07-17
2026-07-17 13:56:00+05:30,424.0,428.0,422.85,423.45,3640,300105,20.585989,24232.75,24600.0,24500,ATM+7,PUT,24150,2026-07-17
2026-07-17 13:57:00+05:30,422.1,425.05,420.75,422.9,6045,301340,20.605085,24233.7,24600.0,24500,ATM+7,PUT,24150,2026-07-17
2026-07-17 13:58:00+05:30,420.1,424.0,418.75,418.75,6240,299455,20.453113,24237.6,24600.0,24500,ATM+7,PUT,24150,2026-07-17
2026-07-17 13:59:00+05:30,418.65,418.75,400.3,403.05,16380,300170,19.677076,24250.1,24600.0,24500,ATM+7,PUT,24150,2026-07-17
2026-07-17 14:00:00+05:30,408.45,408.45,403.05,405.95,7280,295425,19.910005,24248.8,24600.0,24500,ATM+7,PUT,24150,2026-07-17
2026-07-17 14:01:00+05:30,405.45,411.7,405.0,408.65,7475,295555,20.058019,24246.8,24600.0,24500,ATM+7,PUT,24150,2026-07-17
2026-07-17 14:02:00+05:30,411.1,414.6,408.65,412.5,5070,298155,20.23827,24243.6,24600.0,24500,ATM+7,PUT,24150,2026-07-17
2026-07-17 14:03:00+05:30,410.5,413.0,409.3,409.3,5525,298805,20.089993,24246.25,24600.0,24500,ATM+7,PUT,24150,2026-07-17
2026-07-17 14:04:00+05:30,407.0,409.3,402.95,405.05,18525,298155,19.94305,24250.35,24600.0,24500,ATM+7,PUT,24150,2026-07-17
2026-07-17 14:05:00+05:30,405.15,406.05,400.0,402.3,3770,297050,19.994556,24254.7,24600.0,24500,ATM+7,PUT,24150,2026-07-17
2026-07-17 14:06:00+05:30,402.45,408.45,402.2,407.2,7150,298025,20.139712,24249.65,24600.0,24500,ATM+7,PUT,24150,2026-07-17
2026-07-17 14:07:00+05:30,409.1,409.9,405.2,405.2,7410,298220,20.025332,24251.05,24600.0,24500,ATM+7,PUT,24150,2026-07-17
2026-07-17 14:08:00+05:30,405.45,411.05,405.0,406.9,4030,299585,20.231739,24251.1,24600.0,24500,ATM+7,PUT,24150,2026-07-17
2026-07-17 14:09:00+05:30,407.0,407.5,405.0,405.35,520,299975,20.209047,24252.95,24600.0,24500,ATM+7,PUT,24150,2026-07-17
2026-07-17 14:10:00+05:30,405.0,405.55,402.1,404.6,7605,303095,20.211919,24254.0,24600.0,24500,ATM+7,PUT,24150,2026-07-17
2026-07-17 14:11:00+05:30,403.0,404.6,392.0,392.0,14170,301925,19.692551,24265.25,24600.0,24500,ATM+7,PUT,24150,2026-07-17
2026-07-17 14:12:00+05:30,391.8,393.0,384.3,384.75,14690,304005,19.383547,24271.6,24600.0,24500,ATM+7,PUT,24150,2026-07-17
2026-07-17 14:13:00+05:30,431.0,431.05,417.9,417.9,2275,50895,19.400959,24277.25,24650.0,24500,ATM+7,PUT,24150,2026-07-17
2026-07-17 14:14:00+05:30,417.5,423.4,413.4,414.45,1430,51480,19.282489,24280.55,24650.0,24500,ATM+7,PUT,24150,2026-07-17
2026-07-17 14:15:00+05:30,461.0,462.15,381.55,381.6,21060,100490,16.530649,24345.4,24700.0,24500,ATM+7,PUT,24150,2026-07-17
2026-07-17 14:16:00+05:30,377.6,399.45,368.7,371.45,27560,104975,16.947595,24362.9,24700.0,24500,ATM+7,PUT,24150,2026-07-17
2026-07-17 14:17:00+05:30,371.45,390.0,371.1,388.25,20605,115375,17.583331,24347.45,24700.0,24500,ATM+7,PUT,24150,2026-07-17
2026-07-17 14:18:00+05:30,394.85,403.55,388.25,403.45,17485,113880,18.083556,24332.7,24700.0,24500,ATM+7,PUT,24150,2026-07-17
2026-07-17 14:19:00+05:30,360.55,381.45,359.9,380.55,10725,64935,17.692844,24308.45,24650.0,24500,ATM+7,PUT,24150,2026-07-17
2026-07-17 14:20:00+05:30,378.45,383.8,370.4,383.8,3835,65845,18.47995,24312.75,24650.0,24500,ATM+7,PUT,24150,2026-07-17
2026-07-17 14:21:00+05:30,386.25,389.9,380.1,386.0,3315,65390,18.442729,24309.35,24650.0,24500,ATM+7,PUT,24150,2026-07-17
2026-07-17 14:22:00+05:30,393.55,398.5,386.0,398.5,10270,64935,19.201185,24300.95,24650.0,24500,ATM+7,PUT,24150,2026-07-17
2026-07-17 14:23:00+05:30,403.4,405.2,396.1,405.2,4160,69485,19.27293,24292.7,24650.0,24500,ATM+7,PUT,24150,2026-07-17
2026-07-17 14:24:00+05:30,407.1,408.0,399.6,399.6,5590,67860,19.099593,24298.3,24650.0,24500,ATM+7,PUT,24150,2026-07-17
2026-07-17 14:25:00+05:30,399.3,400.55,385.3,387.15,3705,67145,18.402107,24307.3,24650.0,24500,ATM+7,PUT,24150,2026-07-17
2026-07-17 14:26:00+05:30,387.5,387.9,380.05,384.8,5980,73320,18.47371,24311.25,24650.0,24500,ATM+7,PUT,24150,2026-07-17
2026-07-17 14:27:00+05:30,383.8,386.45,381.25,381.75,3510,74555,18.078168,24310.95,24650.0,24500,ATM+7,PUT,24150,2026-07-17
2026-07-17 14:28:00+05:30,378.35,381.75,374.8,379.5,3575,75530,17.670382,24309.5,24650.0,24500,ATM+7,PUT,24150,2026-07-17
2026-07-17 14:29:00+05:30,379.9,407.65,379.5,403.05,9100,70720,18.526532,24287.4,24650.0,24500,ATM+7,PUT,24150,2026-07-17
2026-07-17 14:30:00+05:30,403.45,403.45,386.2,388.5,6370,70135,18.331651,24304.65,24650.0,24500,ATM+7,PUT,24150,2026-07-17
2026-07-17 14:31:00+05:30,387.55,395.15,386.0,394.85,3315,70330,18.711754,24300.3,24650.0,24500,ATM+7,PUT,24150,2026-07-17
2026-07-17 14:32:00+05:30,393.55,396.2,391.45,392.8,3055,70265,18.356394,24299.15,24650.0,24500,ATM+7,PUT,24150,2026-07-17
2026-07-17 14:33:00+05:30,394.2,394.9,392.8,392.85,1300,69355,18.027213,24295.55,24650.0,24500,ATM+7,PUT,24150,2026-07-17
2026-07-17 14:34:00+05:30,390.0,392.85,390.0,391.8,910,69420,18.128032,24298.0,24650.0,24500,ATM+7,PUT,24150,2026-07-17
2026-07-17 14:35:00+05:30,392.95,392.95,391.8,392.95,130,69420,18.332036,24298.65,24650.0,24500,ATM+7,PUT,24150,2026-07-17
2026-07-17 14:36:00+05:30,397.15,400.0,392.95,397.15,1235,68575,18.349944,24293.25,24650.0,24500,ATM+7,PUT,24150,2026-07-17
2026-07-17 14:37:00+05:30,397.2,397.2,393.5,393.5,585,68510,17.87515,24293.05,24650.0,24500,ATM+7,PUT,24150,2026-07-17
2026-07-17 14:38:00+05:30,399.0,400.35,391.65,393.35,910,67925,18.412524,24298.95,24650.0,24500,ATM+7,PUT,24150,2026-07-17
2026-07-17 14:39:00+05:30,392.55,393.35,392.55,392.55,65,67925,18.217344,24297.9,24650.0,24500,ATM+7,PUT,24150,2026-07-17
2026-07-17 14:40:00+05:30,391.25,392.55,387.95,391.55,1755,67600,18.474123,24302.0,24650.0,24500,ATM+7,PUT,24150,2026-07-17
2026-07-17 14:41:00+05:30,391.85,391.85,380.95,380.95,1170,67860,18.078174,24311.85,24650.0,24500,ATM+7,PUT,24150,2026-07-17
2026-07-17 14:42:00+05:30,381.4,386.9,380.95,382.9,1170,68900,18.185296,24310.4,24650.0,24500,ATM+7,PUT,24150,2026-07-17
2026-07-17 14:43:00+05:30,381.35,383.45,375.0,383.45,1820,69160,18.406498,24312.1,24650.0,24500,ATM+7,PUT,24150,2026-07-17
2026-07-17 14:44:00+05:30,380.0,383.45,371.8,372.1,2015,69615,17.528961,24317.65,24650.0,24500,ATM+7,PUT,24150,2026-07-17
2026-07-17 14:45:00+05:30,374.8,376.6,372.1,376.6,1170,69940,18.242772,24319.5,24650.0,24500,ATM+7,PUT,24150,2026-07-17
2026-07-17 14:46:00+05:30,422.85,423.0,413.8,416.0,5720,124735,18.963274,24325.05,24700.0,24500,ATM+7,PUT,24150,2026-07-17
2026-07-17 14:47:00+05:30,372.15,374.4,369.2,373.0,2340,70915,17.998541,24321.6,24650.0,24500,ATM+7,PUT,24150,2026-07-17
2026-07-17 14:48:00+05:30,372.55,379.0,372.3,374.45,975,71565,18.054113,24320.25,24650.0,24500,ATM+7,PUT,24150,2026-07-17
2026-07-17 14:49:00+05:30,372.35,374.45,371.1,372.35,390,71565,18.135414,24324.0,24650.0,24500,ATM+7,PUT,24150,2026-07-17
2026-07-17 14:50:00+05:30,374.0,377.5,371.4,374.45,650,72085,18.034066,24320.0,24650.0,24500,ATM+7,PUT,24150,2026-07-17
2026-07-17 14:51:00+05:30,372.55,380.0,370.65,380.0,1430,72085,18.441065,24317.05,24650.0,24500,ATM+7,PUT,24150,2026-07-17
2026-07-17 14:52:00+05:30,375.85,380.0,373.9,377.35,2405,72865,18.349767,24319.6,24650.0,24500,ATM+7,PUT,24150,2026-07-17
2026-07-17 14:53:00+05:30,377.7,380.3,375.8,375.8,2470,72410,18.244515,24320.5,24650.0,24500,ATM+7,PUT,24150,2026-07-17
2026-07-17 14:54:00+05:30,380.0,380.1,375.8,378.1,845,72410,18.560453,24320.95,24650.0,24500,ATM+7,PUT,24150,2026-07-17
2026-07-17 14:55:00+05:30,422.5,423.0,415.0,418.1,2990,127335,19.456809,24327.4,24700.0,24500,ATM+7,PUT,24150,2026-07-17
2026-07-17 14:56:00+05:30,364.05,375.7,363.4,374.2,5785,69160,18.443108,24324.9,24650.0,24500,ATM+7,PUT,24150,2026-07-17
2026-07-17 14:57:00+05:30,372.65,378.75,372.1,374.45,1560,69485,18.184403,24321.6,24650.0,24500,ATM+7,PUT,24150,2026-07-17
2026-07-17 14:58:00+05:30,376.25,380.35,374.45,378.0,1820,69550,18.100478,24315.85,24650.0,24500,ATM+7,PUT,24150,2026-07-17
2026-07-17 14:59:00+05:30,378.35,385.0,378.0,383.0,650,69615,18.339074,24311.75,24650.0,24500,ATM+7,PUT,24150,2026-07-17
2026-07-17 15:00:00+05:30,381.1,387.5,364.6,369.6,4680,69680,17.790295,24323.7,24650.0,24500,ATM+7,PUT,24150,2026-07-17
2026-07-17 15:01:00+05:30,414.0,419.15,401.75,411.5,11765,123435,18.464655,24325.6,24700.0,24500,ATM+7,PUT,24150,2026-07-17
2026-07-17 15:02:00+05:30,372.2,374.25,366.95,370.95,1235,72865,18.013239,24324.35,24650.0,24500,ATM+7,PUT,24150,2026-07-17
2026-07-17 15:03:00+05:30,371.3,377.35,370.0,377.35,260,72735,18.215918,24317.95,24650.0,24500,ATM+7,PUT,24150,2026-07-17
2026-07-17 15:04:00+05:30,379.0,380.1,375.0,375.2,975,72280,18.322247,24322.05,24650.0,24500,ATM+7,PUT,24150,2026-07-17
2026-07-17 15:05:00+05:30,418.6,420.4,412.6,412.6,6370,123305,18.796823,24327.55,24700.0,24500,ATM+7,PUT,24150,2026-07-17
2026-07-17 15:06:00+05:30,412.25,413.8,409.9,411.75,2665,123305,18.943289,24330.2,24700.0,24500,ATM+7,PUT,24150,2026-07-17
2026-07-17 15:07:00+05:30,411.15,412.75,405.5,408.5,5525,123825,18.925175,24334.3,24700.0,24500,ATM+7,PUT,24150,2026-07-17
2026-07-17 15:08:00+05:30,410.0,414.4,408.5,412.15,1885,123695,19.173753,24332.1,24700.0,24500,ATM+7,PUT,24150,2026-07-17
2026-07-17 15:09:00+05:30,414.0,414.85,410.0,411.6,3185,123370,19.241704,24333.55,24700.0,24500,ATM+7,PUT,24150,2026-07-17
2026-07-17 15:10:00+05:30,412.75,415.0,411.6,414.15,2145,122915,19.390959,24331.75,24700.0,24500,ATM+7,PUT,24150,2026-07-17
2026-07-17 15:11:00+05:30,410.0,414.15,407.85,412.85,3120,122915,19.278009,24332.25,24700.0,24500,ATM+7,PUT,24150,2026-07-17
2026-07-17 15:12:00+05:30,409.55,412.85,402.9,407.9,10595,125255,19.020096,24336.05,24700.0,24500,ATM+7,PUT,24150,2026-07-17
2026-07-17 15:13:00+05:30,409.0,412.7,407.9,410.4,3250,127660,19.22351,24334.9,24700.0,24500,ATM+7,PUT,24150,2026-07-17
2026-07-17 15:14:00+05:30,410.8,420.0,410.4,419.15,6305,126035,19.734928,24328.75,24700.0,24500,ATM+7,PUT,24150,2026-07-17
2026-07-17 15:15:00+05:30,375.65,382.95,372.9,379.95,3380,67925,19.05608,24323.85,24650.0,24500,ATM+7,PUT,24150,2026-07-17
2026-07-17 15:16:00+05:30,382.3,382.45,378.4,378.4,2730,67730,18.792258,24322.9,24650.0,24500,ATM+7,PUT,24150,2026-07-17
2026-07-17 15:17:00+05:30,425.5,425.5,418.95,421.9,1885,125320,19.782277,24325.55,24700.0,24500,ATM+7,PUT,24150,2026-07-17
2026-07-17 15:18:00+05:30,420.55,426.0,420.55,425.75,2405,124540,20.548764,24328.8,24700.0,24500,ATM+7,PUT,24150,2026-07-17
2026-07-17 15:19:00+05:30,425.6,425.75,420.3,421.9,1950,124020,20.10088,24329.0,24700.0,24500,ATM+7,PUT,24150,2026-07-17
2026-07-17 15:20:00+05:30,422.9,423.4,419.0,421.1,8580,122980,20.3604,24332.95,24700.0,24500,ATM+7,PUT,24150,2026-07-17
2026-07-17 15:21:00+05:30,418.8,421.1,408.0,408.0,6760,122395,18.771077,24333.15,24700.0,24500,ATM+7,PUT,24150,2026-07-17
2026-07-17 15:22:00+05:30,408.2,408.85,404.85,407.55,15990,121420,19.06323,24336.85,24700.0,24500,ATM+7,PUT,24150,2026-07-17
2026-07-17 15:23:00+05:30,408.45,408.45,403.8,404.4,3380,118365,18.776428,24337.95,24700.0,24500,ATM+7,PUT,24150,2026-07-17
2026-07-17 15:24:00+05:30,404.0,404.4,393.55,399.4,4875,117585,18.610091,24342.8,24700.0,24500,ATM+7,PUT,24150,2026-07-17
2026-07-17 15:25:00+05:30,400.0,401.4,395.0,397.5,2340,117585,18.580744,24345.0,24700.0,24500,ATM+7,PUT,24150,2026-07-17
2026-07-17 15:26:00+05:30,396.75,399.7,394.0,398.55,6695,117780,18.506861,24342.8,24700.0,24500,ATM+7,PUT,24150,2026-07-17
2026-07-17 15:27:00+05:30,397.25,398.55,392.0,393.8,4875,114530,18.027376,24344.0,24700.0,24500,ATM+7,PUT,24150,2026-07-17
2026-07-17 15:28:00+05:30,394.0,394.0,383.45,385.9,6175,113685,16.550571,24339.4,24700.0,24500,ATM+7,PUT,24150,2026-07-17
2026-07-17 15:29:00+05:30,385.95,387.0,379.0,379.0,11245,115440,16.391659,24346.7,24700.0,24500,ATM+7,PUT,24150,2026-07-17
2026-07-17 09:15:00+05:30,10.5,14.0,9.1,13.8,853970,2324855,11.012844,24151.25,24550.0,24550,ATM+8,CALL,24150,2026-07-17
2026-07-17 09:16:00+05:30,14.55,14.55,12.9,14.0,1074125,2389725,10.620859,24171.0,24550.0,24550,ATM+8,CALL,24150,2026-07-17
2026-07-17 09:17:00+05:30,10.05,10.6,9.95,10.15,808470,6184945,10.670846,24176.15,24600.0,24550,ATM+8,CALL,24150,2026-07-17
2026-07-17 09:18:00+05:30,10.05,11.45,9.9,11.45,722475,6254495,10.75795,24187.4,24600.0,24550,ATM+8,CALL,24150,2026-07-17
2026-07-17 09:19:00+05:30,11.65,12.4,11.35,11.55,746850,6307080,10.773209,24187.85,24600.0,24550,ATM+8,CALL,24150,2026-07-17
2026-07-17 09:20:00+05:30,11.3,11.8,10.75,11.0,547495,6401200,10.64418,24187.75,24600.0,24550,ATM+8,CALL,24150,2026-07-17
2026-07-17 09:21:00+05:30,11.05,11.05,10.25,10.35,304330,6454955,10.526494,24185.75,24600.0,24550,ATM+8,CALL,24150,2026-07-17
2026-07-17 09:22:00+05:30,10.4,10.9,10.3,10.85,259285,6482710,10.588572,24188.75,24600.0,24550,ATM+8,CALL,24150,2026-07-17
2026-07-17 09:23:00+05:30,10.85,10.9,10.25,10.25,268125,6526650,10.494959,24186.15,24600.0,24550,ATM+8,CALL,24150,2026-07-17
2026-07-17 09:24:00+05:30,10.15,11.0,9.95,10.85,349505,6611475,10.524402,24191.9,24600.0,24550,ATM+8,CALL,24150,2026-07-17
2026-07-17 09:25:00+05:30,10.7,11.75,10.7,11.35,486655,6657755,10.498615,24198.85,24600.0,24550,ATM+8,CALL,24150,2026-07-17
2026-07-17 09:26:00+05:30,11.4,11.85,11.15,11.3,310115,6729125,10.467611,24199.8,24600.0,24550,ATM+8,CALL,24150,2026-07-17
2026-07-17 09:27:00+05:30,11.3,11.9,11.05,11.65,582205,6765590,10.485743,24202.85,24600.0,24550,ATM+8,CALL,24150,2026-07-17
2026-07-17 09:28:00+05:30,11.65,11.85,11.5,11.8,158015,6806410,10.479746,24204.8,24600.0,24550,ATM+8,CALL,24150,2026-07-17
2026-07-17 09:29:00+05:30,11.7,12.45,11.55,12.4,435370,6809530,10.505124,24210.0,24600.0,24550,ATM+8,CALL,24150,2026-07-17
2026-07-17 09:30:00+05:30,12.55,12.75,11.45,11.7,622505,6935695,10.482063,24203.7,24600.0,24550,ATM+8,CALL,24150,2026-07-17
2026-07-17 09:31:00+05:30,11.75,11.9,10.85,10.9,336570,6936800,10.43911,24196.85,24600.0,24550,ATM+8,CALL,24150,2026-07-17
2026-07-17 09:32:00+05:30,10.9,11.5,10.55,11.45,290615,6995105,10.393832,24205.2,24600.0,24550,ATM+8,CALL,24150,2026-07-17
2026-07-17 09:33:00+05:30,11.45,12.05,11.2,11.65,228020,6999590,10.323712,24210.7,24600.0,24550,ATM+8,CALL,24150,2026-07-17
2026-07-17 09:34:00+05:30,11.85,12.45,11.1,11.3,461630,7012785,10.330817,24206.6,24600.0,24550,ATM+8,CALL,24150,2026-07-17
2026-07-17 09:35:00+05:30,11.3,11.55,11.1,11.1,164060,7101185,10.275098,24207.05,24600.0,24550,ATM+8,CALL,24150,2026-07-17
2026-07-17 09:36:00+05:30,11.25,11.5,10.8,11.35,284505,7102225,10.284793,24209.4,24600.0,24550,ATM+8,CALL,24150,2026-07-17
2026-07-17 09:37:00+05:30,11.35,12.0,11.05,12.0,374595,7126210,10.287964,24216.25,24600.0,24550,ATM+8,CALL,24150,2026-07-17
2026-07-17 09:38:00+05:30,12.05,12.5,11.8,12.25,397215,7108465,10.230213,24221.55,24600.0,24550,ATM+8,CALL,24150,2026-07-17
2026-07-17 09:39:00+05:30,12.35,12.55,11.7,11.9,273585,7118410,10.204762,24219.15,24600.0,24550,ATM+8,CALL,24150,2026-07-17
2026-07-17 09:40:00+05:30,11.75,12.5,11.6,12.1,254280,7118020,10.209531,24221.05,24600.0,24550,ATM+8,CALL,24150,2026-07-17
2026-07-17 09:41:00+05:30,12.15,12.6,12.05,12.25,233870,7159620,10.218926,24222.2,24600.0,24550,ATM+8,CALL,24150,2026-07-17
2026-07-17 09:42:00+05:30,12.35,12.7,12.15,12.5,285025,7156045,10.220597,24224.7,24600.0,24550,ATM+8,CALL,24150,2026-07-17
2026-07-17 09:43:00+05:30,9.05,9.55,8.95,9.3,220480,3269955,10.47097,24225.15,24650.0,24550,ATM+8,CALL,24150,2026-07-17
2026-07-17 09:44:00+05:30,9.6,10.35,9.3,9.95,595400,3250520,10.516319,24231.3,24650.0,24550,ATM+8,CALL,24150,2026-07-17
2026-07-17 09:45:00+05:30,9.95,11.5,9.95,10.4,601120,3343600,10.565201,24234.5,24650.0,24550,ATM+8,CALL,24150,2026-07-17
2026-07-17 09:46:00+05:30,10.5,11.5,10.4,11.1,582595,3422770,10.592684,24241.45,24650.0,24550,ATM+8,CALL,24150,2026-07-17
2026-07-17 09:47:00+05:30,11.05,12.05,10.9,11.05,511615,3478995,10.68883,24236.35,24650.0,24550,ATM+8,CALL,24150,2026-07-17
2026-07-17 09:48:00+05:30,11.05,11.7,10.85,11.3,204100,3410810,10.672166,24240.05,24650.0,24550,ATM+8,CALL,24150,2026-07-17
2026-07-17 09:49:00+05:30,11.4,11.5,10.85,11.0,132015,3402230,10.668111,24236.85,24650.0,24550,ATM+8,CALL,24150,2026-07-17
2026-07-17 09:50:00+05:30,11.0,11.85,11.0,11.4,204035,3426735,10.631349,24243.2,24650.0,24550,ATM+8,CALL,24150,2026-07-17
2026-07-17 09:51:00+05:30,11.4,11.5,10.3,10.35,236210,3408860,10.674694,24228.9,24650.0,24550,ATM+8,CALL,24150,2026-07-17
2026-07-17 09:52:00+05:30,10.4,10.7,10.05,10.1,193245,3437980,10.590324,24229.95,24650.0,24550,ATM+8,CALL,24150,2026-07-17
2026-07-17 09:53:00+05:30,10.2,10.7,10.05,10.65,209560,3448315,10.664455,24233.1,24650.0,24550,ATM+8,CALL,24150,2026-07-17
2026-07-17 09:54:00+05:30,10.7,11.7,10.55,11.2,187980,3421535,10.655057,24240.0,24650.0,24550,ATM+8,CALL,24150,2026-07-17
2026-07-17 09:55:00+05:30,11.15,11.2,10.25,10.4,145665,3417310,10.664218,24230.2,24650.0,24550,ATM+8,CALL,24150,2026-07-17
2026-07-17 09:56:00+05:30,14.2,14.2,13.0,13.1,520195,7394465,10.399108,24223.1,24600.0,24550,ATM+8,CALL,24150,2026-07-17
2026-07-17 09:57:00+05:30,13.25,13.25,12.4,12.7,283985,7428395,10.395278,24219.35,24600.0,24550,ATM+8,CALL,24150,2026-07-17
2026-07-17 09:58:00+05:30,9.3,9.9,9.15,9.85,261235,3425955,10.550292,24229.05,24650.0,24550,ATM+8,CALL,24150,2026-07-17
2026-07-17 09:59:00+05:30,9.9,10.0,9.55,9.85,179270,3439540,10.555372,24228.85,24650.0,24550,ATM+8,CALL,24150,2026-07-17
2026-07-17 10:00:00+05:30,13.55,14.0,12.3,12.4,295295,7421570,10.281945,24221.65,24600.0,24550,ATM+8,CALL,24150,2026-07-17
2026-07-17 10:01:00+05:30,12.35,12.9,11.3,11.6,492570,7434115,10.303252,24212.35,24600.0,24550,ATM+8,CALL,24150,2026-07-17
2026-07-17 10:02:00+05:30,11.75,11.9,11.4,11.5,363090,7452705,10.204987,24215.9,24600.0,24550,ATM+8,CALL,24150,2026-07-17
2026-07-17 10:03:00+05:30,11.6,11.7,11.2,11.45,237445,7435025,10.214749,24214.95,24600.0,24550,ATM+8,CALL,24150,2026-07-17
2026-07-17 10:04:00+05:30,11.6,11.6,11.15,11.2,304265,7431645,10.167188,24214.5,24600.0,24550,ATM+8,CALL,24150,2026-07-17
2026-07-17 10:05:00+05:30,11.3,12.3,11.2,12.25,230295,7455110,10.261011,24221.3,24600.0,24550,ATM+8,CALL,24150,2026-07-17
2026-07-17 10:06:00+05:30,12.2,12.65,12.15,12.15,236145,7461090,10.209276,24222.7,24600.0,24550,ATM+8,CALL,24150,2026-07-17
2026-07-17 10:07:00+05:30,8.85,9.15,8.8,9.05,110890,3393910,10.416208,24225.65,24650.0,24550,ATM+8,CALL,24150,2026-07-17
2026-07-17 10:08:00+05:30,9.05,9.2,8.85,9.2,67470,3391700,10.417999,24227.6,24650.0,24550,ATM+8,CALL,24150,2026-07-17
2026-07-17 10:09:00+05:30,9.3,9.9,9.2,9.5,132275,3388840,10.409764,24231.95,24650.0,24550,ATM+8,CALL,24150,2026-07-17
2026-07-17 10:10:00+05:30,9.45,9.8,9.4,9.45,104975,3400475,10.424187,24230.65,24650.0,24550,ATM+8,CALL,24150,2026-07-17
2026-07-17 10:11:00+05:30,9.5,9.6,9.35,9.55,59995,3397745,10.398102,24233.25,24650.0,24550,ATM+8,CALL,24150,2026-07-17
2026-07-17 10:12:00+05:30,9.6,10.75,9.55,10.75,210925,3408860,10.565235,24239.9,24650.0,24550,ATM+8,CALL,24150,2026-07-17
2026-07-17 10:13:00+05:30,10.7,11.3,10.6,10.75,324090,3403010,10.435935,24246.1,24650.0,24550,ATM+8,CALL,24150,2026-07-17
2026-07-17 10:14:00+05:30,10.7,10.75,9.95,9.95,156585,3392415,10.368093,24239.85,24650.0,24550,ATM+8,CALL,24150,2026-07-17
2026-07-17 10:15:00+05:30,10.0,10.65,9.8,10.55,126555,3415880,10.397272,24245.7,24650.0,24550,ATM+8,CALL,24150,2026-07-17
2026-07-17 10:16:00+05:30,10.65,10.9,10.45,10.5,125970,3435315,10.35551,24247.15,24650.0,24550,ATM+8,CALL,24150,2026-07-17
2026-07-17 10:17:00+05:30,10.55,11.7,10.5,11.6,273715,3483740,10.482229,24253.65,24650.0,24550,ATM+8,CALL,24150,2026-07-17
2026-07-17 10:18:00+05:30,11.55,17.9,11.55,17.9,1582360,3272230,11.329741,24274.45,24650.0,24550,ATM+8,CALL,24150,2026-07-17
2026-07-17 10:19:00+05:30,16.55,17.9,14.45,14.85,963235,3213535,10.745792,24273.95,24650.0,24550,ATM+8,CALL,24150,2026-07-17
2026-07-17 10:20:00+05:30,15.0,15.85,14.1,14.5,437580,3270085,10.835815,24266.75,24650.0,24550,ATM+8,CALL,24150,2026-07-17
2026-07-17 10:21:00+05:30,14.4,14.7,13.9,13.95,490815,3230955,10.68736,24268.3,24650.0,24550,ATM+8,CALL,24150,2026-07-17
2026-07-17 10:22:00+05:30,13.95,14.15,13.35,13.45,542555,3144960,10.699834,24262.95,24650.0,24550,ATM+8,CALL,24150,2026-07-17
2026-07-17 10:23:00+05:30,13.4,13.45,12.85,13.05,265460,3100630,10.704683,24258.8,24650.0,24550,ATM+8,CALL,24150,2026-07-17
2026-07-17 10:24:00+05:30,13.2,13.2,12.5,12.8,238420,3077685,10.720114,24255.6,24650.0,24550,ATM+8,CALL,24150,2026-07-17
2026-07-17 10:25:00+05:30,12.95,13.75,12.4,13.6,268970,3080155,10.714123,24263.9,24650.0,24550,ATM+8,CALL,24150,2026-07-17
2026-07-17 10:26:00+05:30,13.5,13.8,13.1,13.6,265785,3081715,10.674339,24265.75,24650.0,24550,ATM+8,CALL,24150,2026-07-17
2026-07-17 10:27:00+05:30,13.7,14.35,13.4,13.65,351780,3126760,10.644071,24267.65,24650.0,24550,ATM+8,CALL,24150,2026-07-17
2026-07-17 10:28:00+05:30,13.65,14.6,13.65,14.4,238030,3098290,10.676917,24273.3,24650.0,24550,ATM+8,CALL,24150,2026-07-17
2026-07-17 10:29:00+05:30,10.15,11.35,10.15,11.15,598390,8832850,10.832071,24281.55,24700.0,24550,ATM+8,CALL,24150,2026-07-17
2026-07-17 10:30:00+05:30,11.1,11.15,10.15,10.6,384085,8874255,10.742219,24279.4,24700.0,24550,ATM+8,CALL,24150,2026-07-17
2026-07-17 10:31:00+05:30,10.65,11.4,10.6,11.35,618085,8950825,10.849907,24283.1,24700.0,24550,ATM+8,CALL,24150,2026-07-17
2026-07-17 10:32:00+05:30,11.2,12.0,10.85,10.85,551200,9015110,10.684932,24285.2,24700.0,24550,ATM+8,CALL,24150,2026-07-17
2026-07-17 10:33:00+05:30,10.9,10.9,10.25,10.4,393835,9024535,10.689657,24279.65,24700.0,24550,ATM+8,CALL,24150,2026-07-17
2026-07-17 10:34:00+05:30,10.45,11.05,10.35,11.05,325780,9040070,10.754789,24284.3,24700.0,24550,ATM+8,CALL,24150,2026-07-17
2026-07-17 10:35:00+05:30,15.8,15.8,13.55,13.55,221975,3110120,10.530069,24272.2,24650.0,24550,ATM+8,CALL,24150,2026-07-17
2026-07-17 10:36:00+05:30,13.65,13.85,13.2,13.55,224770,3105050,10.524408,24272.5,24650.0,24550,ATM+8,CALL,24150,2026-07-17
2026-07-17 10:37:00+05:30,13.5,13.7,12.8,12.8,172770,3096795,10.478861,24267.25,24650.0,24550,ATM+8,CALL,24150,2026-07-17
2026-07-17 10:38:00+05:30,12.75,13.25,12.5,13.1,280605,3133455,10.533251,24267.8,24650.0,24550,ATM+8,CALL,24150,2026-07-17
2026-07-17 10:39:00+05:30,13.1,13.25,12.75,12.8,141570,3150030,10.480794,24267.25,24650.0,24550,ATM+8,CALL,24150,2026-07-17
2026-07-17 10:40:00+05:30,12.9,13.4,12.7,13.4,145925,3139955,10.585669,24268.45,24650.0,24550,ATM+8,CALL,24150,2026-07-17
2026-07-17 10:41:00+05:30,13.2,13.45,13.0,13.25,63960,3132870,10.503722,24270.75,24650.0,24550,ATM+8,CALL,24150,2026-07-17
2026-07-17 10:42:00+05:30,13.35,13.5,13.1,13.2,506740,3315000,10.526925,24269.25,24650.0,24550,ATM+8,CALL,24150,2026-07-17
2026-07-17 10:43:00+05:30,13.1,13.2,11.3,11.3,461890,3358550,10.553919,24248.15,24650.0,24550,ATM+8,CALL,24150,2026-07-17
2026-07-17 10:44:00+05:30,11.65,12.15,11.3,11.8,309335,3409705,10.437685,24259.1,24650.0,24550,ATM+8,CALL,24150,2026-07-17
2026-07-17 10:45:00+05:30,11.75,11.9,10.85,10.85,247065,3418545,10.33873,24253.3,24650.0,24550,ATM+8,CALL,24150,2026-07-17
2026-07-17 10:46:00+05:30,10.8,11.1,10.7,11.0,220285,3405675,10.392711,24252.5,24650.0,24550,ATM+8,CALL,24150,2026-07-17
2026-07-17 10:47:00+05:30,11.0,11.4,10.85,11.35,89310,3406910,10.436459,24254.4,24650.0,24550,ATM+8,CALL,24150,2026-07-17
2026-07-17 10:48:00+05:30,11.25,11.35,10.6,10.6,149240,3404375,10.274643,24253.6,24650.0,24550,ATM+8,CALL,24150,2026-07-17
2026-07-17 10:49:00+05:30,10.55,10.7,10.3,10.4,140920,3404635,10.304439,24249.9,24650.0,24550,ATM+8,CALL,24150,2026-07-17
2026-07-17 10:50:00+05:30,10.35,10.9,10.35,10.65,125515,3391440,10.342559,24251.05,24650.0,24550,ATM+8,CALL,24150,2026-07-17
2026-07-17 10:51:00+05:30,10.6,10.65,10.0,10.0,134420,3405220,10.227447,24248.9,24650.0,24550,ATM+8,CALL,24150,2026-07-17
2026-07-17 10:52:00+05:30,10.1,10.45,9.85,10.45,140595,3415100,10.280701,24251.75,24650.0,24550,ATM+8,CALL,24150,2026-07-17
2026-07-17 10:53:00+05:30,10.55,11.0,10.45,10.9,142545,3421665,10.296873,24256.2,24650.0,24550,ATM+8,CALL,24150,2026-07-17
2026-07-17 10:54:00+05:30,10.8,10.95,10.15,10.45,158080,3430700,10.202531,24255.55,24650.0,24550,ATM+8,CALL,24150,2026-07-17
2026-07-17 10:55:00+05:30,10.4,10.65,10.15,10.6,50765,3445975,10.214712,24256.75,24650.0,24550,ATM+8,CALL,24150,2026-07-17
2026-07-17 10:56:00+05:30,10.7,11.1,10.5,10.75,126685,3454425,10.271038,24255.85,24650.0,24550,ATM+8,CALL,24150,2026-07-17
2026-07-17 10:57:00+05:30,10.8,10.85,10.5,10.75,70395,3455595,10.258213,24256.5,24650.0,24550,ATM+8,CALL,24150,2026-07-17
2026-07-17 10:58:00+05:30,10.65,11.05,10.65,11.0,88270,3453645,10.292589,24257.75,24650.0,24550,ATM+8,CALL,24150,2026-07-17
2026-07-17 10:59:00+05:30,11.1,11.1,10.7,10.85,57525,3455855,10.273584,24257.0,24650.0,24550,ATM+8,CALL,24150,2026-07-17
2026-07-17 11:00:00+05:30,10.75,11.3,10.7,11.05,107510,3457610,10.260584,24259.9,24650.0,24550,ATM+8,CALL,24150,2026-07-17
2026-07-17 11:01:00+05:30,11.05,11.25,10.6,10.7,92300,3479320,10.247802,24256.6,24650.0,24550,ATM+8,CALL,24150,2026-07-17
2026-07-17 11:02:00+05:30,10.6,10.7,10.05,10.15,133315,3502785,10.282883,24248.55,24650.0,24550,ATM+8,CALL,24150,2026-07-17
2026-07-17 11:03:00+05:30,10.15,10.55,10.15,10.55,115245,3513770,10.34947,24250.15,24650.0,24550,ATM+8,CALL,24150,2026-07-17
2026-07-17 11:04:00+05:30,10.5,10.9,10.45,10.9,90870,3539640,10.265887,24258.15,24650.0,24550,ATM+8,CALL,24150,2026-07-17
2026-07-17 11:05:00+05:30,10.8,11.35,10.8,11.05,152360,3538795,10.216251,24262.2,24650.0,24550,ATM+8,CALL,24150,2026-07-17
2026-07-17 11:06:00+05:30,10.9,11.2,10.65,11.15,68770,3566030,10.247235,24261.9,24650.0,24550,ATM+8,CALL,24150,2026-07-17
2026-07-17 11:07:00+05:30,11.2,11.2,9.85,9.9,145080,3576430,10.274632,24246.15,24650.0,24550,ATM+8,CALL,24150,2026-07-17
2026-07-17 11:08:00+05:30,9.9,9.95,9.35,9.6,293085,3563105,10.360295,24238.35,24650.0,24550,ATM+8,CALL,24150,2026-07-17
2026-07-17 11:09:00+05:30,9.7,9.85,9.55,9.75,93340,3562780,10.326559,24241.9,24650.0,24550,ATM+8,CALL,24150,2026-07-17
2026-07-17 11:10:00+05:30,9.75,9.9,9.3,9.4,144040,3582865,10.298371,24238.9,24650.0,24550,ATM+8,CALL,24150,2026-07-17
2026-07-17 11:11:00+05:30,9.4,9.85,9.35,9.7,95225,3591770,10.339419,24240.75,24650.0,24550,ATM+8,CALL,24150,2026-07-17
2026-07-17 11:12:00+05:30,9.7,9.95,9.55,9.9,85085,3608085,10.372142,24241.7,24650.0,24550,ATM+8,CALL,24150,2026-07-17
2026-07-17 11:13:00+05:30,9.9,9.95,9.35,9.45,55250,3613935,10.335045,24237.9,24650.0,24550,ATM+8,CALL,24150,2026-07-17
2026-07-17 11:14:00+05:30,9.5,10.0,9.35,9.9,85215,3616210,10.498918,24235.7,24650.0,24550,ATM+8,CALL,24150,2026-07-17
2026-07-17 11:15:00+05:30,9.85,10.15,9.75,9.95,134160,3618290,10.445127,24238.95,24650.0,24550,ATM+8,CALL,24150,2026-07-17
2026-07-17 11:16:00+05:30,9.95,10.05,9.4,9.5,96590,3623750,10.403756,24235.35,24650.0,24550,ATM+8,CALL,24150,2026-07-17
2026-07-17 11:17:00+05:30,9.5,9.95,9.5,9.65,127595,3632785,10.358105,24239.5,24650.0,24550,ATM+8,CALL,24150,2026-07-17
2026-07-17 11:18:00+05:30,9.6,9.65,9.3,9.35,50310,3662360,10.334026,24236.9,24650.0,24550,ATM+8,CALL,24150,2026-07-17
2026-07-17 11:19:00+05:30,9.3,9.75,9.15,9.6,78195,3657095,10.302414,24241.65,24650.0,24550,ATM+8,CALL,24150,2026-07-17
2026-07-17 11:20:00+05:30,9.6,9.75,9.55,9.75,49985,3650010,10.340173,24241.75,24650.0,24550,ATM+8,CALL,24150,2026-07-17
2026-07-17 11:21:00+05:30,9.7,9.8,9.55,9.75,85215,3668795,10.34217,24241.7,24650.0,24550,ATM+8,CALL,24150,2026-07-17
2026-07-17 11:22:00+05:30,9.75,10.4,9.75,10.2,182325,3677830,10.295556,24249.45,24650.0,24550,ATM+8,CALL,24150,2026-07-17
2026-07-17 11:23:00+05:30,10.25,10.25,9.5,9.65,89180,3661840,10.38563,24238.45,24650.0,24550,ATM+8,CALL,24150,2026-07-17
2026-07-17 11:24:00+05:30,9.65,10.15,9.4,10.05,57330,3666520,10.327857,24246.2,24650.0,24550,ATM+8,CALL,24150,2026-07-17
2026-07-17 11:25:00+05:30,10.0,10.1,9.7,9.75,73710,3664895,10.325193,24242.7,24650.0,24550,ATM+8,CALL,24150,2026-07-17
2026-07-17 11:26:00+05:30,9.75,9.9,9.5,9.9,42770,3687190,10.391829,24241.4,24650.0,24550,ATM+8,CALL,24150,2026-07-17
2026-07-17 11:27:00+05:30,9.95,10.2,9.85,9.95,74555,3690050,10.361763,24243.5,24650.0,24550,ATM+8,CALL,24150,2026-07-17
2026-07-17 11:28:00+05:30,9.95,10.1,9.85,10.0,71435,3712280,10.339928,24245.2,24650.0,24550,ATM+8,CALL,24150,2026-07-17
2026-07-17 11:29:00+05:30,10.1,10.4,9.85,9.85,114790,3699995,10.348508,24243.0,24650.0,24550,ATM+8,CALL,24150,2026-07-17
2026-07-17 11:30:00+05:30,9.95,10.2,9.75,9.9,53105,3699020,10.338287,24244.15,24650.0,24550,ATM+8,CALL,24150,2026-07-17
2026-07-17 11:31:00+05:30,9.85,9.95,9.6,9.85,44915,3710980,10.283655,24246.2,24650.0,24550,ATM+8,CALL,24150,2026-07-17
2026-07-17 11:32:00+05:30,9.9,10.05,9.65,9.7,33410,3710395,10.315837,24242.85,24650.0,24550,ATM+8,CALL,24150,2026-07-17
2026-07-17 11:33:00+05:30,9.85,10.0,9.45,9.9,62530,3707730,10.240833,24248.95,24650.0,24550,ATM+8,CALL,24150,2026-07-17
2026-07-17 11:34:00+05:30,9.9,10.5,9.9,10.15,125320,3691090,10.228258,24252.6,24650.0,24550,ATM+8,CALL,24150,2026-07-17
2026-07-17 11:35:00+05:30,10.2,10.8,10.15,10.6,117260,3670030,10.214441,24258.55,24650.0,24550,ATM+8,CALL,24150,2026-07-17
2026-07-17 11:36:00+05:30,10.6,10.9,10.05,10.15,139750,3669900,10.266959,24250.85,24650.0,24550,ATM+8,CALL,24150,2026-07-17
2026-07-17 11:37:00+05:30,10.1,10.3,9.8,9.9,103805,3688295,10.287516,24246.9,24650.0,24550,ATM+8,CALL,24150,2026-07-17
2026-07-17 11:38:00+05:30,9.85,10.3,9.8,10.3,65195,3699150,10.298971,24251.2,24650.0,24550,ATM+8,CALL,24150,2026-07-17
2026-07-17 11:39:00+05:30,10.4,10.75,10.25,10.7,143650,3690960,10.2744,24257.05,24650.0,24550,ATM+8,CALL,24150,2026-07-17
2026-07-17 11:40:00+05:30,10.7,10.75,10.35,10.7,72020,3691155,10.244524,24258.5,24650.0,24550,ATM+8,CALL,24150,2026-07-17
2026-07-17 11:41:00+05:30,10.75,11.35,10.7,11.3,167180,3693755,10.285874,24263.3,24650.0,24550,ATM+8,CALL,24150,2026-07-17
2026-07-17 11:42:00+05:30,11.35,11.4,10.85,10.9,77870,3679585,10.232763,24261.4,24650.0,24550,ATM+8,CALL,24150,2026-07-17
2026-07-17 11:43:00+05:30,10.9,11.3,10.8,11.1,78780,3687450,10.266373,24262.1,24650.0,24550,ATM+8,CALL,24150,2026-07-17
2026-07-17 11:44:00+05:30,11.0,11.65,11.0,11.35,140400,3690050,10.216488,24267.2,24650.0,24550,ATM+8,CALL,24150,2026-07-17
2026-07-17 11:45:00+05:30,11.4,11.8,11.35,11.7,130975,3687905,10.204154,24271.55,24650.0,24550,ATM+8,CALL,24150,2026-07-17
2026-07-17 11:46:00+05:30,11.6,11.75,11.3,11.5,110045,3700580,10.213278,24269.05,24650.0,24550,ATM+8,CALL,24150,2026-07-17
2026-07-17 11:47:00+05:30,11.6,11.65,10.9,11.2,119275,3687125,10.202547,24266.35,24650.0,24550,ATM+8,CALL,24150,2026-07-17
2026-07-17 11:48:00+05:30,11.15,11.5,11.0,11.1,58695,3679910,10.152039,24267.65,24650.0,24550,ATM+8,CALL,24150,2026-07-17
2026-07-17 11:49:00+05:30,11.2,11.35,11.0,11.05,52065,3682640,10.141203,24267.65,24650.0,24550,ATM+8,CALL,24150,2026-07-17
2026-07-17 11:50:00+05:30,11.25,11.25,10.9,11.15,45240,3679520,10.102219,24270.6,24650.0,24550,ATM+8,CALL,24150,2026-07-17
2026-07-17 11:51:00+05:30,11.25,11.5,11.15,11.25,79235,3685240,10.088774,24272.35,24650.0,24550,ATM+8,CALL,24150,2026-07-17
2026-07-17 11:52:00+05:30,11.3,11.95,11.25,11.85,94835,3685825,10.194973,24273.85,24650.0,24550,ATM+8,CALL,24150,2026-07-17
2026-07-17 11:53:00+05:30,8.4,8.8,8.2,8.45,406510,9014265,10.266798,24278.7,24700.0,24550,ATM+8,CALL,24150,2026-07-17
2026-07-17 11:54:00+05:30,8.45,8.7,8.4,8.55,247910,9027980,10.289781,24279.0,24700.0,24550,ATM+8,CALL,24150,2026-07-17
2026-07-17 11:55:00+05:30,12.2,12.35,11.6,11.65,158600,3683030,10.131662,24274.8,24650.0,24550,ATM+8,CALL,24150,2026-07-17
2026-07-17 11:56:00+05:30,8.15,8.7,7.85,8.35,266695,9045205,10.207981,24280.35,24700.0,24550,ATM+8,CALL,24150,2026-07-17
2026-07-17 11:57:00+05:30,8.45,8.6,8.3,8.3,241735,9071205,10.214967,24279.35,24700.0,24550,ATM+8,CALL,24150,2026-07-17
2026-07-17 11:58:00+05:30,11.95,12.0,11.45,11.55,139945,3697265,10.107289,24275.0,24650.0,24550,ATM+8,CALL,24150,2026-07-17
2026-07-17 11:59:00+05:30,8.1,8.25,7.95,8.15,121940,9062105,10.204242,24277.85,24700.0,24550,ATM+8,CALL,24150,2026-07-17
2026-07-17 12:00:00+05:30,11.5,11.85,10.85,10.95,193700,3699280,10.058171,24270.9,24650.0,24550,ATM+8,CALL,24150,2026-07-17
2026-07-17 12:01:00+05:30,10.95,11.3,10.7,11.0,80145,3679910,10.130015,24268.15,24650.0,24550,ATM+8,CALL,24150,2026-07-17
2026-07-17 12:02:00+05:30,10.95,11.0,10.55,10.6,79430,3673215,10.05368,24267.3,24650.0,24550,ATM+8,CALL,24150,2026-07-17
2026-07-17 12:03:00+05:30,7.55,8.1,7.45,8.05,153140,9035910,10.226442,24275.5,24700.0,24550,ATM+8,CALL,24150,2026-07-17
2026-07-17 12:04:00+05:30,11.65,11.9,11.5,11.7,89505,3684720,10.150523,24274.85,24650.0,24550,ATM+8,CALL,24150,2026-07-17
2026-07-17 12:05:00+05:30,11.55,11.7,11.3,11.35,48880,3685500,10.084117,24274.25,24650.0,24550,ATM+8,CALL,24150,2026-07-17
2026-07-17 12:06:00+05:30,11.4,11.4,10.75,10.95,141180,3672045,10.130428,24267.8,24650.0,24550,ATM+8,CALL,24150,2026-07-17
2026-07-17 12:07:00+05:30,11.0,11.1,10.35,10.55,93210,3671070,10.130552,24263.35,24650.0,24550,ATM+8,CALL,24150,2026-07-17
2026-07-17 12:08:00+05:30,10.6,10.95,10.25,10.95,119990,3648190,10.12588,24268.1,24650.0,24550,ATM+8,CALL,24150,2026-07-17
2026-07-17 12:09:00+05:30,10.9,11.45,10.9,11.3,89245,3645720,10.077397,24274.2,24650.0,24550,ATM+8,CALL,24150,2026-07-17
2026-07-17 12:10:00+05:30,11.3,11.8,11.3,11.35,165750,3640195,10.09426,24274.0,24650.0,24550,ATM+8,CALL,24150,2026-07-17
2026-07-17 12:11:00+05:30,11.35,11.45,11.1,11.1,79625,3651960,10.089873,24271.55,24650.0,24550,ATM+8,CALL,24150,2026-07-17
2026-07-17 12:12:00+05:30,7.8,8.15,7.75,7.9,105300,9074650,10.183166,24275.9,24700.0,24550,ATM+8,CALL,24150,2026-07-17
2026-07-17 12:13:00+05:30,11.35,11.6,10.8,10.95,49790,3669575,10.07903,24270.5,24650.0,24550,ATM+8,CALL,24150,2026-07-17
2026-07-17 12:14:00+05:30,7.7,8.2,7.65,8.05,154180,9086675,10.215763,24276.55,24700.0,24550,ATM+8,CALL,24150,2026-07-17
2026-07-17 12:15:00+05:30,8.15,8.2,8.0,8.2,124280,9087065,10.180254,24280.5,24700.0,24550,ATM+8,CALL,24150,2026-07-17
2026-07-17 12:16:00+05:30,11.6,11.7,10.8,10.95,92560,3679065,10.000053,24274.3,24650.0,24550,ATM+8,CALL,24150,2026-07-17
2026-07-17 12:17:00+05:30,11.0,11.15,10.6,11.1,75725,3683810,10.081527,24272.2,24650.0,24550,ATM+8,CALL,24150,2026-07-17
2026-07-17 12:18:00+05:30,7.8,8.15,7.75,8.1,95615,9066980,10.252202,24275.65,24700.0,24550,ATM+8,CALL,24150,2026-07-17
2026-07-17 12:19:00+05:30,8.05,8.15,7.85,7.9,87425,9090835,10.198836,24275.45,24700.0,24550,ATM+8,CALL,24150,2026-07-17
2026-07-17 12:20:00+05:30,7.85,8.15,7.85,8.1,116935,9100780,10.151232,24280.75,24700.0,24550,ATM+8,CALL,24150,2026-07-17
2026-07-17 12:21:00+05:30,8.1,8.1,7.9,7.95,83070,9109035,10.133939,24279.5,24700.0,24550,ATM+8,CALL,24150,2026-07-17
2026-07-17 12:22:00+05:30,11.2,11.3,10.9,11.2,70720,3701165,10.116171,24271.9,24650.0,24550,ATM+8,CALL,24150,2026-07-17
2026-07-17 12:23:00+05:30,8.0,8.4,7.9,8.25,195130,9118720,10.191004,24281.05,24700.0,24550,ATM+8,CALL,24150,2026-07-17
2026-07-17 12:24:00+05:30,8.35,8.55,8.2,8.45,295750,9117160,10.234443,24281.75,24700.0,24550,ATM+8,CALL,24150,2026-07-17
2026-07-17 12:25:00+05:30,8.45,9.15,8.4,8.5,358540,9123725,10.311506,24278.7,24700.0,24550,ATM+8,CALL,24150,2026-07-17
2026-07-17 12:26:00+05:30,8.55,8.75,8.3,8.3,176540,9153755,10.284091,24277.3,24700.0,24550,ATM+8,CALL,24150,2026-07-17
2026-07-17 12:27:00+05:30,8.3,8.7,8.3,8.5,95745,9152000,10.316479,24278.55,24700.0,24550,ATM+8,CALL,24150,2026-07-17
2026-07-17 12:28:00+05:30,8.45,8.7,8.35,8.5,106405,9172540,10.330656,24277.9,24700.0,24550,ATM+8,CALL,24150,2026-07-17
2026-07-17 12:29:00+05:30,8.5,8.55,8.3,8.45,55705,9185865,10.322558,24277.65,24700.0,24550,ATM+8,CALL,24150,2026-07-17
2026-07-17 12:30:00+05:30,11.75,11.85,11.5,11.75,78585,3776630,10.193286,24274.55,24650.0,24550,ATM+8,CALL,24150,2026-07-17
2026-07-17 12:31:00+05:30,8.3,8.45,8.15,8.45,157235,9167145,10.335658,24277.1,24700.0,24550,ATM+8,CALL,24150,2026-07-17
2026-07-17 12:32:00+05:30,12.0,12.15,11.55,11.65,54990,3776045,10.189771,24273.75,24650.0,24550,ATM+8,CALL,24150,2026-07-17
2026-07-17 12:33:00+05:30,8.2,8.5,8.15,8.5,94315,9145370,10.283584,24280.45,24700.0,24550,ATM+8,CALL,24150,2026-07-17
2026-07-17 12:34:00+05:30,8.5,8.85,8.5,8.5,169065,9140105,10.270292,24281.15,24700.0,24550,ATM+8,CALL,24150,2026-07-17
2026-07-17 12:35:00+05:30,8.55,8.65,8.35,8.45,63245,9136790,10.254112,24281.3,24700.0,24550,ATM+8,CALL,24150,2026-07-17
2026-07-17 12:36:00+05:30,8.45,8.55,8.3,8.3,101725,9143160,10.205456,24281.65,24700.0,24550,ATM+8,CALL,24150,2026-07-17
2026-07-17 12:37:00+05:30,8.4,8.45,8.05,8.05,91910,9144785,10.190262,24278.9,24700.0,24550,ATM+8,CALL,24150,2026-07-17
2026-07-17 12:38:00+05:30,8.05,8.2,7.85,8.0,228800,9140300,10.184755,24278.5,24700.0,24550,ATM+8,CALL,24150,2026-07-17
2026-07-17 12:39:00+05:30,8.15,8.15,7.9,7.95,51740,9133085,10.186238,24277.75,24700.0,24550,ATM+8,CALL,24150,2026-07-17
2026-07-17 12:40:00+05:30,11.25,11.4,10.8,10.8,79885,3806400,10.153835,24266.55,24650.0,24550,ATM+8,CALL,24150,2026-07-17
2026-07-17 12:41:00+05:30,10.85,11.0,10.4,11.0,187655,3807115,10.148697,24269.05,24650.0,24550,ATM+8,CALL,24150,2026-07-17
2026-07-17 12:42:00+05:30,7.85,8.15,7.8,8.15,111215,9120995,10.198652,24280.15,24700.0,24550,ATM+8,CALL,24150,2026-07-17
2026-07-17 12:43:00+05:30,11.65,11.65,10.95,11.15,71305,3750110,10.057327,24275.0,24650.0,24550,ATM+8,CALL,24150,2026-07-17
2026-07-17 12:44:00+05:30,7.8,8.1,7.8,8.0,57135,9133215,10.219719,24277.05,24700.0,24550,ATM+8,CALL,24150,2026-07-17
2026-07-17 12:45:00+05:30,8.0,8.75,8.0,8.65,366470,9143745,10.27486,24283.5,24700.0,24550,ATM+8,CALL,24150,2026-07-17
2026-07-17 12:46:00+05:30,8.65,8.65,8.4,8.45,84630,9189440,10.245306,24282.25,24700.0,24550,ATM+8,CALL,24150,2026-07-17
2026-07-17 12:47:00+05:30,8.45,8.7,8.45,8.65,146185,9187035,10.214358,24286.55,24700.0,24550,ATM+8,CALL,24150,2026-07-17
2026-07-17 12:48:00+05:30,8.7,8.95,8.5,8.8,218530,9201660,10.24235,24287.25,24700.0,24550,ATM+8,CALL,24150,2026-07-17
2026-07-17 12:49:00+05:30,9.1,10.55,8.8,9.55,1515995,9187945,10.304608,24294.0,24700.0,24550,ATM+8,CALL,24150,2026-07-17
2026-07-17 12:50:00+05:30,9.4,9.55,8.3,8.35,458835,9350575,10.193376,24283.6,24700.0,24550,ATM+8,CALL,24150,2026-07-17
2026-07-17 12:51:00+05:30,8.25,8.4,8.1,8.2,337545,9321065,10.19729,24281.35,24700.0,24550,ATM+8,CALL,24150,2026-07-17
2026-07-17 12:52:00+05:30,8.25,8.25,7.9,7.95,198055,9346610,10.158284,24279.75,24700.0,24550,ATM+8,CALL,24150,2026-07-17
2026-07-17 12:53:00+05:30,11.35,11.45,10.8,11.05,174785,3614455,10.097466,24272.5,24650.0,24550,ATM+8,CALL,24150,2026-07-17
2026-07-17 12:54:00+05:30,11.05,11.05,10.7,10.9,134485,3624400,10.032713,24273.9,24650.0,24550,ATM+8,CALL,24150,2026-07-17
2026-07-17 12:55:00+05:30,11.0,11.35,10.75,10.85,117910,3635125,10.080038,24271.2,24650.0,24550,ATM+8,CALL,24150,2026-07-17
2026-07-17 12:56:00+05:30,10.75,11.3,10.75,11.1,71825,3665935,10.067708,24274.55,24650.0,24550,ATM+8,CALL,24150,2026-07-17
2026-07-17 12:57:00+05:30,7.9,8.4,7.8,8.2,92885,9358115,10.223312,24280.35,24700.0,24550,ATM+8,CALL,24150,2026-07-17
2026-07-17 12:58:00+05:30,8.15,8.35,7.9,7.95,83330,9372090,10.180145,24278.95,24700.0,24550,ATM+8,CALL,24150,2026-07-17
2026-07-17 12:59:00+05:30,8.0,8.35,7.95,8.25,90350,9360650,10.179636,24283.3,24700.0,24550,ATM+8,CALL,24150,2026-07-17
2026-07-17 13:00:00+05:30,8.35,8.45,8.1,8.1,87815,9361885,10.147721,24282.8,24700.0,24550,ATM+8,CALL,24150,2026-07-17
2026-07-17 13:01:00+05:30,8.1,8.55,8.1,8.15,120640,9364355,10.143783,24283.75,24700.0,24550,ATM+8,CALL,24150,2026-07-17
2026-07-17 13:02:00+05:30,8.2,8.2,7.85,7.85,186160,9365525,10.160663,24278.65,24700.0,24550,ATM+8,CALL,24150,2026-07-17
2026-07-17 13:03:00+05:30,7.8,8.0,7.7,7.85,86450,9366305,10.120294,24280.7,24700.0,24550,ATM+8,CALL,24150,2026-07-17
2026-07-17 13:04:00+05:30,7.9,8.05,7.85,7.85,61100,9362275,10.13838,24279.85,24700.0,24550,ATM+8,CALL,24150,2026-07-17
2026-07-17 13:05:00+05:30,7.85,7.9,7.7,7.9,38155,9375600,10.12878,24281.1,24700.0,24550,ATM+8,CALL,24150,2026-07-17
2026-07-17 13:06:00+05:30,7.85,8.0,7.8,7.95,51480,9369815,10.086715,24283.95,24700.0,24550,ATM+8,CALL,24150,2026-07-17
2026-07-17 13:07:00+05:30,8.0,8.15,7.6,7.65,150410,9368125,10.150281,24276.45,24700.0,24550,ATM+8,CALL,24150,2026-07-17
2026-07-17 13:08:00+05:30,7.6,7.85,7.6,7.75,80925,9369230,10.114686,24279.75,24700.0,24550,ATM+8,CALL,24150,2026-07-17
2026-07-17 13:09:00+05:30,7.75,7.75,7.5,7.55,235495,9363510,10.091089,24278.0,24700.0,24550,ATM+8,CALL,24150,2026-07-17
2026-07-17 13:10:00+05:30,7.55,7.7,7.55,7.6,95290,9365395,10.076954,24279.5,24700.0,24550,ATM+8,CALL,24150,2026-07-17
2026-07-17 13:11:00+05:30,7.6,7.75,7.55,7.55,89115,9365265,10.06692,24279.3,24700.0,24550,ATM+8,CALL,24150,2026-07-17
2026-07-17 13:12:00+05:30,7.6,7.65,7.35,7.35,176865,9371375,10.046313,24277.35,24700.0,24550,ATM+8,CALL,24150,2026-07-17
2026-07-17 13:13:00+05:30,7.35,7.55,7.35,7.55,131560,9372025,10.125943,24276.45,24700.0,24550,ATM+8,CALL,24150,2026-07-17
2026-07-17 13:14:00+05:30,7.55,7.75,7.5,7.55,114725,9361560,10.004538,24282.55,24700.0,24550,ATM+8,CALL,24150,2026-07-17
2026-07-17 13:15:00+05:30,10.8,10.85,9.6,9.9,249470,3703830,9.852646,24271.9,24650.0,24550,ATM+8,CALL,24150,2026-07-17
2026-07-17 13:16:00+05:30,9.95,10.2,9.8,10.15,74360,3644420,9.896203,24272.8,24650.0,24550,ATM+8,CALL,24150,2026-07-17
2026-07-17 13:17:00+05:30,7.05,7.25,7.0,7.2,87880,9337640,10.043776,24275.4,24700.0,24550,ATM+8,CALL,24150,2026-07-17
2026-07-17 13:18:00+05:30,10.25,10.55,10.0,10.2,65260,3658070,9.9157,24272.55,24650.0,24550,ATM+8,CALL,24150,2026-07-17
2026-07-17 13:19:00+05:30,10.25,10.25,9.85,9.95,79105,3645525,9.816585,24274.35,24650.0,24550,ATM+8,CALL,24150,2026-07-17
2026-07-17 13:20:00+05:30,6.95,7.2,6.9,7.1,79625,9330230,9.977789,24277.3,24700.0,24550,ATM+8,CALL,24150,2026-07-17
2026-07-17 13:21:00+05:30,7.05,7.15,6.85,6.85,122850,9338550,9.897263,24277.45,24700.0,24550,ATM+8,CALL,24150,2026-07-17
2026-07-17 13:22:00+05:30,9.9,10.05,9.8,10.0,45240,3675035,9.831747,24274.35,24650.0,24550,ATM+8,CALL,24150,2026-07-17
2026-07-17 13:23:00+05:30,10.0,10.15,9.6,9.65,74295,3688360,9.857905,24269.05,24650.0,24550,ATM+8,CALL,24150,2026-07-17
2026-07-17 13:24:00+05:30,9.7,9.9,9.25,9.3,166920,3685565,9.824225,24266.45,24650.0,24550,ATM+8,CALL,24150,2026-07-17
2026-07-17 13:25:00+05:30,9.25,9.8,9.05,9.8,127595,3667625,9.906101,24268.65,24650.0,24550,ATM+8,CALL,24150,2026-07-17
2026-07-17 13:26:00+05:30,9.8,9.9,9.25,9.3,64870,3671395,9.856601,24265.0,24650.0,24550,ATM+8,CALL,24150,2026-07-17
2026-07-17 13:27:00+05:30,9.3,9.35,9.05,9.05,138450,3699995,9.858288,24261.85,24650.0,24550,ATM+8,CALL,24150,2026-07-17
2026-07-17 13:28:00+05:30,9.1,9.25,9.0,9.15,107770,3730350,9.91067,24260.65,24650.0,24550,ATM+8,CALL,24150,2026-07-17
2026-07-17 13:29:00+05:30,9.1,9.6,9.1,9.35,63180,3707145,9.823884,24267.3,24650.0,24550,ATM+8,CALL,24150,2026-07-17
2026-07-17 13:30:00+05:30,9.45,9.65,9.3,9.55,64480,3714230,9.824249,24269.75,24650.0,24550,ATM+8,CALL,24150,2026-07-17
2026-07-17 13:31:00+05:30,9.65,10.05,9.45,9.55,69095,3731065,9.861166,24268.05,24650.0,24550,ATM+8,CALL,24150,2026-07-17
2026-07-17 13:32:00+05:30,9.6,9.7,9.25,9.5,70720,3745885,9.882106,24266.5,24650.0,24550,ATM+8,CALL,24150,2026-07-17
2026-07-17 13:33:00+05:30,9.45,9.5,9.25,9.35,49985,3735030,9.898211,24263.95,24650.0,24550,ATM+8,CALL,24150,2026-07-17
2026-07-17 13:34:00+05:30,9.35,9.65,9.25,9.55,62790,3747835,9.913691,24265.7,24650.0,24550,ATM+8,CALL,24150,2026-07-17
2026-07-17 13:35:00+05:30,9.55,9.95,9.55,9.75,78520,3760120,9.925207,24267.6,24650.0,24550,ATM+8,CALL,24150,2026-07-17
2026-07-17 13:36:00+05:30,9.85,10.3,9.75,9.8,128440,3749070,9.891994,24269.8,24650.0,24550,ATM+8,CALL,24150,2026-07-17
2026-07-17 13:37:00+05:30,9.75,10.0,9.25,9.25,79495,3733925,9.860222,24264.7,24650.0,24550,ATM+8,CALL,24150,2026-07-17
2026-07-17 13:38:00+05:30,9.35,9.5,9.2,9.2,99645,3725410,9.825005,24265.8,24650.0,24550,ATM+8,CALL,24150,2026-07-17
2026-07-17 13:39:00+05:30,9.2,9.5,9.15,9.3,41795,3735550,9.773909,24269.5,24650.0,24550,ATM+8,CALL,24150,2026-07-17
2026-07-17 13:40:00+05:30,9.25,9.3,8.4,8.55,277290,3710720,9.811334,24258.25,24650.0,24550,ATM+8,CALL,24150,2026-07-17
2026-07-17 13:41:00+05:30,8.6,8.75,8.25,8.7,194935,3690895,9.927814,24254.65,24650.0,24550,ATM+8,CALL,24150,2026-07-17
2026-07-17 13:42:00+05:30,8.75,8.75,8.2,8.3,104715,3696745,9.88986,24251.2,24650.0,24550,ATM+8,CALL,24150,2026-07-17
2026-07-17 13:43:00+05:30,8.25,8.45,8.05,8.45,144300,3684200,9.991361,24248.35,24650.0,24550,ATM+8,CALL,24150,2026-07-17
2026-07-17 13:44:00+05:30,8.35,8.5,8.1,8.35,138580,3664700,9.842784,24254.25,24650.0,24550,ATM+8,CALL,24150,2026-07-17
2026-07-17 13:45:00+05:30,8.35,8.55,8.2,8.45,59670,3652285,9.909633,24252.4,24650.0,24550,ATM+8,CALL,24150,2026-07-17
2026-07-17 13:46:00+05:30,8.4,8.55,7.75,7.75,273780,3659370,9.861421,24245.1,24650.0,24550,ATM+8,CALL,24150,2026-07-17
2026-07-17 13:47:00+05:30,7.75,7.9,7.45,7.55,284050,3685435,9.933149,24238.7,24650.0,24550,ATM+8,CALL,24150,2026-07-17
2026-07-17 13:48:00+05:30,7.6,7.85,7.5,7.85,157170,3680560,9.852616,24247.05,24650.0,24550,ATM+8,CALL,24150,2026-07-17
2026-07-17 13:49:00+05:30,7.8,7.9,7.55,7.55,100685,3681925,9.90975,24239.95,24650.0,24550,ATM+8,CALL,24150,2026-07-17
2026-07-17 13:50:00+05:30,7.6,7.65,7.4,7.55,197340,3692650,10.171104,24227.05,24650.0,24550,ATM+8,CALL,24150,2026-07-17
2026-07-17 13:51:00+05:30,10.35,10.4,9.4,9.75,757380,7520240,9.996995,24215.95,24600.0,24550,ATM+8,CALL,24150,2026-07-17
2026-07-17 13:52:00+05:30,9.8,10.2,9.75,10.05,508755,7514325,9.936535,24222.35,24600.0,24550,ATM+8,CALL,24150,2026-07-17
2026-07-17 13:53:00+05:30,7.4,7.5,7.3,7.45,88595,3740945,10.09932,24229.25,24650.0,24550,ATM+8,CALL,24150,2026-07-17
2026-07-17 13:54:00+05:30,7.55,7.65,7.35,7.55,144950,3758105,10.075119,24232.0,24650.0,24550,ATM+8,CALL,24150,2026-07-17
2026-07-17 13:55:00+05:30,7.5,7.7,7.35,7.65,129675,3764605,10.015004,24236.5,24650.0,24550,ATM+8,CALL,24150,2026-07-17
2026-07-17 13:56:00+05:30,7.6,7.65,7.3,7.35,144690,3758560,10.001298,24232.75,24650.0,24550,ATM+8,CALL,24150,2026-07-17
2026-07-17 13:57:00+05:30,7.3,7.5,7.3,7.5,234585,3771300,10.028597,24233.7,24650.0,24550,ATM+8,CALL,24150,2026-07-17
2026-07-17 13:58:00+05:30,7.55,7.75,7.45,7.65,69095,3780465,9.995559,24237.6,24650.0,24550,ATM+8,CALL,24150,2026-07-17
2026-07-17 13:59:00+05:30,7.7,8.75,7.65,8.6,358865,3767010,10.011872,24250.1,24650.0,24550,ATM+8,CALL,24150,2026-07-17
2026-07-17 14:00:00+05:30,8.35,8.65,8.15,8.45,157755,3705520,9.998187,24248.8,24650.0,24550,ATM+8,CALL,24150,2026-07-17
2026-07-17 14:01:00+05:30,8.5,8.6,8.2,8.45,155090,3687970,10.040447,24246.8,24650.0,24550,ATM+8,CALL,24150,2026-07-17
2026-07-17 14:02:00+05:30,8.45,8.5,8.05,8.2,46540,3690115,10.036826,24243.6,24650.0,24550,ATM+8,CALL,24150,2026-07-17
2026-07-17 14:03:00+05:30,8.3,8.6,8.2,8.5,60905,3694015,10.067661,24246.25,24650.0,24550,ATM+8,CALL,24150,2026-07-17
2026-07-17 14:04:00+05:30,8.6,8.95,8.5,8.7,112905,3686800,10.038917,24250.35,24650.0,24550,ATM+8,CALL,24150,2026-07-17
2026-07-17 14:05:00+05:30,8.7,9.2,8.7,8.95,115830,3685890,10.017048,24254.7,24650.0,24550,ATM+8,CALL,24150,2026-07-17
2026-07-17 14:06:00+05:30,8.95,9.1,8.7,8.7,165945,3695835,10.055368,24249.65,24650.0,24550,ATM+8,CALL,24150,2026-07-17
2026-07-17 14:07:00+05:30,8.65,8.9,8.55,8.85,70330,3707600,10.068126,24251.05,24650.0,24550,ATM+8,CALL,24150,2026-07-17
2026-07-17 14:08:00+05:30,8.8,9.0,8.45,8.65,96590,3718520,10.013441,24251.1,24650.0,24550,ATM+8,CALL,24150,2026-07-17
2026-07-17 14:09:00+05:30,8.6,8.95,8.6,8.95,100100,3749265,10.057437,24252.95,24650.0,24550,ATM+8,CALL,24150,2026-07-17
2026-07-17 14:10:00+05:30,8.95,9.15,8.8,9.05,120315,3767985,10.063278,24254.0,24650.0,24550,ATM+8,CALL,24150,2026-07-17
2026-07-17 14:11:00+05:30,9.1,9.85,9.05,9.8,166725,3763110,10.022009,24265.25,24650.0,24550,ATM+8,CALL,24150,2026-07-17
2026-07-17 14:12:00+05:30,9.75,10.4,9.7,10.1,369850,3781570,9.962473,24271.6,24650.0,24550,ATM+8,CALL,24150,2026-07-17
2026-07-17 14:13:00+05:30,7.05,7.75,7.05,7.5,613080,8286070,10.152136,24277.25,24700.0,24550,ATM+8,CALL,24150,2026-07-17
2026-07-17 14:14:00+05:30,7.65,8.4,7.45,8.3,726245,8302385,10.322526,24280.55,24700.0,24550,ATM+8,CALL,24150,2026-07-17
2026-07-17 14:15:00+05:30,6.0,10.4,5.9,10.0,1976910,3300180,10.4538,24345.4,24750.0,24550,ATM+8,CALL,24150,2026-07-17
2026-07-17 14:16:00+05:30,10.3,13.6,9.25,13.3,2809560,3424265,10.857579,24362.9,24750.0,24550,ATM+8,CALL,24150,2026-07-17
2026-07-17 14:17:00+05:30,13.5,14.55,10.95,11.25,2312635,3556670,10.723826,24347.45,24750.0,24550,ATM+8,CALL,24150,2026-07-17
2026-07-17 14:18:00+05:30,11.2,11.25,9.3,9.5,1503905,3528590,10.592282,24332.7,24750.0,24550,ATM+8,CALL,24150,2026-07-17
2026-07-17 14:19:00+05:30,13.35,13.5,11.1,11.1,1472055,9026875,10.474939,24308.45,24700.0,24550,ATM+8,CALL,24150,2026-07-17
2026-07-17 14:20:00+05:30,11.3,12.15,11.1,11.2,1010230,9096425,10.406758,24312.75,24700.0,24550,ATM+8,CALL,24150,2026-07-17
2026-07-17 14:21:00+05:30,11.05,12.0,10.65,11.0,991835,9161945,10.433331,24309.35,24700.0,24550,ATM+8,CALL,24150,2026-07-17
2026-07-17 14:22:00+05:30,11.0,11.0,10.2,10.3,660465,9178390,10.441801,24300.95,24700.0,24550,ATM+8,CALL,24150,2026-07-17
2026-07-17 14:23:00+05:30,10.0,10.55,10.0,10.1,580060,9173515,10.567211,24292.7,24700.0,24550,ATM+8,CALL,24150,2026-07-17
2026-07-17 14:24:00+05:30,10.1,10.3,9.9,10.1,592020,9203610,10.449418,24298.3,24700.0,24550,ATM+8,CALL,24150,2026-07-17
2026-07-17 14:25:00+05:30,10.1,11.0,9.75,10.75,775970,9212385,10.420643,24307.3,24700.0,24550,ATM+8,CALL,24150,2026-07-17
2026-07-17 14:26:00+05:30,10.9,11.6,10.75,11.5,686075,9167145,10.516641,24311.25,24700.0,24550,ATM+8,CALL,24150,2026-07-17
2026-07-17 14:27:00+05:30,11.4,11.8,11.2,11.5,787215,9139910,10.524183,24310.95,24700.0,24550,ATM+8,CALL,24150,2026-07-17
2026-07-17 14:28:00+05:30,11.65,12.25,11.5,11.55,463060,9130680,10.568616,24309.5,24700.0,24550,ATM+8,CALL,24150,2026-07-17
2026-07-17 14:29:00+05:30,11.55,11.55,9.4,9.6,1181180,9141210,10.554337,24287.4,24700.0,24550,ATM+8,CALL,24150,2026-07-17
2026-07-17 14:30:00+05:30,9.6,11.0,9.45,10.8,748085,8970455,10.494937,24304.65,24700.0,24550,ATM+8,CALL,24150,2026-07-17
2026-07-17 14:31:00+05:30,10.85,10.85,10.0,10.2,253630,8964735,10.439307,24300.3,24700.0,24550,ATM+8,CALL,24150,2026-07-17
2026-07-17 14:32:00+05:30,10.15,10.5,9.7,9.9,292305,8968050,10.387999,24299.15,24700.0,24550,ATM+8,CALL,24150,2026-07-17
2026-07-17 14:33:00+05:30,9.8,10.35,9.75,10.15,217230,8994700,10.529607,24295.55,24700.0,24550,ATM+8,CALL,24150,2026-07-17
2026-07-17 14:34:00+05:30,10.15,10.55,10.0,10.4,344630,8993270,10.541951,24298.0,24700.0,24550,ATM+8,CALL,24150,2026-07-17
2026-07-17 14:35:00+05:30,10.4,10.55,10.2,10.25,232635,8999380,10.491136,24298.65,24700.0,24550,ATM+8,CALL,24150,2026-07-17
2026-07-17 14:36:00+05:30,10.3,10.3,9.75,10.0,321425,9030775,10.542818,24293.25,24700.0,24550,ATM+8,CALL,24150,2026-07-17
2026-07-17 14:37:00+05:30,9.95,10.1,9.7,9.8,217035,9022390,10.496064,24293.05,24700.0,24550,ATM+8,CALL,24150,2026-07-17
2026-07-17 14:38:00+05:30,9.8,10.5,9.4,10.15,396305,9000420,10.462308,24298.95,24700.0,24550,ATM+8,CALL,24150,2026-07-17
2026-07-17 14:39:00+05:30,10.15,10.2,9.85,10.15,201240,9051315,10.48565,24297.9,24700.0,24550,ATM+8,CALL,24150,2026-07-17
2026-07-17 14:40:00+05:30,10.15,10.5,10.1,10.2,194480,9018230,10.412027,24302.0,24700.0,24550,ATM+8,CALL,24150,2026-07-17
2026-07-17 14:41:00+05:30,10.2,11.05,10.05,11.0,342940,9020895,10.399123,24311.85,24700.0,24550,ATM+8,CALL,24150,2026-07-17
2026-07-17 14:42:00+05:30,10.95,11.1,10.45,10.95,348725,9015630,10.41942,24310.4,24700.0,24550,ATM+8,CALL,24150,2026-07-17
2026-07-17 14:43:00+05:30,10.95,11.55,10.7,10.8,334295,9002110,10.347198,24312.1,24700.0,24550,ATM+8,CALL,24150,2026-07-17
2026-07-17 14:44:00+05:30,10.8,11.65,10.8,11.3,315770,9018685,10.347719,24317.65,24700.0,24550,ATM+8,CALL,24150,2026-07-17
2026-07-17 14:45:00+05:30,11.35,11.45,11.0,11.15,345930,9027005,10.272785,24319.5,24700.0,24550,ATM+8,CALL,24150,2026-07-17
2026-07-17 14:46:00+05:30,8.1,8.6,7.85,8.35,175435,3270410,10.458695,24325.05,24750.0,24550,ATM+8,CALL,24150,2026-07-17
2026-07-17 14:47:00+05:30,11.6,11.85,11.25,11.4,177580,9084010,10.28793,24321.6,24700.0,24550,ATM+8,CALL,24150,2026-07-17
2026-07-17 14:48:00+05:30,11.45,11.75,11.05,11.75,310310,9062950,10.400178,24320.25,24700.0,24550,ATM+8,CALL,24150,2026-07-17
2026-07-17 14:49:00+05:30,11.65,11.95,11.4,11.4,333255,9088430,10.23733,24324.0,24700.0,24550,ATM+8,CALL,24150,2026-07-17
2026-07-17 14:50:00+05:30,11.45,11.6,11.0,11.35,358605,9088690,10.314146,24320.0,24700.0,24550,ATM+8,CALL,24150,2026-07-17
2026-07-17 14:51:00+05:30,11.4,11.8,11.0,11.1,538005,9130355,10.32015,24317.05,24700.0,24550,ATM+8,CALL,24150,2026-07-17
2026-07-17 14:52:00+05:30,11.15,11.5,11.0,11.15,285805,9161620,10.277508,24319.6,24700.0,24550,ATM+8,CALL,24150,2026-07-17
2026-07-17 14:53:00+05:30,11.1,11.15,10.35,10.95,496275,9151025,10.211162,24320.5,24700.0,24550,ATM+8,CALL,24150,2026-07-17
2026-07-17 14:54:00+05:30,10.95,11.0,10.45,11.0,199810,9118265,10.214313,24320.95,24700.0,24550,ATM+8,CALL,24150,2026-07-17
2026-07-17 14:55:00+05:30,8.05,8.55,7.8,8.55,300625,3393130,10.476863,24327.4,24750.0,24550,ATM+8,CALL,24150,2026-07-17
2026-07-17 14:56:00+05:30,12.1,12.25,10.85,11.15,682370,9172410,10.165729,24324.9,24700.0,24550,ATM+8,CALL,24150,2026-07-17
2026-07-17 14:57:00+05:30,11.25,11.4,10.8,11.0,222105,9161165,10.2031,24321.6,24700.0,24550,ATM+8,CALL,24150,2026-07-17
2026-07-17 14:58:00+05:30,11.0,11.1,10.5,10.85,276835,9142575,10.292997,24315.85,24700.0,24550,ATM+8,CALL,24150,2026-07-17
2026-07-17 14:59:00+05:30,10.8,10.95,10.3,10.35,355810,9094735,10.259762,24311.75,24700.0,24550,ATM+8,CALL,24150,2026-07-17
2026-07-17 15:00:00+05:30,10.45,11.25,9.65,10.85,1696760,9035260,10.124431,24323.7,24700.0,24550,ATM+8,CALL,24150,2026-07-17
2026-07-17 15:01:00+05:30,8.15,8.7,7.5,8.0,623480,3296020,10.360113,24325.6,24750.0,24550,ATM+8,CALL,24150,2026-07-17
2026-07-17 15:02:00+05:30,10.95,11.25,10.45,10.9,382395,9050210,10.124194,24324.35,24700.0,24550,ATM+8,CALL,24150,2026-07-17
2026-07-17 15:03:00+05:30,10.8,11.05,10.15,10.2,256295,9053525,10.093077,24317.95,24700.0,24550,ATM+8,CALL,24150,2026-07-17
2026-07-17 15:04:00+05:30,10.0,10.8,9.95,10.55,426660,9022130,10.091683,24322.05,24700.0,24550,ATM+8,CALL,24150,2026-07-17
2026-07-17 15:05:00+05:30,7.75,8.35,7.75,8.35,265200,3322150,10.426423,24327.55,24750.0,24550,ATM+8,CALL,24150,2026-07-17
2026-07-17 15:06:00+05:30,8.35,8.6,8.25,8.55,212615,3356535,10.430232,24330.2,24750.0,24550,ATM+8,CALL,24150,2026-07-17
2026-07-17 15:07:00+05:30,8.55,8.9,8.4,8.6,204490,3377270,10.360839,24334.3,24750.0,24550,ATM+8,CALL,24150,2026-07-17
2026-07-17 15:08:00+05:30,8.55,8.6,8.15,8.15,135785,3368495,10.278318,24332.1,24750.0,24550,ATM+8,CALL,24150,2026-07-17
2026-07-17 15:09:00+05:30,8.2,8.5,8.0,8.2,187460,3382535,10.264094,24333.55,24750.0,24550,ATM+8,CALL,24150,2026-07-17
2026-07-17 15:10:00+05:30,8.15,8.2,7.5,7.55,382785,3331900,10.109739,24331.75,24750.0,24550,ATM+8,CALL,24150,2026-07-17
2026-07-17 15:11:00+05:30,7.65,7.8,7.55,7.75,130520,3328520,10.160565,24332.25,24750.0,24550,ATM+8,CALL,24150,2026-07-17
2026-07-17 15:12:00+05:30,7.75,8.1,7.7,7.85,151125,3347565,10.113835,24336.05,24750.0,24550,ATM+8,CALL,24150,2026-07-17
2026-07-17 15:13:00+05:30,7.8,7.85,7.5,7.65,178880,3382860,10.078859,24334.9,24750.0,24550,ATM+8,CALL,24150,2026-07-17
2026-07-17 15:14:00+05:30,7.6,7.8,7.3,7.35,201890,3388645,10.1132,24328.75,24750.0,24550,ATM+8,CALL,24150,2026-07-17
2026-07-17 15:15:00+05:30,10.1,10.15,9.4,9.5,754845,8998600,9.801857,24323.85,24700.0,24550,ATM+8,CALL,24150,2026-07-17
2026-07-17 15:16:00+05:30,9.4,9.6,9.15,9.4,424320,9025770,9.79743,24322.9,24700.0,24550,ATM+8,CALL,24150,2026-07-17
2026-07-17 15:17:00+05:30,6.8,7.0,6.75,6.9,197600,3414320,10.039227,24325.55,24750.0,24550,ATM+8,CALL,24150,2026-07-17
2026-07-17 15:18:00+05:30,6.85,6.95,6.45,6.45,140140,3410680,9.82982,24328.8,24750.0,24550,ATM+8,CALL,24150,2026-07-17
2026-07-17 15:19:00+05:30,6.45,6.45,6.1,6.45,384215,3356080,9.826811,24329.0,24750.0,24550,ATM+8,CALL,24150,2026-07-17
2026-07-17 15:20:00+05:30,6.4,6.7,6.3,6.5,180310,3373175,9.76598,24332.95,24750.0,24550,ATM+8,CALL,24150,2026-07-17
2026-07-17 15:21:00+05:30,6.45,6.75,6.4,6.6,220870,3371355,9.795433,24333.15,24750.0,24550,ATM+8,CALL,24150,2026-07-17
2026-07-17 15:22:00+05:30,6.55,6.85,6.5,6.7,302185,3391765,9.754911,24336.85,24750.0,24550,ATM+8,CALL,24150,2026-07-17
2026-07-17 15:23:00+05:30,6.65,7.35,6.65,7.0,255775,3417960,9.828511,24337.95,24750.0,24550,ATM+8,CALL,24150,2026-07-17
2026-07-17 15:24:00+05:30,7.2,7.8,7.0,7.55,400010,3481335,9.899102,24342.8,24750.0,24550,ATM+8,CALL,24150,2026-07-17
2026-07-17 15:25:00+05:30,7.7,8.0,7.5,7.65,476645,3520335,9.884925,24345.0,24750.0,24550,ATM+8,CALL,24150,2026-07-17
2026-07-17 15:26:00+05:30,7.55,7.85,7.35,7.45,353145,3436420,9.871102,24342.8,24750.0,24550,ATM+8,CALL,24150,2026-07-17
2026-07-17 15:27:00+05:30,7.55,7.7,7.3,7.55,347230,3397290,9.877556,24344.0,24750.0,24550,ATM+8,CALL,24150,2026-07-17
2026-07-17 15:28:00+05:30,7.4,7.55,7.15,7.3,504010,3426540,9.896505,24339.4,24750.0,24550,ATM+8,CALL,24150,2026-07-17
2026-07-17 15:29:00+05:30,7.4,8.4,7.05,8.4,553605,3440645,10.069804,24346.7,24750.0,24550,ATM+8,CALL,24150,2026-07-17
2026-07-17 09:15:00+05:30,474.05,474.05,444.7,444.7,975,49270,19.994832,24151.25,24550.0,24550,ATM+8,PUT,24150,2026-07-17
2026-07-17 09:16:00+05:30,428.8,444.7,418.55,418.55,3380,49595,18.624485,24171.0,24550.0,24550,ATM+8,PUT,24150,2026-07-17
2026-07-17 09:17:00+05:30,460.0,460.7,451.6,455.1,9295,199095,18.836221,24176.15,24600.0,24550,ATM+8,PUT,24150,2026-07-17
2026-07-17 09:18:00+05:30,456.3,456.3,440.0,440.0,10205,200265,18.014943,24187.4,24600.0,24550,ATM+8,PUT,24150,2026-07-17
2026-07-17 09:19:00+05:30,441.55,445.45,435.3,442.2,8645,201370,18.351156,24187.85,24600.0,24550,ATM+8,PUT,24150,2026-07-17
2026-07-17 09:20:00+05:30,439.0,444.0,433.8,443.35,12935,205465,18.491689,24187.75,24600.0,24550,ATM+8,PUT,24150,2026-07-17
2026-07-17 09:21:00+05:30,440.6,445.0,439.15,443.05,5135,202215,18.248684,24185.75,24600.0,24550,ATM+8,PUT,24150,2026-07-17
2026-07-17 09:22:00+05:30,444.0,445.55,439.6,440.95,3380,204685,18.283079,24188.75,24600.0,24550,ATM+8,PUT,24150,2026-07-17
2026-07-17 09:23:00+05:30,441.0,443.1,440.0,440.0,3185,205660,17.888968,24186.15,24600.0,24550,ATM+8,PUT,24150,2026-07-17
2026-07-17 09:24:00+05:30,443.85,444.7,435.15,436.35,5655,208845,18.006417,24191.9,24600.0,24550,ATM+8,PUT,24150,2026-07-17
2026-07-17 09:25:00+05:30,435.6,436.5,428.0,428.65,9165,205010,17.713343,24198.85,24600.0,24550,ATM+8,PUT,24150,2026-07-17
2026-07-17 09:26:00+05:30,428.65,432.9,426.2,432.9,5980,207480,18.360653,24199.8,24600.0,24550,ATM+8,PUT,24150,2026-07-17
2026-07-17 09:27:00+05:30,433.85,433.85,425.0,426.2,6760,207610,17.804326,24202.85,24600.0,24550,ATM+8,PUT,24150,2026-07-17
2026-07-17 09:28:00+05:30,429.05,430.0,426.2,427.0,3705,207285,18.104182,24204.8,24600.0,24550,ATM+8,PUT,24150,2026-07-17
2026-07-17 09:29:00+05:30,428.0,428.5,421.05,421.05,4940,207740,17.860166,24210.0,24600.0,24550,ATM+8,PUT,24150,2026-07-17
2026-07-17 09:30:00+05:30,420.05,430.5,418.95,430.5,13325,208325,18.443837,24203.7,24600.0,24550,ATM+8,PUT,24150,2026-07-17
2026-07-17 09:31:00+05:30,429.05,435.7,425.95,435.7,4420,212095,18.431087,24196.85,24600.0,24550,ATM+8,PUT,24150,2026-07-17
2026-07-17 09:32:00+05:30,434.4,439.35,428.7,429.25,6500,211250,18.434315,24205.2,24600.0,24550,ATM+8,PUT,24150,2026-07-17
2026-07-17 09:33:00+05:30,426.4,429.25,420.0,422.0,3185,209300,18.054511,24210.7,24600.0,24550,ATM+8,PUT,24150,2026-07-17
2026-07-17 09:34:00+05:30,420.0,429.0,416.6,429.0,4355,208390,18.541198,24206.6,24600.0,24550,ATM+8,PUT,24150,2026-07-17
2026-07-17 09:35:00+05:30,428.9,429.0,425.15,427.6,2405,208520,18.409255,24207.05,24600.0,24550,ATM+8,PUT,24150,2026-07-17
2026-07-17 09:36:00+05:30,427.6,432.0,425.5,425.5,3120,207610,18.373783,24209.4,24600.0,24550,ATM+8,PUT,24150,2026-07-17
2026-07-17 09:37:00+05:30,424.6,426.6,418.45,418.5,17030,210860,18.156951,24216.25,24600.0,24550,ATM+8,PUT,24150,2026-07-17
2026-07-17 09:38:00+05:30,418.0,421.05,415.0,417.35,4875,214955,18.519194,24221.55,24600.0,24550,ATM+8,PUT,24150,2026-07-17
2026-07-17 09:39:00+05:30,415.65,421.4,414.95,420.7,5785,217035,18.708273,24219.15,24600.0,24550,ATM+8,PUT,24150,2026-07-17
2026-07-17 09:40:00+05:30,421.25,421.25,415.0,418.0,6630,217165,18.55461,24221.05,24600.0,24550,ATM+8,PUT,24150,2026-07-17
2026-07-17 09:41:00+05:30,418.85,419.65,415.7,419.45,9360,218270,18.840763,24222.2,24600.0,24550,ATM+8,PUT,24150,2026-07-17
2026-07-17 09:42:00+05:30,416.3,419.45,414.6,416.35,7540,215800,18.694123,24224.7,24600.0,24550,ATM+8,PUT,24150,2026-07-17
2026-07-17 09:43:00+05:30,461.15,461.7,457.55,458.9,2145,27170,19.223723,24225.15,24650.0,24550,ATM+8,PUT,24150,2026-07-17
2026-07-17 09:44:00+05:30,457.8,463.55,454.0,455.6,1950,25545,19.414806,24231.3,24650.0,24550,ATM+8,PUT,24150,2026-07-17
2026-07-17 09:45:00+05:30,454.95,455.6,444.6,451.5,3640,25870,19.209147,24234.5,24650.0,24550,ATM+8,PUT,24150,2026-07-17
2026-07-17 09:46:00+05:30,450.55,455.45,448.85,448.85,1300,26780,19.552067,24241.45,24650.0,24550,ATM+8,PUT,24150,2026-07-17
2026-07-17 09:47:00+05:30,449.7,452.5,445.55,452.5,780,26585,19.519516,24236.35,24650.0,24550,ATM+8,PUT,24150,2026-07-17
2026-07-17 09:48:00+05:30,451.45,452.5,448.15,448.15,1755,26065,19.331364,24240.05,24650.0,24550,ATM+8,PUT,24150,2026-07-17
2026-07-17 09:49:00+05:30,450.8,455.2,448.15,452.8,1755,26520,19.608028,24236.85,24650.0,24550,ATM+8,PUT,24150,2026-07-17
2026-07-17 09:50:00+05:30,452.35,452.8,447.4,447.4,650,27105,19.543019,24243.2,24650.0,24550,ATM+8,PUT,24150,2026-07-17
2026-07-17 09:51:00+05:30,451.1,461.55,447.4,461.55,2795,27300,19.942137,24228.9,24650.0,24550,ATM+8,PUT,24150,2026-07-17
2026-07-17 09:52:00+05:30,460.0,462.0,458.55,461.45,12935,38220,20.032294,24229.95,24650.0,24550,ATM+8,PUT,24150,2026-07-17
2026-07-17 09:53:00+05:30,460.75,462.0,456.5,457.55,1170,39260,19.847502,24233.1,24650.0,24550,ATM+8,PUT,24150,2026-07-17
2026-07-17 09:54:00+05:30,455.2,457.55,448.05,448.05,910,39845,19.320637,24240.0,24650.0,24550,ATM+8,PUT,24150,2026-07-17
2026-07-17 09:55:00+05:30,456.6,462.0,448.05,462.0,325,39845,20.128899,24230.2,24650.0,24550,ATM+8,PUT,24150,2026-07-17
2026-07-17 09:56:00+05:30,415.8,423.0,415.8,421.5,9750,261625,19.189679,24223.1,24600.0,24550,ATM+8,PUT,24150,2026-07-17
2026-07-17 09:57:00+05:30,419.5,426.95,419.5,423.5,6175,258830,19.090241,24219.35,24600.0,24550,ATM+8,PUT,24150,2026-07-17
2026-07-17 09:58:00+05:30,470.1,471.85,464.0,464.0,455,40040,20.272501,24229.05,24650.0,24550,ATM+8,PUT,24150,2026-07-17
2026-07-17 09:59:00+05:30,462.7,464.0,460.6,460.6,260,40170,19.826625,24228.85,24650.0,24550,ATM+8,PUT,24150,2026-07-17
2026-07-17 10:00:00+05:30,414.0,425.0,410.0,425.0,4550,259025,19.485827,24221.65,24600.0,24550,ATM+8,PUT,24150,2026-07-17
2026-07-17 10:01:00+05:30,424.55,434.0,419.0,431.35,15210,259545,19.407682,24212.35,24600.0,24550,ATM+8,PUT,24150,2026-07-17
2026-07-17 10:02:00+05:30,428.85,431.35,426.75,430.0,8645,254800,19.570688,24215.9,24600.0,24550,ATM+8,PUT,24150,2026-07-17
2026-07-17 10:03:00+05:30,429.7,430.85,427.95,427.95,6110,257010,19.234452,24214.95,24600.0,24550,ATM+8,PUT,24150,2026-07-17
2026-07-17 10:04:00+05:30,425.75,434.0,425.75,428.8,4615,255775,19.298022,24214.5,24600.0,24550,ATM+8,PUT,24150,2026-07-17
2026-07-17 10:05:00+05:30,431.55,431.55,422.0,422.45,4290,255320,19.150748,24221.3,24600.0,24550,ATM+8,PUT,24150,2026-07-17
2026-07-17 10:06:00+05:30,422.0,422.45,419.25,419.3,2275,254540,18.896444,24222.7,24600.0,24550,ATM+8,PUT,24150,2026-07-17
2026-07-17 10:07:00+05:30,469.7,469.85,466.75,466.75,455,45760,20.301336,24225.65,24650.0,24550,ATM+8,PUT,24150,2026-07-17
2026-07-17 10:08:00+05:30,467.2,468.55,466.75,468.55,195,45825,20.713413,24227.6,24650.0,24550,ATM+8,PUT,24150,2026-07-17
2026-07-17 10:09:00+05:30,462.0,468.55,456.9,463.45,910,44980,20.493286,24231.95,24650.0,24550,ATM+8,PUT,24150,2026-07-17
2026-07-17 10:10:00+05:30,465.0,465.0,463.35,463.4,455,45110,20.365006,24230.65,24650.0,24550,ATM+8,PUT,24150,2026-07-17
2026-07-17 10:11:00+05:30,464.35,464.35,462.65,462.65,325,44655,20.51928,24233.25,24650.0,24550,ATM+8,PUT,24150,2026-07-17
2026-07-17 10:12:00+05:30,462.0,462.65,454.0,455.0,1170,44915,20.200166,24239.9,24650.0,24550,ATM+8,PUT,24150,2026-07-17
2026-07-17 10:13:00+05:30,450.0,455.0,447.6,448.9,1300,45175,20.030002,24246.1,24650.0,24550,ATM+8,PUT,24150,2026-07-17
2026-07-17 10:14:00+05:30,451.45,457.35,448.9,457.0,1105,45500,20.444406,24239.85,24650.0,24550,ATM+8,PUT,24150,2026-07-17
2026-07-17 10:15:00+05:30,457.0,457.0,449.0,449.0,390,45955,20.007327,24245.7,24650.0,24550,ATM+8,PUT,24150,2026-07-17
2026-07-17 10:16:00+05:30,449.75,449.8,446.9,449.8,585,46020,20.241647,24247.15,24650.0,24550,ATM+8,PUT,24150,2026-07-17
2026-07-17 10:17:00+05:30,446.9,449.8,437.25,437.25,2405,46280,19.304601,24253.65,24650.0,24550,ATM+8,PUT,24150,2026-07-17
2026-07-17 10:18:00+05:30,440.0,440.0,409.15,409.35,3445,46735,17.809496,24274.45,24650.0,24550,ATM+8,PUT,24150,2026-07-17
2026-07-17 10:19:00+05:30,409.6,418.0,408.4,413.75,2015,48425,18.311636,24273.95,24650.0,24550,ATM+8,PUT,24150,2026-07-17
2026-07-17 10:20:00+05:30,417.15,423.7,413.75,423.7,910,49075,18.865362,24266.75,24650.0,24550,ATM+8,PUT,24150,2026-07-17
2026-07-17 10:21:00+05:30,425.0,425.0,419.9,419.9,1625,49335,18.542275,24268.3,24650.0,24550,ATM+8,PUT,24150,2026-07-17
2026-07-17 10:22:00+05:30,423.45,423.45,419.9,423.45,520,50635,18.475649,24262.95,24650.0,24550,ATM+8,PUT,24150,2026-07-17
2026-07-17 10:23:00+05:30,428.0,431.0,423.45,431.0,520,50960,19.023026,24258.8,24650.0,24550,ATM+8,PUT,24150,2026-07-17
2026-07-17 10:24:00+05:30,432.0,432.0,431.0,431.45,260,50895,18.774083,24255.6,24650.0,24550,ATM+8,PUT,24150,2026-07-17
2026-07-17 10:25:00+05:30,431.45,431.45,424.7,424.7,325,50960,18.72587,24263.9,24650.0,24550,ATM+8,PUT,24150,2026-07-17
2026-07-17 10:26:00+05:30,426.0,427.8,424.7,427.7,780,50830,19.270283,24265.75,24650.0,24550,ATM+8,PUT,24150,2026-07-17
2026-07-17 10:27:00+05:30,426.55,427.7,424.0,424.65,390,51285,19.073959,24267.65,24650.0,24550,ATM+8,PUT,24150,2026-07-17
2026-07-17 10:28:00+05:30,420.4,424.65,419.9,419.9,3055,51480,19.016298,24273.3,24650.0,24550,ATM+8,PUT,24150,2026-07-17
2026-07-17 10:29:00+05:30,466.55,466.55,460.0,460.8,2210,100230,20.113514,24281.55,24700.0,24550,ATM+8,PUT,24150,2026-07-17
2026-07-17 10:30:00+05:30,458.0,463.05,457.2,460.15,2015,101465,19.824758,24279.4,24700.0,24550,ATM+8,PUT,24150,2026-07-17
2026-07-17 10:31:00+05:30,458.45,460.15,455.0,456.0,4940,102245,19.66163,24283.1,24700.0,24550,ATM+8,PUT,24150,2026-07-17
2026-07-17 10:32:00+05:30,455.0,456.1,447.8,453.75,3185,103740,19.582866,24285.2,24700.0,24550,ATM+8,PUT,24150,2026-07-17
2026-07-17 10:33:00+05:30,457.15,463.85,453.75,458.95,4290,104910,19.700497,24279.65,24700.0,24550,ATM+8,PUT,24150,2026-07-17
2026-07-17 10:34:00+05:30,459.3,460.75,455.0,455.05,2080,106405,19.661891,24284.3,24700.0,24550,ATM+8,PUT,24150,2026-07-17
2026-07-17 10:35:00+05:30,411.8,423.0,410.0,423.0,715,59280,19.300392,24272.2,24650.0,24550,ATM+8,PUT,24150,2026-07-17
2026-07-17 10:36:00+05:30,423.85,424.0,420.65,422.4,845,59020,19.256143,24272.5,24650.0,24550,ATM+8,PUT,24150,2026-07-17
2026-07-17 10:37:00+05:30,420.85,426.0,420.85,426.0,195,58955,19.213678,24267.25,24650.0,24550,ATM+8,PUT,24150,2026-07-17
2026-07-17 10:38:00+05:30,429.0,431.75,425.05,426.2,1690,59215,19.29004,24267.8,24650.0,24550,ATM+8,PUT,24150,2026-07-17
2026-07-17 10:39:00+05:30,426.35,426.95,423.9,426.95,1560,60060,19.332087,24267.25,24650.0,24550,ATM+8,PUT,24150,2026-07-17
2026-07-17 10:40:00+05:30,427.8,428.9,424.45,426.7,2990,61425,19.412972,24268.45,24650.0,24550,ATM+8,PUT,24150,2026-07-17
2026-07-17 10:41:00+05:30,424.75,426.7,422.85,426.0,845,61425,19.5388,24270.75,24650.0,24550,ATM+8,PUT,24150,2026-07-17
2026-07-17 10:42:00+05:30,426.0,426.9,426.0,426.9,390,62595,19.512641,24269.25,24650.0,24550,ATM+8,PUT,24150,2026-07-17
2026-07-17 10:43:00+05:30,427.85,439.0,426.9,439.0,1105,62400,19.024824,24248.15,24650.0,24550,ATM+8,PUT,24150,2026-07-17
2026-07-17 10:44:00+05:30,441.75,441.75,434.0,435.75,10010,66690,19.661418,24259.1,24650.0,24550,ATM+8,PUT,24150,2026-07-17
2026-07-17 10:45:00+05:30,435.55,442.4,434.45,442.4,2275,67730,19.940234,24253.3,24650.0,24550,ATM+8,PUT,24150,2026-07-17
2026-07-17 10:46:00+05:30,446.65,446.65,440.8,442.55,1755,67665,19.885511,24252.5,24650.0,24550,ATM+8,PUT,24150,2026-07-17
2026-07-17 10:47:00+05:30,439.7,442.55,437.05,437.05,7540,62985,19.385273,24254.4,24650.0,24550,ATM+8,PUT,24150,2026-07-17
2026-07-17 10:48:00+05:30,440.2,440.25,437.05,439.95,585,63050,19.670299,24253.6,24650.0,24550,ATM+8,PUT,24150,2026-07-17
2026-07-17 10:49:00+05:30,441.55,445.0,439.95,445.0,4160,60385,19.948183,24249.9,24650.0,24550,ATM+8,PUT,24150,2026-07-17
2026-07-17 10:50:00+05:30,445.0,445.0,445.0,445.0,130,60385,20.056536,24251.05,24650.0,24550,ATM+8,PUT,24150,2026-07-17
2026-07-17 10:51:00+05:30,446.0,446.0,445.0,445.8,325,59995,19.955714,24248.9,24650.0,24550,ATM+8,PUT,24150,2026-07-17
2026-07-17 10:52:00+05:30,448.3,449.25,445.8,449.25,520,59995,20.641113,24251.75,24650.0,24550,ATM+8,PUT,24150,2026-07-17
2026-07-17 10:53:00+05:30,439.7,449.25,435.5,438.3,520,58890,19.715841,24256.2,24650.0,24550,ATM+8,PUT,24150,2026-07-17
2026-07-17 10:54:00+05:30,439.2,446.9,438.3,445.3,910,59150,20.510345,24255.55,24650.0,24550,ATM+8,PUT,24150,2026-07-17
2026-07-17 10:55:00+05:30,445.5,445.5,442.4,442.6,975,59475,20.293783,24256.75,24650.0,24550,ATM+8,PUT,24150,2026-07-17
2026-07-17 10:56:00+05:30,436.15,444.8,436.15,443.45,325,59345,20.316185,24255.85,24650.0,24550,ATM+8,PUT,24150,2026-07-17
2026-07-17 10:57:00+05:30,443.45,443.45,443.45,443.45,0,59345,20.376532,24256.5,24650.0,24550,ATM+8,PUT,24150,2026-07-17
2026-07-17 10:58:00+05:30,441.75,443.45,439.85,439.85,325,58695,20.054725,24257.75,24650.0,24550,ATM+8,PUT,24150,2026-07-17
2026-07-17 10:59:00+05:30,440.45,440.45,437.3,437.3,325,58760,19.674499,24257.0,24650.0,24550,ATM+8,PUT,24150,2026-07-17
2026-07-17 11:00:00+05:30,434.7,437.3,432.4,432.4,390,59020,19.342549,24259.9,24650.0,24550,ATM+8,PUT,24150,2026-07-17
2026-07-17 11:01:00+05:30,434.55,436.75,432.4,436.75,260,58045,19.571693,24256.6,24650.0,24550,ATM+8,PUT,24150,2026-07-17
2026-07-17 11:02:00+05:30,443.6,445.6,436.75,444.6,520,58045,19.787396,24248.55,24650.0,24550,ATM+8,PUT,24150,2026-07-17
2026-07-17 11:03:00+05:30,444.55,444.6,442.6,442.8,780,58110,19.716283,24250.15,24650.0,24550,ATM+8,PUT,24150,2026-07-17
2026-07-17 11:04:00+05:30,437.25,442.8,437.25,437.25,65,58305,19.781195,24258.15,24650.0,24550,ATM+8,PUT,24150,2026-07-17
2026-07-17 11:05:00+05:30,436.25,437.25,436.25,436.25,65,58305,20.032209,24262.2,24650.0,24550,ATM+8,PUT,24150,2026-07-17
2026-07-17 11:06:00+05:30,438.1,438.1,436.15,436.15,325,58370,19.993997,24261.9,24650.0,24550,ATM+8,PUT,24150,2026-07-17
2026-07-17 11:07:00+05:30,447.1,449.55,436.15,449.55,455,58240,20.180684,24246.15,24650.0,24550,ATM+8,PUT,24150,2026-07-17
2026-07-17 11:08:00+05:30,450.3,454.55,449.5,454.55,650,57980,20.065268,24238.35,24650.0,24550,ATM+8,PUT,24150,2026-07-17
2026-07-17 11:09:00+05:30,452.75,454.55,451.45,451.45,195,57980,20.017787,24241.9,24650.0,24550,ATM+8,PUT,24150,2026-07-17
2026-07-17 11:10:00+05:30,454.45,456.9,451.45,455.75,585,57525,20.269934,24238.9,24650.0,24550,ATM+8,PUT,24150,2026-07-17
2026-07-17 11:11:00+05:30,456.0,456.0,451.45,452.15,2470,57330,19.998012,24240.75,24650.0,24550,ATM+8,PUT,24150,2026-07-17
2026-07-17 11:12:00+05:30,452.3,454.25,452.05,452.8,845,58175,20.17062,24241.7,24650.0,24550,ATM+8,PUT,24150,2026-07-17
2026-07-17 11:13:00+05:30,459.95,460.0,452.8,460.0,195,58435,20.706219,24237.9,24650.0,24550,ATM+8,PUT,24150,2026-07-17
2026-07-17 11:14:00+05:30,459.9,460.0,451.45,451.45,390,58760,19.421784,24235.7,24650.0,24550,ATM+8,PUT,24150,2026-07-17
2026-07-17 11:15:00+05:30,451.45,451.45,451.45,451.45,0,58760,19.741568,24238.95,24650.0,24550,ATM+8,PUT,24150,2026-07-17
2026-07-17 11:16:00+05:30,455.9,459.9,451.45,459.75,975,58630,20.438779,24235.35,24650.0,24550,ATM+8,PUT,24150,2026-07-17
2026-07-17 11:17:00+05:30,458.55,459.75,458.55,459.05,1300,58240,20.743504,24239.5,24650.0,24550,ATM+8,PUT,24150,2026-07-17
2026-07-17 11:18:00+05:30,459.4,461.1,457.15,461.1,780,57915,20.754883,24236.9,24650.0,24550,ATM+8,PUT,24150,2026-07-17
2026-07-17 11:19:00+05:30,462.6,462.6,456.15,456.35,455,57915,20.613901,24241.65,24650.0,24550,ATM+8,PUT,24150,2026-07-17
2026-07-17 11:20:00+05:30,456.6,458.2,455.6,456.7,910,57980,20.667539,24241.75,24650.0,24550,ATM+8,PUT,24150,2026-07-17
2026-07-17 11:21:00+05:30,457.4,458.05,456.7,457.9,455,57980,20.811494,24241.7,24650.0,24550,ATM+8,PUT,24150,2026-07-17
2026-07-17 11:22:00+05:30,446.4,457.9,446.4,454.5,585,57980,21.106483,24249.45,24650.0,24550,ATM+8,PUT,24150,2026-07-17
2026-07-17 11:23:00+05:30,458.7,459.9,454.5,459.9,520,57980,20.758072,24238.45,24650.0,24550,ATM+8,PUT,24150,2026-07-17
2026-07-17 11:24:00+05:30,457.7,459.9,450.75,450.75,260,57330,20.354502,24246.2,24650.0,24550,ATM+8,PUT,24150,2026-07-17
2026-07-17 11:25:00+05:30,453.6,453.6,450.75,453.6,3250,57330,20.380247,24242.7,24650.0,24550,ATM+8,PUT,24150,2026-07-17
2026-07-17 11:26:00+05:30,458.45,458.45,453.6,457.95,260,59800,20.796341,24241.4,24650.0,24550,ATM+8,PUT,24150,2026-07-17
2026-07-17 11:27:00+05:30,452.5,457.95,451.4,454.8,585,59800,20.605491,24243.5,24650.0,24550,ATM+8,PUT,24150,2026-07-17
2026-07-17 11:28:00+05:30,454.8,454.8,454.8,454.8,130,59150,20.763977,24245.2,24650.0,24550,ATM+8,PUT,24150,2026-07-17
2026-07-17 11:29:00+05:30,453.8,454.8,449.0,453.9,780,59085,20.450482,24243.0,24650.0,24550,ATM+8,PUT,24150,2026-07-17
2026-07-17 11:30:00+05:30,453.9,453.9,453.9,453.9,0,59085,20.55904,24244.15,24650.0,24550,ATM+8,PUT,24150,2026-07-17
2026-07-17 11:31:00+05:30,454.65,456.4,453.65,455.0,845,59215,20.884044,24246.2,24650.0,24550,ATM+8,PUT,24150,2026-07-17
2026-07-17 11:32:00+05:30,451.95,455.0,451.85,455.0,585,59345,20.576,24242.85,24650.0,24550,ATM+8,PUT,24150,2026-07-17
2026-07-17 11:33:00+05:30,455.0,455.0,455.0,455.0,0,59345,21.136429,24248.95,24650.0,24550,ATM+8,PUT,24150,2026-07-17
2026-07-17 11:34:00+05:30,449.15,455.0,440.7,444.5,4355,59540,20.193235,24252.6,24650.0,24550,ATM+8,PUT,24150,2026-07-17
2026-07-17 11:35:00+05:30,444.15,444.5,440.25,440.25,195,62140,20.222611,24258.55,24650.0,24550,ATM+8,PUT,24150,2026-07-17
2026-07-17 11:36:00+05:30,446.1,446.1,440.25,446.1,195,62140,20.229932,24250.85,24650.0,24550,ATM+8,PUT,24150,2026-07-17
2026-07-17 11:37:00+05:30,447.3,452.85,446.1,452.85,715,62205,20.693685,24246.9,24650.0,24550,ATM+8,PUT,24150,2026-07-17
2026-07-17 11:38:00+05:30,451.75,452.85,449.15,449.15,260,62075,20.638014,24251.2,24650.0,24550,ATM+8,PUT,24150,2026-07-17
2026-07-17 11:39:00+05:30,444.15,449.15,442.25,442.25,390,62400,20.333997,24257.05,24650.0,24550,ATM+8,PUT,24150,2026-07-17
2026-07-17 11:40:00+05:30,440.75,443.05,440.75,441.4,455,62270,20.364169,24258.5,24650.0,24550,ATM+8,PUT,24150,2026-07-17
2026-07-17 11:41:00+05:30,437.75,441.4,437.75,441.35,7020,62270,20.790767,24263.3,24650.0,24550,ATM+8,PUT,24150,2026-07-17
2026-07-17 11:42:00+05:30,433.8,441.35,433.8,439.0,1430,68640,20.339034,24261.4,24650.0,24550,ATM+8,PUT,24150,2026-07-17
2026-07-17 11:43:00+05:30,434.95,439.0,434.95,438.75,910,69290,20.373386,24262.1,24650.0,24550,ATM+8,PUT,24150,2026-07-17
2026-07-17 11:44:00+05:30,433.0,438.75,433.0,433.0,65,69355,20.140342,24267.2,24650.0,24550,ATM+8,PUT,24150,2026-07-17
2026-07-17 11:45:00+05:30,430.05,433.0,430.05,430.65,845,69875,20.248654,24271.55,24650.0,24550,ATM+8,PUT,24150,2026-07-17
2026-07-17 11:46:00+05:30,431.8,434.25,430.65,434.05,585,69875,20.434662,24269.05,24650.0,24550,ATM+8,PUT,24150,2026-07-17
2026-07-17 11:47:00+05:30,436.8,436.8,434.05,435.75,325,70200,20.399045,24266.35,24650.0,24550,ATM+8,PUT,24150,2026-07-17
2026-07-17 11:48:00+05:30,432.0,435.75,432.0,433.0,715,70200,20.185903,24267.65,24650.0,24550,ATM+8,PUT,24150,2026-07-17
2026-07-17 11:49:00+05:30,433.75,433.75,433.0,433.25,260,69940,20.217305,24267.65,24650.0,24550,ATM+8,PUT,24150,2026-07-17
2026-07-17 11:50:00+05:30,433.75,433.75,433.25,433.75,130,70135,20.54131,24270.6,24650.0,24550,ATM+8,PUT,24150,2026-07-17
2026-07-17 11:51:00+05:30,430.85,433.75,428.75,429.1,455,70135,20.141733,24272.35,24650.0,24550,ATM+8,PUT,24150,2026-07-17
2026-07-17 11:52:00+05:30,425.0,429.1,425.0,425.0,65,70395,19.784006,24273.85,24650.0,24550,ATM+8,PUT,24150,2026-07-17
2026-07-17 11:53:00+05:30,470.0,472.15,466.45,469.6,2795,110305,21.045188,24278.7,24700.0,24550,ATM+8,PUT,24150,2026-07-17
2026-07-17 11:54:00+05:30,468.15,470.75,468.15,470.75,845,110175,21.217119,24279.0,24700.0,24550,ATM+8,PUT,24150,2026-07-17
2026-07-17 11:55:00+05:30,427.4,428.3,423.55,427.55,585,70330,20.179146,24274.8,24650.0,24550,ATM+8,PUT,24150,2026-07-17
2026-07-17 11:56:00+05:30,477.0,477.85,471.15,471.15,455,110175,21.394894,24280.35,24700.0,24550,ATM+8,PUT,24150,2026-07-17
2026-07-17 11:57:00+05:30,471.55,471.55,468.5,468.9,1040,110435,21.024832,24279.35,24700.0,24550,ATM+8,PUT,24150,2026-07-17
2026-07-17 11:58:00+05:30,429.0,431.0,423.9,430.55,520,70720,20.557997,24275.0,24650.0,24550,ATM+8,PUT,24150,2026-07-17
2026-07-17 11:59:00+05:30,476.95,477.05,474.3,475.5,195,110045,21.701351,24277.85,24700.0,24550,ATM+8,PUT,24150,2026-07-17
2026-07-17 12:00:00+05:30,426.15,432.0,426.15,432.0,260,70655,20.371697,24270.9,24650.0,24550,ATM+8,PUT,24150,2026-07-17
2026-07-17 12:01:00+05:30,434.1,434.35,432.0,434.25,845,70525,20.397746,24268.15,24650.0,24550,ATM+8,PUT,24150,2026-07-17
2026-07-17 12:02:00+05:30,435.6,436.0,434.25,436.0,195,70785,20.53326,24267.3,24650.0,24550,ATM+8,PUT,24150,2026-07-17
2026-07-17 12:03:00+05:30,482.0,484.35,474.7,474.7,1170,110175,21.389717,24275.5,24700.0,24550,ATM+8,PUT,24150,2026-07-17
2026-07-17 12:04:00+05:30,428.0,428.2,427.0,427.45,260,70720,20.183054,24274.85,24650.0,24550,ATM+8,PUT,24150,2026-07-17
2026-07-17 12:05:00+05:30,430.55,430.55,427.45,430.55,130,70785,20.501315,24274.25,24650.0,24550,ATM+8,PUT,24150,2026-07-17
2026-07-17 12:06:00+05:30,433.0,437.7,430.55,437.7,260,70785,20.786175,24267.8,24650.0,24550,ATM+8,PUT,24150,2026-07-17
2026-07-17 12:07:00+05:30,437.0,437.7,436.9,436.9,195,70655,20.293134,24263.35,24650.0,24550,ATM+8,PUT,24150,2026-07-17
2026-07-17 12:08:00+05:30,441.75,441.75,436.9,439.75,1170,70590,21.05904,24268.1,24650.0,24550,ATM+8,PUT,24150,2026-07-17
2026-07-17 12:09:00+05:30,433.3,439.75,432.3,432.3,260,70070,20.710066,24274.2,24650.0,24550,ATM+8,PUT,24150,2026-07-17
2026-07-17 12:10:00+05:30,428.0,432.3,427.15,429.9,650,70330,20.408302,24274.0,24650.0,24550,ATM+8,PUT,24150,2026-07-17
2026-07-17 12:11:00+05:30,430.5,434.0,429.9,434.0,520,70330,20.682336,24271.55,24650.0,24550,ATM+8,PUT,24150,2026-07-17
2026-07-17 12:12:00+05:30,481.15,482.55,477.6,479.35,780,112580,22.01094,24275.9,24700.0,24550,ATM+8,PUT,24150,2026-07-17
2026-07-17 12:13:00+05:30,430.0,434.9,430.0,434.9,130,70330,20.699726,24270.5,24650.0,24550,ATM+8,PUT,24150,2026-07-17
2026-07-17 12:14:00+05:30,483.05,483.05,475.45,477.7,390,112970,21.871748,24276.55,24700.0,24550,ATM+8,PUT,24150,2026-07-17
2026-07-17 12:15:00+05:30,476.0,477.7,476.0,476.0,650,112905,22.027425,24280.5,24700.0,24550,ATM+8,PUT,24150,2026-07-17
2026-07-17 12:16:00+05:30,428.35,434.0,427.9,434.0,715,70525,20.929334,24274.3,24650.0,24550,ATM+8,PUT,24150,2026-07-17
2026-07-17 12:17:00+05:30,434.95,439.1,434.0,437.45,520,70460,21.1559,24272.2,24650.0,24550,ATM+8,PUT,24150,2026-07-17
2026-07-17 12:18:00+05:30,482.0,485.05,478.4,478.4,1430,114790,21.880104,24275.65,24700.0,24550,ATM+8,PUT,24150,2026-07-17
2026-07-17 12:19:00+05:30,478.35,481.0,478.35,481.0,585,114790,22.180981,24275.45,24700.0,24550,ATM+8,PUT,24150,2026-07-17
2026-07-17 12:20:00+05:30,481.25,481.25,479.55,481.25,455,114855,22.690581,24280.75,24700.0,24550,ATM+8,PUT,24150,2026-07-17
2026-07-17 12:21:00+05:30,481.25,481.25,481.15,481.15,1040,115115,22.568469,24279.5,24700.0,24550,ATM+8,PUT,24150,2026-07-17
2026-07-17 12:22:00+05:30,433.1,433.1,433.1,433.1,0,70720,20.620403,24271.9,24650.0,24550,ATM+8,PUT,24150,2026-07-17
2026-07-17 12:23:00+05:30,479.0,484.35,474.25,474.85,975,113880,21.949032,24281.05,24700.0,24550,ATM+8,PUT,24150,2026-07-17
2026-07-17 12:24:00+05:30,473.7,474.85,473.7,474.2,845,114790,21.935177,24281.75,24700.0,24550,ATM+8,PUT,24150,2026-07-17
2026-07-17 12:25:00+05:30,472.0,474.2,465.3,474.0,2340,114205,21.631787,24278.7,24700.0,24550,ATM+8,PUT,24150,2026-07-17
2026-07-17 12:26:00+05:30,475.7,475.7,473.85,473.85,260,114465,21.484344,24277.3,24700.0,24550,ATM+8,PUT,24150,2026-07-17
2026-07-17 12:27:00+05:30,475.75,475.75,473.25,474.05,520,114400,21.626786,24278.55,24700.0,24550,ATM+8,PUT,24150,2026-07-17
2026-07-17 12:28:00+05:30,473.0,475.45,472.05,473.95,2340,114335,21.555417,24277.9,24700.0,24550,ATM+8,PUT,24150,2026-07-17
2026-07-17 12:29:00+05:30,477.2,478.0,473.95,477.15,585,116415,21.926762,24277.65,24700.0,24550,ATM+8,PUT,24150,2026-07-17
2026-07-17 12:30:00+05:30,430.0,432.85,430.0,432.85,130,70850,20.833818,24274.55,24650.0,24550,ATM+8,PUT,24150,2026-07-17
2026-07-17 12:31:00+05:30,477.35,479.35,477.15,477.15,520,115960,21.878912,24277.1,24700.0,24550,ATM+8,PUT,24150,2026-07-17
2026-07-17 12:32:00+05:30,430.35,430.9,430.15,430.25,520,70915,20.456588,24273.75,24650.0,24550,ATM+8,PUT,24150,2026-07-17
2026-07-17 12:33:00+05:30,478.1,479.0,477.9,478.5,195,115765,22.351727,24280.45,24700.0,24550,ATM+8,PUT,24150,2026-07-17
2026-07-17 12:34:00+05:30,473.95,478.5,473.95,473.95,585,115765,21.863985,24281.15,24700.0,24550,ATM+8,PUT,24150,2026-07-17
2026-07-17 12:35:00+05:30,475.0,475.0,473.95,475.0,1885,116350,22.007096,24281.3,24700.0,24550,ATM+8,PUT,24150,2026-07-17
2026-07-17 12:36:00+05:30,475.0,475.0,475.0,475.0,715,115700,22.040392,24281.65,24700.0,24550,ATM+8,PUT,24150,2026-07-17
2026-07-17 12:37:00+05:30,475.0,475.0,475.0,475.0,0,115700,21.789768,24278.9,24700.0,24550,ATM+8,PUT,24150,2026-07-17
2026-07-17 12:38:00+05:30,478.45,480.0,475.0,477.0,260,116350,21.999224,24278.5,24700.0,24550,ATM+8,PUT,24150,2026-07-17
2026-07-17 12:39:00+05:30,476.75,477.0,476.75,476.75,130,116285,21.901078,24277.75,24700.0,24550,ATM+8,PUT,24150,2026-07-17
2026-07-17 12:40:00+05:30,432.0,437.0,432.0,437.0,715,70850,20.636169,24266.55,24650.0,24550,ATM+8,PUT,24150,2026-07-17
2026-07-17 12:41:00+05:30,440.15,441.95,437.0,438.65,650,70525,21.056343,24269.05,24650.0,24550,ATM+8,PUT,24150,2026-07-17
2026-07-17 12:42:00+05:30,477.5,488.0,474.0,474.0,1950,115245,21.78945,24280.15,24700.0,24550,ATM+8,PUT,24150,2026-07-17
2026-07-17 12:43:00+05:30,428.75,428.75,428.75,428.75,0,70590,20.402185,24275.0,24650.0,24550,ATM+8,PUT,24150,2026-07-17
2026-07-17 12:44:00+05:30,478.75,479.25,478.75,478.85,195,113880,22.10086,24277.05,24700.0,24550,ATM+8,PUT,24150,2026-07-17
2026-07-17 12:45:00+05:30,475.0,478.85,470.0,470.75,2275,114075,21.703951,24283.5,24700.0,24550,ATM+8,PUT,24150,2026-07-17
2026-07-17 12:46:00+05:30,470.0,473.0,470.0,473.0,715,115960,21.865673,24282.25,24700.0,24550,ATM+8,PUT,24150,2026-07-17
2026-07-17 12:47:00+05:30,471.0,473.0,471.0,471.65,585,116220,22.093713,24286.55,24700.0,24550,ATM+8,PUT,24150,2026-07-17
2026-07-17 12:48:00+05:30,469.9,471.65,468.0,469.9,1235,115830,21.946528,24287.25,24700.0,24550,ATM+8,PUT,24150,2026-07-17
2026-07-17 12:49:00+05:30,463.5,469.9,443.0,455.85,11245,117325,20.85057,24294.0,24700.0,24550,ATM+8,PUT,24150,2026-07-17
2026-07-17 12:50:00+05:30,461.0,471.3,455.85,470.15,3640,124020,21.646662,24283.6,24700.0,24550,ATM+8,PUT,24150,2026-07-17
2026-07-17 12:51:00+05:30,473.0,475.95,469.9,469.9,5915,123695,21.408658,24281.35,24700.0,24550,ATM+8,PUT,24150,2026-07-17
2026-07-17 12:52:00+05:30,472.8,475.0,469.9,474.7,455,124475,21.852451,24279.75,24700.0,24550,ATM+8,PUT,24150,2026-07-17
2026-07-17 12:53:00+05:30,429.0,432.0,425.1,432.0,780,70915,20.582838,24272.5,24650.0,24550,ATM+8,PUT,24150,2026-07-17
2026-07-17 12:54:00+05:30,432.0,432.0,432.0,432.0,0,70915,20.707877,24273.9,24650.0,24550,ATM+8,PUT,24150,2026-07-17
2026-07-17 12:55:00+05:30,430.8,437.0,430.8,437.0,325,70915,21.067575,24271.2,24650.0,24550,ATM+8,PUT,24150,2026-07-17
2026-07-17 12:56:00+05:30,435.6,437.0,435.6,435.6,130,70915,21.194592,24274.55,24650.0,24550,ATM+8,PUT,24150,2026-07-17
2026-07-17 12:57:00+05:30,478.55,481.4,471.0,471.45,715,120900,21.515085,24280.35,24700.0,24550,ATM+8,PUT,24150,2026-07-17
2026-07-17 12:58:00+05:30,473.55,473.55,471.45,473.55,65,121095,21.645293,24278.95,24700.0,24550,ATM+8,PUT,24150,2026-07-17
2026-07-17 12:59:00+05:30,474.3,474.3,472.0,472.0,1365,121095,21.85809,24283.3,24700.0,24550,ATM+8,PUT,24150,2026-07-17
2026-07-17 13:00:00+05:30,470.0,472.45,470.0,472.45,780,121160,21.868677,24282.8,24700.0,24550,ATM+8,PUT,24150,2026-07-17
2026-07-17 13:01:00+05:30,470.2,472.45,466.75,467.95,845,121615,21.40526,24283.75,24700.0,24550,ATM+8,PUT,24150,2026-07-17
2026-07-17 13:02:00+05:30,471.25,474.0,467.95,474.0,390,122070,21.678461,24278.65,24700.0,24550,ATM+8,PUT,24150,2026-07-17
2026-07-17 13:03:00+05:30,475.0,477.0,473.5,477.0,715,122005,22.236046,24280.7,24700.0,24550,ATM+8,PUT,24150,2026-07-17
2026-07-17 13:04:00+05:30,477.0,477.0,477.0,477.0,0,122005,22.160019,24279.85,24700.0,24550,ATM+8,PUT,24150,2026-07-17
2026-07-17 13:05:00+05:30,476.0,477.0,475.4,475.4,325,121745,22.080469,24281.1,24700.0,24550,ATM+8,PUT,24150,2026-07-17
2026-07-17 13:06:00+05:30,471.5,475.4,471.5,471.5,325,121550,21.866459,24283.95,24700.0,24550,ATM+8,PUT,24150,2026-07-17
2026-07-17 13:07:00+05:30,472.0,480.0,471.5,480.0,715,121355,22.219533,24276.45,24700.0,24550,ATM+8,PUT,24150,2026-07-17
2026-07-17 13:08:00+05:30,478.55,480.0,476.4,478.1,1755,122330,22.290738,24279.75,24700.0,24550,ATM+8,PUT,24150,2026-07-17
2026-07-17 13:09:00+05:30,477.05,478.1,475.2,476.75,650,122265,21.966651,24278.0,24700.0,24550,ATM+8,PUT,24150,2026-07-17
2026-07-17 13:10:00+05:30,476.75,476.75,476.75,476.75,0,122265,22.106111,24279.5,24700.0,24550,ATM+8,PUT,24150,2026-07-17
2026-07-17 13:11:00+05:30,477.0,477.95,473.85,473.85,455,122135,21.732997,24279.3,24700.0,24550,ATM+8,PUT,24150,2026-07-17
2026-07-17 13:12:00+05:30,478.7,478.7,473.85,478.0,780,122005,22.064434,24277.35,24700.0,24550,ATM+8,PUT,24150,2026-07-17
2026-07-17 13:13:00+05:30,477.1,478.0,477.1,477.1,130,121355,21.871735,24276.45,24700.0,24550,ATM+8,PUT,24150,2026-07-17
2026-07-17 13:14:00+05:30,472.1,477.1,472.1,472.1,65,121095,21.82267,24282.55,24700.0,24550,ATM+8,PUT,24150,2026-07-17
2026-07-17 13:15:00+05:30,430.45,442.0,428.35,437.75,1365,76180,21.24531,24271.9,24650.0,24550,ATM+8,PUT,24150,2026-07-17
2026-07-17 13:16:00+05:30,439.05,439.05,434.3,434.3,2925,75855,20.915064,24272.8,24650.0,24550,ATM+8,PUT,24150,2026-07-17
2026-07-17 13:17:00+05:30,481.05,485.0,481.05,482.85,1300,116415,22.486263,24275.4,24700.0,24550,ATM+8,PUT,24150,2026-07-17
2026-07-17 13:18:00+05:30,430.95,434.05,430.95,430.95,65,71500,20.494163,24272.55,24650.0,24550,ATM+8,PUT,24150,2026-07-17
2026-07-17 13:19:00+05:30,437.6,437.6,430.95,437.0,260,71500,21.374675,24274.35,24650.0,24550,ATM+8,PUT,24150,2026-07-17
2026-07-17 13:20:00+05:30,483.75,485.0,481.15,481.15,325,116285,22.456695,24277.3,24700.0,24550,ATM+8,PUT,24150,2026-07-17
2026-07-17 13:21:00+05:30,482.25,483.05,481.15,483.05,845,116285,22.702735,24277.45,24700.0,24550,ATM+8,PUT,24150,2026-07-17
2026-07-17 13:22:00+05:30,437.0,437.0,436.65,437.0,65,71175,21.378894,24274.35,24650.0,24550,ATM+8,PUT,24150,2026-07-17
2026-07-17 13:23:00+05:30,437.0,437.0,437.0,437.0,65,70785,20.916332,24269.05,24650.0,24550,ATM+8,PUT,24150,2026-07-17
2026-07-17 13:24:00+05:30,445.0,445.3,437.0,444.3,650,70785,21.560348,24266.45,24650.0,24550,ATM+8,PUT,24150,2026-07-17
2026-07-17 13:25:00+05:30,443.35,449.0,443.35,447.9,715,70005,22.1764,24268.65,24650.0,24550,ATM+8,PUT,24150,2026-07-17
2026-07-17 13:26:00+05:30,438.7,447.9,438.55,443.3,585,69810,21.316673,24265.0,24650.0,24550,ATM+8,PUT,24150,2026-07-17
2026-07-17 13:27:00+05:30,447.15,447.25,443.3,447.0,390,69810,21.482601,24261.85,24650.0,24550,ATM+8,PUT,24150,2026-07-17
2026-07-17 13:28:00+05:30,447.2,447.2,447.0,447.2,130,69420,21.401673,24260.65,24650.0,24550,ATM+8,PUT,24150,2026-07-17
2026-07-17 13:29:00+05:30,441.95,447.2,441.95,441.95,195,69420,21.362101,24267.3,24650.0,24550,ATM+8,PUT,24150,2026-07-17
2026-07-17 13:30:00+05:30,443.9,443.9,439.95,441.75,260,69290,21.553612,24269.75,24650.0,24550,ATM+8,PUT,24150,2026-07-17
2026-07-17 13:31:00+05:30,443.5,443.5,441.75,443.5,65,69420,21.614741,24268.05,24650.0,24550,ATM+8,PUT,24150,2026-07-17
2026-07-17 13:32:00+05:30,445.35,447.75,443.5,447.75,520,69420,21.98471,24266.5,24650.0,24550,ATM+8,PUT,24150,2026-07-17
2026-07-17 13:33:00+05:30,446.1,447.75,445.3,445.3,325,69355,21.473013,24263.95,24650.0,24550,ATM+8,PUT,24150,2026-07-17
2026-07-17 13:34:00+05:30,448.15,448.15,445.3,448.15,65,69355,21.965809,24265.7,24650.0,24550,ATM+8,PUT,24150,2026-07-17
2026-07-17 13:35:00+05:30,439.0,448.15,439.0,439.0,65,69160,21.044018,24267.6,24650.0,24550,ATM+8,PUT,24150,2026-07-17
2026-07-17 13:36:00+05:30,437.5,439.0,436.35,437.85,650,69030,21.102243,24269.8,24650.0,24550,ATM+8,PUT,24150,2026-07-17
2026-07-17 13:37:00+05:30,439.55,446.85,437.85,446.85,1105,69355,21.729217,24264.7,24650.0,24550,ATM+8,PUT,24150,2026-07-17
2026-07-17 13:38:00+05:30,446.2,446.85,446.2,446.2,325,69420,21.749334,24265.8,24650.0,24550,ATM+8,PUT,24150,2026-07-17
2026-07-17 13:39:00+05:30,445.8,446.2,444.15,444.15,260,69420,21.828705,24269.5,24650.0,24550,ATM+8,PUT,24150,2026-07-17
2026-07-17 13:40:00+05:30,447.4,455.0,444.15,454.2,14300,69550,22.044307,24258.25,24650.0,24550,ATM+8,PUT,24150,2026-07-17
2026-07-17 13:41:00+05:30,454.6,460.0,454.2,456.45,1040,57915,21.99791,24254.65,24650.0,24550,ATM+8,PUT,24150,2026-07-17
2026-07-17 13:42:00+05:30,455.6,460.0,455.6,456.55,520,57850,21.70417,24251.2,24650.0,24550,ATM+8,PUT,24150,2026-07-17
2026-07-17 13:43:00+05:30,460.05,460.65,456.55,457.0,390,57590,21.502662,24248.35,24650.0,24550,ATM+8,PUT,24150,2026-07-17
2026-07-17 13:44:00+05:30,461.25,461.25,455.9,455.9,260,57590,21.900922,24254.25,24650.0,24550,ATM+8,PUT,24150,2026-07-17
2026-07-17 13:45:00+05:30,458.75,458.9,455.85,456.7,520,57980,21.833992,24252.4,24650.0,24550,ATM+8,PUT,24150,2026-07-17
2026-07-17 13:46:00+05:30,456.45,467.0,456.45,467.0,520,57785,22.424984,24245.1,24650.0,24550,ATM+8,PUT,24150,2026-07-17
2026-07-17 13:47:00+05:30,469.0,475.6,467.0,472.7,1430,57655,22.542409,24238.7,24650.0,24550,ATM+8,PUT,24150,2026-07-17
2026-07-17 13:48:00+05:30,471.45,472.7,464.45,465.75,975,57850,22.450756,24247.05,24650.0,24550,ATM+8,PUT,24150,2026-07-17
2026-07-17 13:49:00+05:30,466.7,471.5,465.75,471.5,585,58045,22.512399,24239.95,24650.0,24550,ATM+8,PUT,24150,2026-07-17
2026-07-17 13:50:00+05:30,476.0,476.65,471.5,474.15,325,58370,21.653033,24227.05,24650.0,24550,ATM+8,PUT,24150,2026-07-17
2026-07-17 13:51:00+05:30,428.8,439.8,427.5,436.0,24115,306865,20.591848,24215.95,24600.0,24550,ATM+8,PUT,24150,2026-07-17
2026-07-17 13:52:00+05:30,434.45,436.0,429.0,433.7,6110,301535,20.890214,24222.35,24600.0,24550,ATM+8,PUT,24150,2026-07-17
2026-07-17 13:53:00+05:30,481.55,481.6,476.9,478.95,715,57525,22.455649,24229.25,24650.0,24550,ATM+8,PUT,24150,2026-07-17
2026-07-17 13:54:00+05:30,477.5,478.95,476.9,477.3,4160,57590,22.506461,24232.0,24650.0,24550,ATM+8,PUT,24150,2026-07-17
2026-07-17 13:55:00+05:30,476.0,477.3,473.7,474.2,7995,54145,22.538313,24236.5,24650.0,24550,ATM+8,PUT,24150,2026-07-17
2026-07-17 13:56:00+05:30,471.65,475.7,471.65,474.15,1040,53625,22.192682,24232.75,24650.0,24550,ATM+8,PUT,24150,2026-07-17
2026-07-17 13:57:00+05:30,470.9,474.15,468.0,471.85,780,53690,21.999012,24233.7,24650.0,24550,ATM+8,PUT,24150,2026-07-17
2026-07-17 13:58:00+05:30,468.7,471.85,466.25,466.25,455,52520,21.671148,24237.6,24650.0,24550,ATM+8,PUT,24150,2026-07-17
2026-07-17 13:59:00+05:30,457.85,466.25,449.45,449.95,1105,51870,20.820027,24250.1,24650.0,24550,ATM+8,PUT,24150,2026-07-17
2026-07-17 14:00:00+05:30,454.5,456.55,449.95,452.2,390,51935,20.978609,24248.8,24650.0,24550,ATM+8,PUT,24150,2026-07-17
2026-07-17 14:01:00+05:30,452.25,457.65,452.2,457.65,390,51935,21.465832,24246.8,24650.0,24550,ATM+8,PUT,24150,2026-07-17
2026-07-17 14:02:00+05:30,456.8,461.0,456.8,457.75,845,50700,21.183887,24243.6,24650.0,24550,ATM+8,PUT,24150,2026-07-17
2026-07-17 14:03:00+05:30,457.1,459.55,455.35,455.35,715,50050,21.134975,24246.25,24650.0,24550,ATM+8,PUT,24150,2026-07-17
2026-07-17 14:04:00+05:30,454.0,455.35,448.35,448.35,325,50245,20.651676,24250.35,24650.0,24550,ATM+8,PUT,24150,2026-07-17
2026-07-17 14:05:00+05:30,448.0,449.5,448.0,449.5,260,50310,21.196471,24254.7,24650.0,24550,ATM+8,PUT,24150,2026-07-17
2026-07-17 14:06:00+05:30,449.3,454.3,449.3,454.0,650,50180,21.286763,24249.65,24650.0,24550,ATM+8,PUT,24150,2026-07-17
2026-07-17 14:07:00+05:30,455.5,455.85,454.0,454.05,520,50180,21.422231,24251.05,24650.0,24550,ATM+8,PUT,24150,2026-07-17
2026-07-17 14:08:00+05:30,451.6,457.0,451.6,456.4,455,50245,21.714145,24251.1,24650.0,24550,ATM+8,PUT,24150,2026-07-17
2026-07-17 14:09:00+05:30,453.0,456.4,452.0,452.0,130,50245,21.347804,24252.95,24650.0,24550,ATM+8,PUT,24150,2026-07-17
2026-07-17 14:10:00+05:30,448.9,452.0,448.9,451.85,325,50245,21.426226,24254.0,24650.0,24550,ATM+8,PUT,24150,2026-07-17
2026-07-17 14:11:00+05:30,448.0,451.85,438.15,438.15,1105,50180,20.779759,24265.25,24650.0,24550,ATM+8,PUT,24150,2026-07-17
2026-07-17 14:12:00+05:30,437.2,438.15,430.0,431.05,1300,50375,20.492405,24271.6,24650.0,24550,ATM+8,PUT,24150,2026-07-17
2026-07-17 14:13:00+05:30,479.95,479.95,467.0,467.0,5720,95030,20.762814,24277.25,24700.0,24550,ATM+8,PUT,24150,2026-07-17
2026-07-17 14:14:00+05:30,465.0,468.9,460.0,461.0,4745,98280,20.320103,24280.55,24700.0,24550,ATM+8,PUT,24150,2026-07-17
2026-07-17 14:15:00+05:30,502.0,510.0,440.0,440.0,1300,19175,19.054419,24345.4,24750.0,24550,ATM+8,PUT,24150,2026-07-17
2026-07-17 14:16:00+05:30,423.45,445.15,407.4,416.65,7085,19045,17.781067,24362.9,24750.0,24550,ATM+8,PUT,24150,2026-07-17
2026-07-17 14:17:00+05:30,415.7,434.95,414.65,432.0,4355,21125,18.214276,24347.45,24750.0,24550,ATM+8,PUT,24150,2026-07-17
2026-07-17 14:18:00+05:30,434.3,450.0,432.0,450.0,5070,22360,19.072063,24332.7,24750.0,24550,ATM+8,PUT,24150,2026-07-17
2026-07-17 14:19:00+05:30,405.0,429.5,403.45,429.5,35425,125645,19.036589,24308.45,24700.0,24550,ATM+8,PUT,24150,2026-07-17
2026-07-17 14:20:00+05:30,423.75,429.5,414.8,428.4,14560,125515,19.315836,24312.75,24700.0,24550,ATM+8,PUT,24150,2026-07-17
2026-07-17 14:21:00+05:30,431.85,436.0,422.7,434.7,11570,123565,19.784087,24309.35,24700.0,24550,ATM+8,PUT,24150,2026-07-17
2026-07-17 14:22:00+05:30,439.0,444.0,434.7,444.0,14430,119665,20.152081,24300.95,24700.0,24550,ATM+8,PUT,24150,2026-07-17
2026-07-17 14:23:00+05:30,450.0,452.0,444.0,448.0,11375,116220,19.861637,24292.7,24700.0,24550,ATM+8,PUT,24150,2026-07-17
2026-07-17 14:24:00+05:30,452.45,454.0,444.15,444.15,4420,114010,19.918791,24298.3,24700.0,24550,ATM+8,PUT,24150,2026-07-17
2026-07-17 14:25:00+05:30,446.05,447.0,430.0,433.75,15925,114010,19.472791,24307.3,24700.0,24550,ATM+8,PUT,24150,2026-07-17
2026-07-17 14:26:00+05:30,435.2,435.2,426.65,431.05,4030,121810,19.513168,24311.25,24700.0,24550,ATM+8,PUT,24150,2026-07-17
2026-07-17 14:27:00+05:30,431.35,431.4,423.75,423.75,5785,124215,18.553511,24310.95,24700.0,24550,ATM+8,PUT,24150,2026-07-17
2026-07-17 14:28:00+05:30,426.55,427.35,418.5,427.35,6435,126945,18.874813,24309.5,24700.0,24550,ATM+8,PUT,24150,2026-07-17
2026-07-17 14:29:00+05:30,433.4,454.45,427.35,449.1,14755,122265,19.482173,24287.4,24700.0,24550,ATM+8,PUT,24150,2026-07-17
2026-07-17 14:30:00+05:30,447.1,449.1,433.05,435.45,12090,119470,19.437404,24304.65,24700.0,24550,ATM+8,PUT,24150,2026-07-17
2026-07-17 14:31:00+05:30,433.0,440.6,432.0,440.6,3380,121875,19.670527,24300.3,24700.0,24550,ATM+8,PUT,24150,2026-07-17
2026-07-17 14:32:00+05:30,437.95,443.0,436.75,443.0,2535,122070,19.865232,24299.15,24700.0,24550,ATM+8,PUT,24150,2026-07-17
2026-07-17 14:33:00+05:30,440.55,443.0,436.8,437.35,3640,120250,18.776091,24295.55,24700.0,24550,ATM+8,PUT,24150,2026-07-17
2026-07-17 14:34:00+05:30,440.2,440.2,435.0,437.45,3510,119860,19.039942,24298.0,24700.0,24550,ATM+8,PUT,24150,2026-07-17
2026-07-17 14:35:00+05:30,439.15,439.15,437.45,437.9,260,119860,19.16501,24298.65,24700.0,24550,ATM+8,PUT,24150,2026-07-17
2026-07-17 14:36:00+05:30,440.0,446.65,437.9,442.45,4810,118365,19.21435,24293.25,24700.0,24550,ATM+8,PUT,24150,2026-07-17
2026-07-17 14:37:00+05:30,444.35,446.35,439.5,442.0,4290,117975,19.136332,24293.05,24700.0,24550,ATM+8,PUT,24150,2026-07-17
2026-07-17 14:38:00+05:30,446.0,446.7,435.05,439.6,1365,114465,19.418181,24298.95,24700.0,24550,ATM+8,PUT,24150,2026-07-17
2026-07-17 14:39:00+05:30,439.9,440.1,438.0,438.0,1300,114400,19.107318,24297.9,24700.0,24550,ATM+8,PUT,24150,2026-07-17
2026-07-17 14:40:00+05:30,437.0,438.0,433.35,438.0,1885,115375,19.515877,24302.0,24700.0,24550,ATM+8,PUT,24150,2026-07-17
2026-07-17 14:41:00+05:30,437.45,438.0,427.4,427.4,3380,116480,19.127061,24311.85,24700.0,24550,ATM+8,PUT,24150,2026-07-17
2026-07-17 14:42:00+05:30,426.85,432.2,425.95,425.95,4030,118105,18.799904,24310.4,24700.0,24550,ATM+8,PUT,24150,2026-07-17
2026-07-17 14:43:00+05:30,424.0,428.85,418.75,427.5,8320,122135,19.166501,24312.1,24700.0,24550,ATM+8,PUT,24150,2026-07-17
2026-07-17 14:44:00+05:30,426.25,427.5,417.05,419.05,4745,123760,18.631743,24317.65,24700.0,24550,ATM+8,PUT,24150,2026-07-17
2026-07-17 14:45:00+05:30,418.85,422.65,418.85,419.0,2275,124085,18.807264,24319.5,24700.0,24550,ATM+8,PUT,24150,2026-07-17
2026-07-17 14:46:00+05:30,470.5,470.5,459.1,461.55,585,22165,19.842447,24325.05,24750.0,24550,ATM+8,PUT,24150,2026-07-17
2026-07-17 14:47:00+05:30,418.8,419.35,414.05,418.0,3250,124670,18.885955,24321.6,24700.0,24550,ATM+8,PUT,24150,2026-07-17
2026-07-17 14:48:00+05:30,417.55,423.85,417.5,419.3,2925,125255,18.921424,24320.25,24700.0,24550,ATM+8,PUT,24150,2026-07-17
2026-07-17 14:49:00+05:30,419.1,419.3,414.0,415.4,2795,126880,18.790741,24324.0,24700.0,24550,ATM+8,PUT,24150,2026-07-17
2026-07-17 14:50:00+05:30,416.8,423.9,415.4,420.45,3380,127465,19.045092,24320.0,24700.0,24550,ATM+8,PUT,24150,2026-07-17
2026-07-17 14:51:00+05:30,417.95,425.0,417.6,425.0,1105,127465,19.337048,24317.05,24700.0,24550,ATM+8,PUT,24150,2026-07-17
2026-07-17 14:52:00+05:30,421.15,425.0,419.7,422.35,2275,127660,19.2485,24319.6,24700.0,24550,ATM+8,PUT,24150,2026-07-17
2026-07-17 14:53:00+05:30,423.0,429.95,421.0,421.05,11245,126165,19.172171,24320.5,24700.0,24550,ATM+8,PUT,24150,2026-07-17
2026-07-17 14:54:00+05:30,423.05,428.05,421.05,422.5,1300,126815,19.39792,24320.95,24700.0,24550,ATM+8,PUT,24150,2026-07-17
2026-07-17 14:55:00+05:30,467.6,470.2,467.6,467.6,130,23465,20.872736,24327.4,24750.0,24550,ATM+8,PUT,24150,2026-07-17
2026-07-17 14:56:00+05:30,414.0,422.0,408.15,420.05,12740,126360,19.466575,24324.9,24700.0,24550,ATM+8,PUT,24150,2026-07-17
2026-07-17 14:57:00+05:30,416.4,423.75,416.4,420.0,2210,126100,19.149957,24321.6,24700.0,24550,ATM+8,PUT,24150,2026-07-17
2026-07-17 14:58:00+05:30,423.7,426.45,420.0,424.75,2925,125840,19.1987,24315.85,24700.0,24550,ATM+8,PUT,24150,2026-07-17
2026-07-17 14:59:00+05:30,422.65,430.0,422.65,428.25,2340,124150,19.247029,24311.75,24700.0,24550,ATM+8,PUT,24150,2026-07-17
2026-07-17 15:00:00+05:30,427.4,434.0,412.1,412.15,8450,124020,18.360602,24323.7,24700.0,24550,ATM+8,PUT,24150,2026-07-17
2026-07-17 15:01:00+05:30,460.65,465.65,446.3,461.65,2665,23985,19.93035,24325.6,24750.0,24550,ATM+8,PUT,24150,2026-07-17
2026-07-17 15:02:00+05:30,418.0,420.0,411.25,415.95,2275,123565,18.909014,24324.35,24700.0,24550,ATM+8,PUT,24150,2026-07-17
2026-07-17 15:03:00+05:30,418.0,422.0,414.85,422.0,1365,122980,19.059052,24317.95,24700.0,24550,ATM+8,PUT,24150,2026-07-17
2026-07-17 15:04:00+05:30,424.0,424.0,420.05,420.4,2860,123630,19.251482,24322.05,24700.0,24550,ATM+8,PUT,24150,2026-07-17
2026-07-17 15:05:00+05:30,462.05,468.55,461.3,461.35,1040,23855,20.09426,24327.55,24750.0,24550,ATM+8,PUT,24150,2026-07-17
2026-07-17 15:06:00+05:30,460.6,461.35,460.6,460.6,260,23725,20.264197,24330.2,24750.0,24550,ATM+8,PUT,24150,2026-07-17
2026-07-17 15:07:00+05:30,455.0,460.6,455.0,455.05,195,23465,19.956297,24334.3,24750.0,24550,ATM+8,PUT,24150,2026-07-17
2026-07-17 15:08:00+05:30,455.05,455.05,455.05,455.05,0,23465,19.735456,24332.1,24750.0,24550,ATM+8,PUT,24150,2026-07-17
2026-07-17 15:09:00+05:30,463.95,463.95,455.05,463.95,390,23465,21.024126,24333.55,24750.0,24550,ATM+8,PUT,24150,2026-07-17
2026-07-17 15:10:00+05:30,460.05,463.95,460.05,460.55,2145,22945,20.416824,24331.75,24750.0,24550,ATM+8,PUT,24150,2026-07-17
2026-07-17 15:11:00+05:30,459.2,460.55,458.4,459.35,1690,22945,20.313107,24332.25,24750.0,24550,ATM+8,PUT,24150,2026-07-17
2026-07-17 15:12:00+05:30,452.95,459.35,452.95,454.45,130,20215,20.059598,24336.05,24750.0,24550,ATM+8,PUT,24150,2026-07-17
2026-07-17 15:13:00+05:30,457.95,457.95,454.45,457.0,260,20215,20.275455,24334.9,24750.0,24550,ATM+8,PUT,24150,2026-07-17
2026-07-17 15:14:00+05:30,460.7,463.0,457.0,462.6,195,20215,20.388613,24328.75,24750.0,24550,ATM+8,PUT,24150,2026-07-17
2026-07-17 15:15:00+05:30,419.5,428.85,419.15,424.35,5265,125255,19.924698,24323.85,24700.0,24550,ATM+8,PUT,24150,2026-07-17
2026-07-17 15:16:00+05:30,427.5,428.0,423.5,424.35,2535,124670,19.838051,24322.9,24700.0,24550,ATM+8,PUT,24150,2026-07-17
2026-07-17 15:17:00+05:30,472.7,472.7,465.7,468.45,910,19825,20.829386,24325.55,24750.0,24550,ATM+8,PUT,24150,2026-07-17
2026-07-17 15:18:00+05:30,467.55,472.1,467.55,472.1,390,19630,21.60863,24328.8,24750.0,24550,ATM+8,PUT,24150,2026-07-17
2026-07-17 15:19:00+05:30,473.6,473.6,467.5,471.45,455,19630,21.547467,24329.0,24750.0,24550,ATM+8,PUT,24150,2026-07-17
2026-07-17 15:20:00+05:30,471.65,471.65,468.4,468.4,390,19435,21.541361,24332.95,24750.0,24550,ATM+8,PUT,24150,2026-07-17
2026-07-17 15:21:00+05:30,465.8,468.4,457.0,458.95,455,19435,20.363653,24333.15,24750.0,24550,ATM+8,PUT,24150,2026-07-17
2026-07-17 15:22:00+05:30,453.65,458.95,451.0,456.4,455,18980,20.402035,24336.85,24750.0,24550,ATM+8,PUT,24150,2026-07-17
2026-07-17 15:23:00+05:30,451.0,456.4,451.0,453.6,520,18980,20.152376,24337.95,24750.0,24550,ATM+8,PUT,24150,2026-07-17
2026-07-17 15:24:00+05:30,451.6,453.6,442.0,447.8,845,19175,19.886847,24342.8,24750.0,24550,ATM+8,PUT,24150,2026-07-17
2026-07-17 15:25:00+05:30,444.55,447.8,443.2,443.2,130,18915,19.51277,24345.0,24750.0,24550,ATM+8,PUT,24150,2026-07-17
2026-07-17 15:26:00+05:30,440.05,445.6,440.0,445.6,2015,18785,19.605102,24342.8,24750.0,24550,ATM+8,PUT,24150,2026-07-17
2026-07-17 15:27:00+05:30,443.8,445.6,437.6,437.6,1040,20085,18.677158,24344.0,24750.0,24550,ATM+8,PUT,24150,2026-07-17
2026-07-17 15:28:00+05:30,437.75,440.5,428.25,432.7,2275,19045,17.51105,24339.4,24750.0,24550,ATM+8,PUT,24150,2026-07-17
2026-07-17 15:29:00+05:30,433.5,433.5,425.2,425.2,845,19045,17.279319,24346.7,24750.0,24550,ATM+8,PUT,24150,2026-07-17
2026-07-17 09:15:00+05:30,7.25,9.95,4.65,9.95,1305395,5854225,11.127729,24151.25,24600.0,24600,ATM+9,CALL,24150,2026-07-17
2026-07-17 09:16:00+05:30,10.55,10.65,9.3,10.0,1598545,5939635,10.737312,24171.0,24600.0,24600,ATM+9,CALL,24150,2026-07-17
2026-07-17 09:17:00+05:30,7.5,7.9,7.35,7.5,527475,2694250,10.896398,24176.15,24650.0,24600,ATM+9,CALL,24150,2026-07-17
2026-07-17 09:18:00+05:30,7.45,8.45,7.3,8.3,398060,2739230,10.922086,24187.4,24650.0,24600,ATM+9,CALL,24150,2026-07-17
2026-07-17 09:19:00+05:30,8.6,9.15,8.3,8.45,396760,2770040,10.958378,24187.85,24650.0,24600,ATM+9,CALL,24150,2026-07-17
2026-07-17 09:20:00+05:30,8.3,8.65,7.9,8.05,356590,2834065,10.84255,24187.75,24650.0,24600,ATM+9,CALL,24150,2026-07-17
2026-07-17 09:21:00+05:30,8.0,8.05,7.55,7.6,210990,2900950,10.745142,24185.75,24650.0,24600,ATM+9,CALL,24150,2026-07-17
2026-07-17 09:22:00+05:30,7.55,8.0,7.45,7.95,150800,2941185,10.794706,24188.75,24650.0,24600,ATM+9,CALL,24150,2026-07-17
2026-07-17 09:23:00+05:30,7.9,8.0,7.45,7.45,120640,2945865,10.692471,24186.15,24650.0,24600,ATM+9,CALL,24150,2026-07-17
2026-07-17 09:24:00+05:30,7.45,7.95,7.3,7.9,121745,2961465,10.719712,24191.9,24650.0,24600,ATM+9,CALL,24150,2026-07-17
2026-07-17 09:25:00+05:30,7.85,8.45,7.75,8.15,197405,3002870,10.658445,24198.85,24650.0,24600,ATM+9,CALL,24150,2026-07-17
2026-07-17 09:26:00+05:30,8.25,8.55,8.1,8.2,179465,3051360,10.655337,24199.8,24650.0,24600,ATM+9,CALL,24150,2026-07-17
2026-07-17 09:27:00+05:30,8.2,8.65,8.0,8.45,228540,3068195,10.668519,24202.85,24650.0,24600,ATM+9,CALL,24150,2026-07-17
2026-07-17 09:28:00+05:30,8.4,8.55,8.3,8.55,100945,3080545,10.659337,24204.8,24650.0,24600,ATM+9,CALL,24150,2026-07-17
2026-07-17 09:29:00+05:30,8.45,9.0,8.4,9.0,189605,3090750,10.682661,24210.0,24650.0,24600,ATM+9,CALL,24150,2026-07-17
2026-07-17 09:30:00+05:30,9.05,9.2,8.3,8.6,345020,3145415,10.697493,24203.7,24650.0,24600,ATM+9,CALL,24150,2026-07-17
2026-07-17 09:31:00+05:30,8.5,8.7,7.85,7.9,174135,3186430,10.629199,24196.85,24650.0,24600,ATM+9,CALL,24150,2026-07-17
2026-07-17 09:32:00+05:30,7.95,8.35,7.65,8.3,103090,3199170,10.583225,24205.2,24650.0,24600,ATM+9,CALL,24150,2026-07-17
2026-07-17 09:33:00+05:30,8.4,8.75,8.1,8.45,155220,3203915,10.517849,24210.7,24650.0,24600,ATM+9,CALL,24150,2026-07-17
2026-07-17 09:34:00+05:30,8.55,9.1,8.05,8.15,198120,3225365,10.513667,24206.6,24650.0,24600,ATM+9,CALL,24150,2026-07-17
2026-07-17 09:35:00+05:30,8.2,8.3,8.0,8.15,77805,3214445,10.505694,24207.05,24650.0,24600,ATM+9,CALL,24150,2026-07-17
2026-07-17 09:36:00+05:30,8.05,8.3,7.85,8.25,109590,3223545,10.489082,24209.4,24650.0,24600,ATM+9,CALL,24150,2026-07-17
2026-07-17 09:37:00+05:30,8.25,8.65,8.0,8.55,107835,3228680,10.43906,24216.25,24650.0,24600,ATM+9,CALL,24150,2026-07-17
2026-07-17 09:38:00+05:30,8.7,9.0,8.5,8.8,153530,3237845,10.403264,24221.55,24650.0,24600,ATM+9,CALL,24150,2026-07-17
2026-07-17 09:39:00+05:30,8.85,9.0,8.5,8.55,115115,3251365,10.382822,24219.15,24650.0,24600,ATM+9,CALL,24150,2026-07-17
2026-07-17 09:40:00+05:30,8.5,9.05,8.4,8.75,157430,3261245,10.401394,24221.05,24650.0,24600,ATM+9,CALL,24150,2026-07-17
2026-07-17 09:41:00+05:30,8.75,9.15,8.7,8.85,145795,3259555,10.406771,24222.2,24650.0,24600,ATM+9,CALL,24150,2026-07-17
2026-07-17 09:42:00+05:30,8.95,9.2,8.8,8.95,109135,3265860,10.38459,24224.7,24650.0,24600,ATM+9,CALL,24150,2026-07-17
2026-07-17 09:43:00+05:30,6.6,6.95,6.6,6.85,275210,7721090,10.707073,24225.15,24700.0,24600,ATM+9,CALL,24150,2026-07-17
2026-07-17 09:44:00+05:30,7.05,7.55,6.85,7.3,931515,7808840,10.736235,24231.3,24700.0,24600,ATM+9,CALL,24150,2026-07-17
2026-07-17 09:45:00+05:30,7.3,8.45,7.3,7.65,1386840,8120710,10.785128,24234.5,24700.0,24600,ATM+9,CALL,24150,2026-07-17
2026-07-17 09:46:00+05:30,7.7,8.45,7.65,8.15,426660,8273720,10.801727,24241.45,24700.0,24600,ATM+9,CALL,24150,2026-07-17
2026-07-17 09:47:00+05:30,8.05,8.7,8.05,8.15,613405,8299590,10.90315,24236.35,24700.0,24600,ATM+9,CALL,24150,2026-07-17
2026-07-17 09:48:00+05:30,8.1,8.55,8.0,8.25,326755,8342165,10.860987,24240.05,24700.0,24600,ATM+9,CALL,24150,2026-07-17
2026-07-17 09:49:00+05:30,8.3,8.4,7.9,8.0,246675,8376420,10.850171,24236.85,24700.0,24600,ATM+9,CALL,24150,2026-07-17
2026-07-17 09:50:00+05:30,8.1,8.6,8.0,8.3,336700,8452340,10.815463,24243.2,24700.0,24600,ATM+9,CALL,24150,2026-07-17
2026-07-17 09:51:00+05:30,8.3,8.35,7.55,7.55,329095,8473075,10.868708,24228.9,24700.0,24600,ATM+9,CALL,24150,2026-07-17
2026-07-17 09:52:00+05:30,7.65,7.8,7.35,7.35,413465,8485945,10.786048,24229.95,24700.0,24600,ATM+9,CALL,24150,2026-07-17
2026-07-17 09:53:00+05:30,7.45,7.85,7.35,7.75,436540,8516170,10.851173,24233.1,24700.0,24600,ATM+9,CALL,24150,2026-07-17
2026-07-17 09:54:00+05:30,7.8,8.5,7.7,8.2,373815,8428420,10.853019,24240.0,24700.0,24600,ATM+9,CALL,24150,2026-07-17
2026-07-17 09:55:00+05:30,8.15,8.2,7.45,7.55,233480,8493095,10.847367,24230.2,24700.0,24600,ATM+9,CALL,24150,2026-07-17
2026-07-17 09:56:00+05:30,10.3,10.4,9.5,9.65,244465,3417115,10.618276,24223.1,24650.0,24600,ATM+9,CALL,24150,2026-07-17
2026-07-17 09:57:00+05:30,9.65,9.75,9.05,9.2,187590,3431415,10.575356,24219.35,24650.0,24600,ATM+9,CALL,24150,2026-07-17
2026-07-17 09:58:00+05:30,6.75,7.2,6.7,7.2,224965,8394685,10.761212,24229.05,24700.0,24600,ATM+9,CALL,24150,2026-07-17
2026-07-17 09:59:00+05:30,7.2,7.25,6.95,7.2,214630,8387340,10.766044,24228.85,24700.0,24600,ATM+9,CALL,24150,2026-07-17
2026-07-17 10:00:00+05:30,9.9,10.2,9.0,9.05,273715,3430505,10.49074,24221.65,24650.0,24600,ATM+9,CALL,24150,2026-07-17
2026-07-17 10:01:00+05:30,9.05,9.4,8.25,8.35,394680,3423095,10.482914,24212.35,24650.0,24600,ATM+9,CALL,24150,2026-07-17
2026-07-17 10:02:00+05:30,8.5,8.65,8.35,8.35,245505,3418610,10.412917,24215.9,24650.0,24600,ATM+9,CALL,24150,2026-07-17
2026-07-17 10:03:00+05:30,8.45,8.55,8.1,8.35,197860,3405935,10.432858,24214.95,24650.0,24600,ATM+9,CALL,24150,2026-07-17
2026-07-17 10:04:00+05:30,8.35,8.4,8.0,8.15,209690,3416140,10.385117,24214.5,24650.0,24600,ATM+9,CALL,24150,2026-07-17
2026-07-17 10:05:00+05:30,8.15,9.0,8.15,8.9,107965,3392675,10.461485,24221.3,24650.0,24600,ATM+9,CALL,24150,2026-07-17
2026-07-17 10:06:00+05:30,8.85,9.15,8.8,8.9,154180,3392870,10.434102,24222.7,24650.0,24600,ATM+9,CALL,24150,2026-07-17
2026-07-17 10:07:00+05:30,6.45,6.7,6.4,6.6,148460,8098090,10.636718,24225.65,24700.0,24600,ATM+9,CALL,24150,2026-07-17
2026-07-17 10:08:00+05:30,6.55,6.65,6.45,6.65,168480,8112000,10.617401,24227.6,24700.0,24600,ATM+9,CALL,24150,2026-07-17
2026-07-17 10:09:00+05:30,6.75,7.1,6.65,6.85,206180,8119865,10.601826,24231.95,24700.0,24600,ATM+9,CALL,24150,2026-07-17
2026-07-17 10:10:00+05:30,6.85,7.05,6.8,6.9,149695,8136115,10.644242,24230.65,24700.0,24600,ATM+9,CALL,24150,2026-07-17
2026-07-17 10:11:00+05:30,6.9,6.95,6.8,6.9,121290,8185450,10.595239,24233.25,24700.0,24600,ATM+9,CALL,24150,2026-07-17
2026-07-17 10:12:00+05:30,7.0,7.75,6.9,7.75,248820,8188115,10.736721,24239.9,24700.0,24600,ATM+9,CALL,24150,2026-07-17
2026-07-17 10:13:00+05:30,7.75,8.15,7.75,7.8,387140,8208330,10.631282,24246.1,24700.0,24600,ATM+9,CALL,24150,2026-07-17
2026-07-17 10:14:00+05:30,7.7,7.8,7.2,7.2,159770,8266115,10.567749,24239.85,24700.0,24600,ATM+9,CALL,24150,2026-07-17
2026-07-17 10:15:00+05:30,7.25,7.75,7.1,7.6,212745,8272095,10.579963,24245.7,24700.0,24600,ATM+9,CALL,24150,2026-07-17
2026-07-17 10:16:00+05:30,7.65,7.85,7.55,7.55,242840,8269430,10.53715,24247.15,24700.0,24600,ATM+9,CALL,24150,2026-07-17
2026-07-17 10:17:00+05:30,7.6,8.45,7.55,8.35,381810,8304660,10.649003,24253.65,24700.0,24600,ATM+9,CALL,24150,2026-07-17
2026-07-17 10:18:00+05:30,8.25,12.9,8.25,11.85,2096965,8496995,11.139659,24274.45,24700.0,24600,ATM+9,CALL,24150,2026-07-17
2026-07-17 10:19:00+05:30,11.9,12.7,10.25,10.7,1242150,8599045,10.869961,24273.95,24700.0,24600,ATM+9,CALL,24150,2026-07-17
2026-07-17 10:20:00+05:30,10.75,11.3,10.1,10.25,681330,8596445,10.905704,24266.75,24700.0,24600,ATM+9,CALL,24150,2026-07-17
2026-07-17 10:21:00+05:30,10.25,10.5,9.9,10.05,631735,8489910,10.822924,24268.3,24700.0,24600,ATM+9,CALL,24150,2026-07-17
2026-07-17 10:22:00+05:30,10.0,10.1,9.45,9.6,870610,8461570,10.814749,24262.95,24700.0,24600,ATM+9,CALL,24150,2026-07-17
2026-07-17 10:23:00+05:30,9.6,9.6,9.15,9.3,332085,8590985,10.818949,24258.8,24700.0,24600,ATM+9,CALL,24150,2026-07-17
2026-07-17 10:24:00+05:30,9.35,9.35,8.9,9.15,423865,8591700,10.843435,24255.6,24700.0,24600,ATM+9,CALL,24150,2026-07-17
2026-07-17 10:25:00+05:30,9.2,9.8,8.85,9.65,455650,8574280,10.811681,24263.9,24700.0,24600,ATM+9,CALL,24150,2026-07-17
2026-07-17 10:26:00+05:30,9.65,9.8,9.3,9.65,257465,8554520,10.774861,24265.75,24700.0,24600,ATM+9,CALL,24150,2026-07-17
2026-07-17 10:27:00+05:30,9.7,10.1,9.5,9.65,324870,8566220,10.736989,24267.65,24700.0,24600,ATM+9,CALL,24150,2026-07-17
2026-07-17 10:28:00+05:30,9.65,10.3,9.65,10.15,502840,8675745,10.752601,24273.3,24700.0,24600,ATM+9,CALL,24150,2026-07-17
2026-07-17 10:29:00+05:30,7.6,8.45,7.55,8.3,329420,3078985,11.06078,24281.55,24750.0,24600,ATM+9,CALL,24150,2026-07-17
2026-07-17 10:30:00+05:30,8.2,8.3,7.6,7.85,191165,3079960,10.967462,24279.4,24750.0,24600,ATM+9,CALL,24150,2026-07-17
2026-07-17 10:31:00+05:30,7.9,8.4,7.85,8.3,427310,3073200,11.03219,24283.1,24750.0,24600,ATM+9,CALL,24150,2026-07-17
2026-07-17 10:32:00+05:30,8.3,8.85,8.1,8.15,365755,3078790,10.946869,24285.2,24750.0,24600,ATM+9,CALL,24150,2026-07-17
2026-07-17 10:33:00+05:30,8.1,8.15,7.5,7.55,447460,3064620,10.872135,24279.65,24750.0,24600,ATM+9,CALL,24150,2026-07-17
2026-07-17 10:34:00+05:30,7.55,8.05,7.5,8.0,130260,3059680,10.921268,24284.3,24750.0,24600,ATM+9,CALL,24150,2026-07-17
2026-07-17 10:35:00+05:30,11.05,11.1,9.5,9.5,369005,9062495,10.611809,24272.2,24700.0,24600,ATM+9,CALL,24150,2026-07-17
2026-07-17 10:36:00+05:30,9.45,9.65,9.25,9.4,287430,9019920,10.579937,24272.5,24700.0,24600,ATM+9,CALL,24150,2026-07-17
2026-07-17 10:37:00+05:30,9.4,9.6,8.9,8.9,306020,8998470,10.55144,24267.25,24700.0,24600,ATM+9,CALL,24150,2026-07-17
2026-07-17 10:38:00+05:30,8.9,9.3,8.7,9.1,272545,8990930,10.596332,24267.8,24700.0,24600,ATM+9,CALL,24150,2026-07-17
2026-07-17 10:39:00+05:30,9.2,9.3,8.9,9.05,243880,8988915,10.594745,24267.25,24700.0,24600,ATM+9,CALL,24150,2026-07-17
2026-07-17 10:40:00+05:30,9.05,9.4,8.9,9.35,210795,8984560,10.65301,24268.45,24700.0,24600,ATM+9,CALL,24150,2026-07-17
2026-07-17 10:41:00+05:30,9.35,9.45,9.1,9.3,155350,8996260,10.593604,24270.75,24700.0,24600,ATM+9,CALL,24150,2026-07-17
2026-07-17 10:42:00+05:30,9.3,9.45,9.15,9.2,133120,9001330,10.598028,24269.25,24700.0,24600,ATM+9,CALL,24150,2026-07-17
2026-07-17 10:43:00+05:30,9.15,9.2,8.0,8.0,691925,9010755,10.680217,24248.15,24700.0,24600,ATM+9,CALL,24150,2026-07-17
2026-07-17 10:44:00+05:30,8.15,8.5,8.0,8.3,688285,8946730,10.551953,24259.1,24700.0,24600,ATM+9,CALL,24150,2026-07-17
2026-07-17 10:45:00+05:30,8.25,8.4,7.55,7.55,420355,8947510,10.444278,24253.3,24700.0,24600,ATM+9,CALL,24150,2026-07-17
2026-07-17 10:46:00+05:30,7.55,7.8,7.5,7.65,331825,8941920,10.491537,24252.5,24700.0,24600,ATM+9,CALL,24150,2026-07-17
2026-07-17 10:47:00+05:30,7.65,7.95,7.55,7.95,160810,8939710,10.545415,24254.4,24700.0,24600,ATM+9,CALL,24150,2026-07-17
2026-07-17 10:48:00+05:30,7.85,7.95,7.35,7.35,218205,8944715,10.379516,24253.6,24700.0,24600,ATM+9,CALL,24150,2026-07-17
2026-07-17 10:49:00+05:30,7.45,7.5,7.2,7.3,265785,8904350,10.437226,24249.9,24700.0,24600,ATM+9,CALL,24150,2026-07-17
2026-07-17 10:50:00+05:30,7.25,7.65,7.2,7.45,213005,8909160,10.462407,24251.05,24700.0,24600,ATM+9,CALL,24150,2026-07-17
2026-07-17 10:51:00+05:30,7.45,7.45,7.0,7.0,249145,8917285,10.363487,24248.9,24700.0,24600,ATM+9,CALL,24150,2026-07-17
2026-07-17 10:52:00+05:30,7.05,7.3,6.9,7.25,291330,8971170,10.388258,24251.75,24700.0,24600,ATM+9,CALL,24150,2026-07-17
2026-07-17 10:53:00+05:30,7.3,7.65,7.25,7.55,356070,8964410,10.394875,24256.2,24700.0,24600,ATM+9,CALL,24150,2026-07-17
2026-07-17 10:54:00+05:30,7.5,7.55,7.05,7.3,245830,8982740,10.331466,24255.55,24700.0,24600,ATM+9,CALL,24150,2026-07-17
2026-07-17 10:55:00+05:30,7.25,7.4,7.05,7.4,80990,8992360,10.339887,24256.75,24700.0,24600,ATM+9,CALL,24150,2026-07-17
2026-07-17 10:56:00+05:30,7.4,7.7,7.3,7.5,273520,8983065,10.389297,24255.85,24700.0,24600,ATM+9,CALL,24150,2026-07-17
2026-07-17 10:57:00+05:30,7.5,7.55,7.3,7.45,154115,8987615,10.362105,24256.5,24700.0,24600,ATM+9,CALL,24150,2026-07-17
2026-07-17 10:58:00+05:30,7.45,7.7,7.45,7.65,96265,8975850,10.399525,24257.75,24700.0,24600,ATM+9,CALL,24150,2026-07-17
2026-07-17 10:59:00+05:30,7.7,7.7,7.5,7.5,92040,8964085,10.369531,24257.0,24700.0,24600,ATM+9,CALL,24150,2026-07-17
2026-07-17 11:00:00+05:30,7.5,7.9,7.45,7.65,126945,8969415,10.358979,24259.9,24700.0,24600,ATM+9,CALL,24150,2026-07-17
2026-07-17 11:01:00+05:30,7.65,7.8,7.35,7.4,215085,8974225,10.34852,24256.6,24700.0,24600,ATM+9,CALL,24150,2026-07-17
2026-07-17 11:02:00+05:30,7.45,7.45,7.0,7.0,222820,8970585,10.380722,24248.55,24700.0,24600,ATM+9,CALL,24150,2026-07-17
2026-07-17 11:03:00+05:30,7.05,7.35,7.0,7.35,185120,8957780,10.46137,24250.15,24700.0,24600,ATM+9,CALL,24150,2026-07-17
2026-07-17 11:04:00+05:30,7.35,7.6,7.25,7.6,96590,8961030,10.382166,24258.15,24700.0,24600,ATM+9,CALL,24150,2026-07-17
2026-07-17 11:05:00+05:30,7.55,7.9,7.55,7.65,150930,8979425,10.318266,24262.2,24700.0,24600,ATM+9,CALL,24150,2026-07-17
2026-07-17 11:06:00+05:30,7.55,7.75,7.4,7.7,175435,8987680,10.340208,24261.9,24700.0,24600,ATM+9,CALL,24150,2026-07-17
2026-07-17 11:07:00+05:30,7.8,7.8,6.85,6.9,244725,8999120,10.399757,24246.15,24700.0,24600,ATM+9,CALL,24150,2026-07-17
2026-07-17 11:08:00+05:30,6.9,6.9,6.55,6.7,434980,8960770,10.485632,24238.35,24700.0,24600,ATM+9,CALL,24150,2026-07-17
2026-07-17 11:09:00+05:30,6.75,6.85,6.6,6.8,152100,8940750,10.451222,24241.9,24700.0,24600,ATM+9,CALL,24150,2026-07-17
2026-07-17 11:10:00+05:30,6.8,6.9,6.5,6.55,183300,8951995,10.426703,24238.9,24700.0,24600,ATM+9,CALL,24150,2026-07-17
2026-07-17 11:11:00+05:30,6.55,6.9,6.5,6.75,197210,8896745,10.458838,24240.75,24700.0,24600,ATM+9,CALL,24150,2026-07-17
2026-07-17 11:12:00+05:30,6.7,6.95,6.7,6.95,114205,8900190,10.50707,24241.7,24700.0,24600,ATM+9,CALL,24150,2026-07-17
2026-07-17 11:13:00+05:30,6.95,6.95,6.55,6.65,177580,8908315,10.482392,24237.9,24700.0,24600,ATM+9,CALL,24150,2026-07-17
2026-07-17 11:14:00+05:30,6.65,7.05,6.55,6.95,261820,8871135,10.62524,24235.7,24700.0,24600,ATM+9,CALL,24150,2026-07-17
2026-07-17 11:15:00+05:30,6.95,7.15,6.9,7.05,141960,8868600,10.595821,24238.95,24700.0,24600,ATM+9,CALL,24150,2026-07-17
2026-07-17 11:16:00+05:30,7.05,7.05,6.6,6.65,224445,8872370,10.534341,24235.35,24700.0,24600,ATM+9,CALL,24150,2026-07-17
2026-07-17 11:17:00+05:30,6.75,7.0,6.65,6.8,155870,8858525,10.505271,24239.5,24700.0,24600,ATM+9,CALL,24150,2026-07-17
2026-07-17 11:18:00+05:30,6.8,6.8,6.55,6.6,97955,8870225,10.489638,24236.9,24700.0,24600,ATM+9,CALL,24150,2026-07-17
2026-07-17 11:19:00+05:30,6.6,6.85,6.45,6.7,155610,8871980,10.432551,24241.65,24700.0,24600,ATM+9,CALL,24150,2026-07-17
2026-07-17 11:20:00+05:30,6.7,6.9,6.7,6.85,111345,8876855,10.481104,24241.75,24700.0,24600,ATM+9,CALL,24150,2026-07-17
2026-07-17 11:21:00+05:30,6.85,6.85,6.75,6.85,80730,8907600,10.483034,24241.7,24700.0,24600,ATM+9,CALL,24150,2026-07-17
2026-07-17 11:22:00+05:30,6.9,7.3,6.85,7.15,199680,8910915,10.43021,24249.45,24700.0,24600,ATM+9,CALL,24150,2026-07-17
2026-07-17 11:23:00+05:30,7.2,7.2,6.7,6.8,152490,8922030,10.531345,24238.45,24700.0,24600,ATM+9,CALL,24150,2026-07-17
2026-07-17 11:24:00+05:30,6.75,7.15,6.65,7.05,135915,8925670,10.463528,24246.2,24700.0,24600,ATM+9,CALL,24150,2026-07-17
2026-07-17 11:25:00+05:30,7.05,7.15,6.85,6.85,96525,8922160,10.467513,24242.7,24700.0,24600,ATM+9,CALL,24150,2026-07-17
2026-07-17 11:26:00+05:30,6.9,7.0,6.75,6.95,75335,8941400,10.526389,24241.4,24700.0,24600,ATM+9,CALL,24150,2026-07-17
2026-07-17 11:27:00+05:30,7.0,7.2,6.95,7.0,110045,8938540,10.502811,24243.5,24700.0,24600,ATM+9,CALL,24150,2026-07-17
2026-07-17 11:28:00+05:30,7.05,7.15,6.95,7.05,98280,8910005,10.486851,24245.2,24700.0,24600,ATM+9,CALL,24150,2026-07-17
2026-07-17 11:29:00+05:30,7.1,7.4,6.95,6.95,120380,8909355,10.498214,24243.0,24700.0,24600,ATM+9,CALL,24150,2026-07-17
2026-07-17 11:30:00+05:30,6.95,7.2,6.9,7.0,136695,8928205,10.493063,24244.15,24700.0,24600,ATM+9,CALL,24150,2026-07-17
2026-07-17 11:31:00+05:30,7.0,7.0,6.8,7.0,107640,8930805,10.45414,24246.2,24700.0,24600,ATM+9,CALL,24150,2026-07-17
2026-07-17 11:32:00+05:30,7.0,7.05,6.75,6.85,67470,8944455,10.471333,24242.85,24700.0,24600,ATM+9,CALL,24150,2026-07-17
2026-07-17 11:33:00+05:30,6.95,7.1,6.7,7.05,122395,8930415,10.418575,24248.95,24700.0,24600,ATM+9,CALL,24150,2026-07-17
2026-07-17 11:34:00+05:30,7.0,7.35,7.0,7.15,182130,8933535,10.380117,24252.6,24700.0,24600,ATM+9,CALL,24150,2026-07-17
2026-07-17 11:35:00+05:30,7.15,7.6,7.1,7.5,261105,8921120,10.373297,24258.55,24700.0,24600,ATM+9,CALL,24150,2026-07-17
2026-07-17 11:36:00+05:30,7.45,7.65,7.05,7.05,198315,8936525,10.384373,24250.85,24700.0,24600,ATM+9,CALL,24150,2026-07-17
2026-07-17 11:37:00+05:30,7.2,7.2,6.85,6.95,168090,8950435,10.430095,24246.9,24700.0,24600,ATM+9,CALL,24150,2026-07-17
2026-07-17 11:38:00+05:30,6.95,7.25,6.9,7.25,132080,8954140,10.442989,24251.2,24700.0,24600,ATM+9,CALL,24150,2026-07-17
2026-07-17 11:39:00+05:30,7.3,7.55,7.2,7.5,135915,8961940,10.406736,24257.05,24700.0,24600,ATM+9,CALL,24150,2026-07-17
2026-07-17 11:40:00+05:30,7.5,7.55,7.3,7.5,111800,8965125,10.379064,24258.5,24700.0,24600,ATM+9,CALL,24150,2026-07-17
2026-07-17 11:41:00+05:30,7.55,7.95,7.5,7.9,289640,8954725,10.405613,24263.3,24700.0,24600,ATM+9,CALL,24150,2026-07-17
2026-07-17 11:42:00+05:30,7.95,8.05,7.6,7.65,187980,8955375,10.369336,24261.4,24700.0,24600,ATM+9,CALL,24150,2026-07-17
2026-07-17 11:43:00+05:30,7.6,7.9,7.6,7.75,201240,8983325,10.386579,24262.1,24700.0,24600,ATM+9,CALL,24150,2026-07-17
2026-07-17 11:44:00+05:30,7.8,8.25,7.75,8.0,193960,8970260,10.360171,24267.2,24700.0,24600,ATM+9,CALL,24150,2026-07-17
2026-07-17 11:45:00+05:30,7.95,8.35,7.95,8.2,176020,8954010,10.33215,24271.55,24700.0,24600,ATM+9,CALL,24150,2026-07-17
2026-07-17 11:46:00+05:30,8.2,8.25,7.95,8.15,168935,8961550,10.368851,24269.05,24700.0,24600,ATM+9,CALL,24150,2026-07-17
2026-07-17 11:47:00+05:30,8.15,8.15,7.7,7.85,131755,8952710,10.335683,24266.35,24700.0,24600,ATM+9,CALL,24150,2026-07-17
2026-07-17 11:48:00+05:30,7.85,8.1,7.75,7.8,86840,8972015,10.295841,24267.65,24700.0,24600,ATM+9,CALL,24150,2026-07-17
2026-07-17 11:49:00+05:30,7.85,7.95,7.75,7.75,65000,8977345,10.281884,24267.65,24700.0,24600,ATM+9,CALL,24150,2026-07-17
2026-07-17 11:50:00+05:30,7.8,7.9,7.65,7.8,78910,8975460,10.238897,24270.6,24700.0,24600,ATM+9,CALL,24150,2026-07-17
2026-07-17 11:51:00+05:30,7.85,8.05,7.8,7.9,131495,8978710,10.234406,24272.35,24700.0,24600,ATM+9,CALL,24150,2026-07-17
2026-07-17 11:52:00+05:30,7.9,8.35,7.9,8.3,133250,8984170,10.32127,24273.85,24700.0,24600,ATM+9,CALL,24150,2026-07-17
2026-07-17 11:53:00+05:30,6.1,6.35,5.95,6.1,221195,3190070,10.484598,24278.7,24750.0,24600,ATM+9,CALL,24150,2026-07-17
2026-07-17 11:54:00+05:30,6.1,6.3,6.05,6.2,124410,3189355,10.51523,24279.0,24750.0,24600,ATM+9,CALL,24150,2026-07-17
2026-07-17 11:55:00+05:30,8.65,8.65,8.1,8.1,182260,9036235,10.247417,24274.8,24700.0,24600,ATM+9,CALL,24150,2026-07-17
2026-07-17 11:56:00+05:30,5.85,6.3,5.75,6.1,118755,3193905,10.456158,24280.35,24750.0,24600,ATM+9,CALL,24150,2026-07-17
2026-07-17 11:57:00+05:30,6.15,6.2,6.05,6.05,171600,3252990,10.458319,24279.35,24750.0,24600,ATM+9,CALL,24150,2026-07-17
2026-07-17 11:58:00+05:30,8.4,8.4,8.0,8.05,122005,9057165,10.231745,24275.0,24700.0,24600,ATM+9,CALL,24150,2026-07-17
2026-07-17 11:59:00+05:30,5.9,5.95,5.8,5.85,66105,3252080,10.416564,24277.85,24750.0,24600,ATM+9,CALL,24150,2026-07-17
2026-07-17 12:00:00+05:30,8.0,8.3,7.6,7.7,201565,9065355,10.212621,24270.9,24700.0,24600,ATM+9,CALL,24150,2026-07-17
2026-07-17 12:01:00+05:30,7.7,7.9,7.5,7.7,119275,9024535,10.268378,24268.15,24700.0,24600,ATM+9,CALL,24150,2026-07-17
2026-07-17 12:02:00+05:30,7.65,7.7,7.4,7.45,129350,9026225,10.210586,24267.3,24700.0,24600,ATM+9,CALL,24150,2026-07-17
2026-07-17 12:03:00+05:30,5.55,5.9,5.5,5.9,111605,3244930,10.482981,24275.5,24750.0,24600,ATM+9,CALL,24150,2026-07-17
2026-07-17 12:04:00+05:30,8.1,8.35,8.05,8.25,141505,9054175,10.298234,24274.85,24700.0,24600,ATM+9,CALL,24150,2026-07-17
2026-07-17 12:05:00+05:30,8.1,8.25,7.95,8.0,72995,9064770,10.238903,24274.25,24700.0,24600,ATM+9,CALL,24150,2026-07-17
2026-07-17 12:06:00+05:30,8.0,8.0,7.55,7.7,230490,9050535,10.280117,24267.8,24700.0,24600,ATM+9,CALL,24150,2026-07-17
2026-07-17 12:07:00+05:30,7.7,7.8,7.3,7.4,169650,9040850,10.27822,24263.35,24700.0,24600,ATM+9,CALL,24150,2026-07-17
2026-07-17 12:08:00+05:30,7.4,7.65,7.25,7.65,134225,9043125,10.261017,24268.1,24700.0,24600,ATM+9,CALL,24150,2026-07-17
2026-07-17 12:09:00+05:30,7.65,8.05,7.6,7.95,183755,9049625,10.22909,24274.2,24700.0,24600,ATM+9,CALL,24150,2026-07-17
2026-07-17 12:10:00+05:30,8.0,8.3,7.95,8.0,296530,9055670,10.248683,24274.0,24700.0,24600,ATM+9,CALL,24150,2026-07-17
2026-07-17 12:11:00+05:30,8.05,8.05,7.8,7.8,153530,9060740,10.23986,24271.55,24700.0,24600,ATM+9,CALL,24150,2026-07-17
2026-07-17 12:12:00+05:30,5.75,5.9,5.7,5.8,65715,3223740,10.447584,24275.9,24750.0,24600,ATM+9,CALL,24150,2026-07-17
2026-07-17 12:13:00+05:30,8.0,8.15,7.6,7.65,84045,9089145,10.217949,24270.5,24700.0,24600,ATM+9,CALL,24150,2026-07-17
2026-07-17 12:14:00+05:30,5.7,6.0,5.65,5.9,63115,3234205,10.473755,24276.55,24750.0,24600,ATM+9,CALL,24150,2026-07-17
2026-07-17 12:15:00+05:30,5.9,6.0,5.85,5.9,33475,3234205,10.399957,24280.5,24750.0,24600,ATM+9,CALL,24150,2026-07-17
2026-07-17 12:16:00+05:30,8.15,8.25,7.65,7.7,109850,9084140,10.159886,24274.3,24700.0,24600,ATM+9,CALL,24150,2026-07-17
2026-07-17 12:17:00+05:30,7.75,7.85,7.45,7.8,141765,9066980,10.232562,24272.2,24700.0,24600,ATM+9,CALL,24150,2026-07-17
2026-07-17 12:18:00+05:30,5.75,5.95,5.75,5.95,43290,3219450,10.512805,24275.65,24750.0,24600,ATM+9,CALL,24150,2026-07-17
2026-07-17 12:19:00+05:30,5.95,6.0,5.8,5.85,52325,3224585,10.481158,24275.45,24750.0,24600,ATM+9,CALL,24150,2026-07-17
2026-07-17 12:20:00+05:30,5.8,6.0,5.8,5.9,59670,3227445,10.400026,24280.75,24750.0,24600,ATM+9,CALL,24150,2026-07-17
2026-07-17 12:21:00+05:30,5.95,5.95,5.8,5.8,38870,3233360,10.388271,24279.5,24750.0,24600,ATM+9,CALL,24150,2026-07-17
2026-07-17 12:22:00+05:30,7.9,7.95,7.7,7.9,64025,9118330,10.272932,24271.9,24700.0,24600,ATM+9,CALL,24150,2026-07-17
2026-07-17 12:23:00+05:30,5.85,6.15,5.8,6.05,99840,3231865,10.451106,24281.05,24750.0,24600,ATM+9,CALL,24150,2026-07-17
2026-07-17 12:24:00+05:30,6.1,6.3,6.05,6.2,166790,3226860,10.491875,24281.75,24750.0,24600,ATM+9,CALL,24150,2026-07-17
2026-07-17 12:25:00+05:30,6.15,6.7,6.1,6.2,338455,3225365,10.551056,24278.7,24750.0,24600,ATM+9,CALL,24150,2026-07-17
2026-07-17 12:26:00+05:30,6.25,6.35,6.05,6.05,142090,3210480,10.525314,24277.3,24750.0,24600,ATM+9,CALL,24150,2026-07-17
2026-07-17 12:27:00+05:30,6.05,6.35,6.05,6.15,78650,3212365,10.538167,24278.55,24750.0,24600,ATM+9,CALL,24150,2026-07-17
2026-07-17 12:28:00+05:30,6.2,6.35,6.15,6.2,107315,3209960,10.569247,24277.9,24750.0,24600,ATM+9,CALL,24150,2026-07-17
2026-07-17 12:29:00+05:30,6.25,6.25,6.05,6.1,80275,3221920,10.539462,24277.65,24750.0,24600,ATM+9,CALL,24150,2026-07-17
2026-07-17 12:30:00+05:30,8.4,8.45,8.1,8.35,167375,9182875,10.357936,24274.55,24700.0,24600,ATM+9,CALL,24150,2026-07-17
2026-07-17 12:31:00+05:30,6.1,6.2,6.0,6.1,69290,3221010,10.551883,24277.1,24750.0,24600,ATM+9,CALL,24150,2026-07-17
2026-07-17 12:32:00+05:30,8.45,8.55,8.15,8.15,186940,9178260,10.318425,24273.75,24700.0,24600,ATM+9,CALL,24150,2026-07-17
2026-07-17 12:33:00+05:30,6.05,6.25,6.0,6.2,91260,3222895,10.525449,24280.45,24750.0,24600,ATM+9,CALL,24150,2026-07-17
2026-07-17 12:34:00+05:30,6.25,6.45,6.2,6.2,94055,3221920,10.513053,24281.15,24750.0,24600,ATM+9,CALL,24150,2026-07-17
2026-07-17 12:35:00+05:30,6.25,6.35,6.1,6.2,42965,3218930,10.511161,24281.3,24750.0,24600,ATM+9,CALL,24150,2026-07-17
2026-07-17 12:36:00+05:30,6.15,6.25,6.05,6.1,43030,3217955,10.470068,24281.65,24750.0,24600,ATM+9,CALL,24150,2026-07-17
2026-07-17 12:37:00+05:30,6.1,6.15,5.9,5.9,62530,3222180,10.451493,24278.9,24750.0,24600,ATM+9,CALL,24150,2026-07-17
2026-07-17 12:38:00+05:30,5.9,5.95,5.75,5.9,52130,3224975,10.460046,24278.5,24750.0,24600,ATM+9,CALL,24150,2026-07-17
2026-07-17 12:39:00+05:30,5.95,6.0,5.8,5.85,63700,3222830,10.457012,24277.75,24750.0,24600,ATM+9,CALL,24150,2026-07-17
2026-07-17 12:40:00+05:30,7.95,8.1,7.6,7.6,117585,9126585,10.307399,24266.55,24700.0,24600,ATM+9,CALL,24150,2026-07-17
2026-07-17 12:41:00+05:30,7.7,7.8,7.35,7.8,211965,9122815,10.318604,24269.05,24700.0,24600,ATM+9,CALL,24150,2026-07-17
2026-07-17 12:42:00+05:30,5.75,5.95,5.7,5.95,70915,3218670,10.450711,24280.15,24750.0,24600,ATM+9,CALL,24150,2026-07-17
2026-07-17 12:43:00+05:30,8.2,8.2,7.75,7.8,113945,9137570,10.201199,24275.0,24700.0,24600,ATM+9,CALL,24150,2026-07-17
2026-07-17 12:44:00+05:30,5.75,5.95,5.75,5.85,41405,3230695,10.475122,24277.05,24750.0,24600,ATM+9,CALL,24150,2026-07-17
2026-07-17 12:45:00+05:30,5.9,6.4,5.85,6.25,201890,3236740,10.496372,24283.5,24750.0,24600,ATM+9,CALL,24150,2026-07-17
2026-07-17 12:46:00+05:30,6.3,6.3,6.15,6.2,71500,3235505,10.503712,24282.25,24750.0,24600,ATM+9,CALL,24150,2026-07-17
2026-07-17 12:47:00+05:30,6.2,6.35,6.2,6.3,71240,3239860,10.457268,24286.55,24750.0,24600,ATM+9,CALL,24150,2026-07-17
2026-07-17 12:48:00+05:30,6.3,6.45,6.2,6.4,102830,3245060,10.479366,24287.25,24750.0,24600,ATM+9,CALL,24150,2026-07-17
2026-07-17 12:49:00+05:30,6.55,7.35,6.4,6.85,687115,3247790,10.501127,24294.0,24750.0,24600,ATM+9,CALL,24150,2026-07-17
2026-07-17 12:50:00+05:30,6.85,6.85,6.1,6.1,383370,3290950,10.44644,24283.6,24750.0,24600,ATM+9,CALL,24150,2026-07-17
2026-07-17 12:51:00+05:30,6.05,6.15,5.9,6.05,201760,3282630,10.472535,24281.35,24750.0,24600,ATM+9,CALL,24150,2026-07-17
2026-07-17 12:52:00+05:30,6.0,6.05,5.75,5.8,169195,3269695,10.413414,24279.75,24750.0,24600,ATM+9,CALL,24150,2026-07-17
2026-07-17 12:53:00+05:30,7.95,8.05,7.55,7.6,235040,9347975,10.20104,24272.5,24700.0,24600,ATM+9,CALL,24150,2026-07-17
2026-07-17 12:54:00+05:30,7.7,7.75,7.55,7.65,108485,9335625,10.189014,24273.9,24700.0,24600,ATM+9,CALL,24150,2026-07-17
2026-07-17 12:55:00+05:30,7.65,8.0,7.55,7.6,118365,9340890,10.228942,24271.2,24700.0,24600,ATM+9,CALL,24150,2026-07-17
2026-07-17 12:56:00+05:30,7.6,7.95,7.6,7.85,76310,9345050,10.237471,24274.55,24700.0,24600,ATM+9,CALL,24150,2026-07-17
2026-07-17 12:57:00+05:30,5.75,6.15,5.75,5.95,77870,3246750,10.461467,24280.35,24750.0,24600,ATM+9,CALL,24150,2026-07-17
2026-07-17 12:58:00+05:30,6.0,6.1,5.8,5.85,32045,3251365,10.452699,24278.95,24750.0,24600,ATM+9,CALL,24150,2026-07-17
2026-07-17 12:59:00+05:30,5.85,6.1,5.85,6.0,70525,3249350,10.425223,24283.3,24750.0,24600,ATM+9,CALL,24150,2026-07-17
2026-07-17 13:00:00+05:30,6.1,6.15,5.95,5.95,58370,3251755,10.417748,24282.8,24750.0,24600,ATM+9,CALL,24150,2026-07-17
2026-07-17 13:01:00+05:30,5.95,6.25,5.9,5.95,72995,3250715,10.400622,24283.75,24750.0,24600,ATM+9,CALL,24150,2026-07-17
2026-07-17 13:02:00+05:30,5.95,5.95,5.7,5.7,78650,3249805,10.407032,24278.65,24750.0,24600,ATM+9,CALL,24150,2026-07-17
2026-07-17 13:03:00+05:30,5.8,5.8,5.65,5.7,50375,3260920,10.369224,24280.7,24750.0,24600,ATM+9,CALL,24150,2026-07-17
2026-07-17 13:04:00+05:30,5.8,5.9,5.7,5.8,39520,3263845,10.423138,24279.85,24750.0,24600,ATM+9,CALL,24150,2026-07-17
2026-07-17 13:05:00+05:30,5.75,5.8,5.65,5.8,36400,3258775,10.400395,24281.1,24750.0,24600,ATM+9,CALL,24150,2026-07-17
2026-07-17 13:06:00+05:30,5.8,5.85,5.7,5.8,29510,3252210,10.347267,24283.95,24750.0,24600,ATM+9,CALL,24150,2026-07-17
2026-07-17 13:07:00+05:30,5.85,5.95,5.6,5.6,72150,3254095,10.416089,24276.45,24750.0,24600,ATM+9,CALL,24150,2026-07-17
2026-07-17 13:08:00+05:30,5.6,5.8,5.6,5.65,43810,3259945,10.373454,24279.75,24750.0,24600,ATM+9,CALL,24150,2026-07-17
2026-07-17 13:09:00+05:30,5.65,5.75,5.5,5.6,130780,3263845,10.388784,24278.0,24750.0,24600,ATM+9,CALL,24150,2026-07-17
2026-07-17 13:10:00+05:30,5.5,5.6,5.5,5.55,70200,3260660,10.34267,24279.5,24750.0,24600,ATM+9,CALL,24150,2026-07-17
2026-07-17 13:11:00+05:30,5.6,5.65,5.55,5.55,15860,3265990,10.347404,24279.3,24750.0,24600,ATM+9,CALL,24150,2026-07-17
2026-07-17 13:12:00+05:30,5.55,5.6,5.4,5.4,44460,3263065,10.328105,24277.35,24750.0,24600,ATM+9,CALL,24150,2026-07-17
2026-07-17 13:13:00+05:30,5.45,5.55,5.35,5.5,61360,3263585,10.384125,24276.45,24750.0,24600,ATM+9,CALL,24150,2026-07-17
2026-07-17 13:14:00+05:30,5.5,5.65,5.5,5.5,41015,3263780,10.270175,24282.55,24750.0,24600,ATM+9,CALL,24150,2026-07-17
2026-07-17 13:15:00+05:30,7.45,7.55,6.75,6.85,334490,9362860,10.001246,24271.9,24700.0,24600,ATM+9,CALL,24150,2026-07-17
2026-07-17 13:16:00+05:30,6.9,7.1,6.85,7.1,219440,9336925,10.063366,24272.8,24700.0,24600,ATM+9,CALL,24150,2026-07-17
2026-07-17 13:17:00+05:30,5.2,5.3,5.15,5.25,17615,3254160,10.311444,24275.4,24750.0,24600,ATM+9,CALL,24150,2026-07-17
2026-07-17 13:18:00+05:30,7.2,7.35,7.0,7.1,99840,9338160,10.070215,24272.55,24700.0,24600,ATM+9,CALL,24150,2026-07-17
2026-07-17 13:19:00+05:30,7.1,7.1,6.85,6.9,94575,9336535,9.972524,24274.35,24700.0,24600,ATM+9,CALL,24150,2026-07-17
2026-07-17 13:20:00+05:30,5.1,5.25,5.1,5.15,28795,3266185,10.239626,24277.3,24750.0,24600,ATM+9,CALL,24150,2026-07-17
2026-07-17 13:21:00+05:30,5.15,5.2,5.05,5.05,56160,3267810,10.198211,24277.45,24750.0,24600,ATM+9,CALL,24150,2026-07-17
2026-07-17 13:22:00+05:30,6.95,7.0,6.8,6.95,65715,9363380,9.991159,24274.35,24700.0,24600,ATM+9,CALL,24150,2026-07-17
2026-07-17 13:23:00+05:30,7.0,7.1,6.7,6.7,113815,9370140,10.01664,24269.05,24700.0,24600,ATM+9,CALL,24150,2026-07-17
2026-07-17 13:24:00+05:30,6.75,6.95,6.45,6.5,197665,9358050,10.003079,24266.45,24700.0,24600,ATM+9,CALL,24150,2026-07-17
2026-07-17 13:25:00+05:30,6.45,6.75,6.35,6.75,170430,9351875,10.042578,24268.65,24700.0,24600,ATM+9,CALL,24150,2026-07-17
2026-07-17 13:26:00+05:30,6.85,6.9,6.45,6.55,109070,9352785,10.049843,24265.0,24700.0,24600,ATM+9,CALL,24150,2026-07-17
2026-07-17 13:27:00+05:30,6.55,6.6,6.3,6.3,126880,9354475,10.028721,24261.85,24700.0,24600,ATM+9,CALL,24150,2026-07-17
2026-07-17 13:28:00+05:30,6.4,6.5,6.3,6.35,156975,9345700,10.069898,24260.65,24700.0,24600,ATM+9,CALL,24150,2026-07-17
2026-07-17 13:29:00+05:30,6.4,6.75,6.35,6.5,150410,9336860,9.991148,24267.3,24700.0,24600,ATM+9,CALL,24150,2026-07-17
2026-07-17 13:30:00+05:30,6.55,6.75,6.45,6.65,92365,9315670,9.993227,24269.75,24700.0,24600,ATM+9,CALL,24150,2026-07-17
2026-07-17 13:31:00+05:30,6.75,7.0,6.6,6.65,158470,9320545,10.027567,24268.05,24700.0,24600,ATM+9,CALL,24150,2026-07-17
2026-07-17 13:32:00+05:30,6.7,6.8,6.45,6.65,117715,9320610,10.058951,24266.5,24700.0,24600,ATM+9,CALL,24150,2026-07-17
2026-07-17 13:33:00+05:30,6.65,6.65,6.45,6.5,129545,9316580,10.060452,24263.95,24700.0,24600,ATM+9,CALL,24150,2026-07-17
2026-07-17 13:34:00+05:30,6.55,6.75,6.45,6.7,106535,9323860,10.092882,24265.7,24700.0,24600,ATM+9,CALL,24150,2026-07-17
2026-07-17 13:35:00+05:30,6.65,6.95,6.65,6.85,106925,9319310,10.104973,24267.6,24700.0,24600,ATM+9,CALL,24150,2026-07-17
2026-07-17 13:36:00+05:30,6.85,7.15,6.8,6.8,220350,9325745,10.04644,24269.8,24700.0,24600,ATM+9,CALL,24150,2026-07-17
2026-07-17 13:37:00+05:30,6.8,6.95,6.45,6.5,184795,9307545,10.049566,24264.7,24700.0,24600,ATM+9,CALL,24150,2026-07-17
2026-07-17 13:38:00+05:30,6.5,6.6,6.4,6.4,130260,9278555,9.995716,24265.8,24700.0,24600,ATM+9,CALL,24150,2026-07-17
2026-07-17 13:39:00+05:30,6.45,6.65,6.4,6.5,76375,9281480,9.957453,24269.5,24700.0,24600,ATM+9,CALL,24150,2026-07-17
2026-07-17 13:40:00+05:30,6.45,6.5,5.85,5.9,464100,9265360,9.972531,24258.25,24700.0,24600,ATM+9,CALL,24150,2026-07-17
2026-07-17 13:41:00+05:30,6.05,6.1,5.8,6.1,363025,9175010,10.112974,24254.65,24700.0,24600,ATM+9,CALL,24150,2026-07-17
2026-07-17 13:42:00+05:30,6.05,6.1,5.8,5.85,513045,9100975,10.092263,24251.2,24700.0,24600,ATM+9,CALL,24150,2026-07-17
2026-07-17 13:43:00+05:30,5.8,5.95,5.75,5.95,605670,8791965,10.183631,24248.35,24700.0,24600,ATM+9,CALL,24150,2026-07-17
2026-07-17 13:44:00+05:30,5.9,6.0,5.75,5.9,271115,8741720,10.053316,24254.25,24700.0,24600,ATM+9,CALL,24150,2026-07-17
2026-07-17 13:45:00+05:30,5.95,6.05,5.8,6.0,94445,8763040,10.125229,24252.4,24700.0,24600,ATM+9,CALL,24150,2026-07-17
2026-07-17 13:46:00+05:30,6.0,6.05,5.55,5.6,595400,8738535,10.121973,24245.1,24700.0,24600,ATM+9,CALL,24150,2026-07-17
2026-07-17 13:47:00+05:30,5.6,5.7,5.35,5.45,457925,8626085,10.188562,24238.7,24700.0,24600,ATM+9,CALL,24150,2026-07-17
2026-07-17 13:48:00+05:30,5.55,5.7,5.4,5.7,374335,8603400,10.123334,24247.05,24700.0,24600,ATM+9,CALL,24150,2026-07-17
2026-07-17 13:49:00+05:30,5.65,5.7,5.5,5.55,210210,8547175,10.204303,24239.95,24700.0,24600,ATM+9,CALL,24150,2026-07-17
2026-07-17 13:50:00+05:30,5.55,5.55,5.4,5.55,394420,8460530,10.450093,24227.05,24700.0,24600,ATM+9,CALL,24150,2026-07-17
2026-07-17 13:51:00+05:30,7.55,7.55,6.9,7.1,339430,3698565,10.254747,24215.95,24650.0,24600,ATM+9,CALL,24150,2026-07-17
2026-07-17 13:52:00+05:30,7.15,7.45,7.1,7.35,166855,3724955,10.206242,24222.35,24650.0,24600,ATM+9,CALL,24150,2026-07-17
2026-07-17 13:53:00+05:30,5.45,5.5,5.35,5.5,171730,8276385,10.392344,24229.25,24700.0,24600,ATM+9,CALL,24150,2026-07-17
2026-07-17 13:54:00+05:30,5.55,5.6,5.35,5.55,284960,8296145,10.36013,24232.0,24700.0,24600,ATM+9,CALL,24150,2026-07-17
2026-07-17 13:55:00+05:30,5.5,5.6,5.4,5.6,223340,8303165,10.294361,24236.5,24700.0,24600,ATM+9,CALL,24150,2026-07-17
2026-07-17 13:56:00+05:30,5.55,5.6,5.3,5.45,271050,8304010,10.309941,24232.75,24700.0,24600,ATM+9,CALL,24150,2026-07-17
2026-07-17 13:57:00+05:30,5.4,5.45,5.3,5.4,299780,8279375,10.273844,24233.7,24700.0,24600,ATM+9,CALL,24150,2026-07-17
2026-07-17 13:58:00+05:30,5.5,5.65,5.4,5.55,156065,8270470,10.257629,24237.6,24700.0,24600,ATM+9,CALL,24150,2026-07-17
2026-07-17 13:59:00+05:30,5.6,6.25,5.55,6.1,456885,8278270,10.218171,24250.1,24700.0,24600,ATM+9,CALL,24150,2026-07-17
2026-07-17 14:00:00+05:30,5.95,6.2,5.85,6.05,306280,8256560,10.226679,24248.8,24700.0,24600,ATM+9,CALL,24150,2026-07-17
2026-07-17 14:01:00+05:30,6.05,6.1,5.9,6.1,287755,8251685,10.283894,24246.8,24700.0,24600,ATM+9,CALL,24150,2026-07-17
2026-07-17 14:02:00+05:30,6.1,6.1,5.8,5.9,153465,8244340,10.27534,24243.6,24700.0,24600,ATM+9,CALL,24150,2026-07-17
2026-07-17 14:03:00+05:30,5.95,6.2,5.9,6.15,120120,8266375,10.314037,24246.25,24700.0,24600,ATM+9,CALL,24150,2026-07-17
2026-07-17 14:04:00+05:30,6.1,6.45,6.1,6.3,183235,8262020,10.287645,24250.35,24700.0,24600,ATM+9,CALL,24150,2026-07-17
2026-07-17 14:05:00+05:30,6.3,6.6,6.25,6.45,190905,8291985,10.255069,24254.7,24700.0,24600,ATM+9,CALL,24150,2026-07-17
2026-07-17 14:06:00+05:30,6.45,6.55,6.25,6.3,134615,8295560,10.303193,24249.65,24700.0,24600,ATM+9,CALL,24150,2026-07-17
2026-07-17 14:07:00+05:30,6.3,6.4,6.2,6.4,156195,8303880,10.311229,24251.05,24700.0,24600,ATM+9,CALL,24150,2026-07-17
2026-07-17 14:08:00+05:30,6.4,6.5,6.1,6.25,147485,8298680,10.259687,24251.1,24700.0,24600,ATM+9,CALL,24150,2026-07-17
2026-07-17 14:09:00+05:30,6.25,6.5,6.25,6.4,92235,8292830,10.276124,24252.95,24700.0,24600,ATM+9,CALL,24150,2026-07-17
2026-07-17 14:10:00+05:30,6.45,6.65,6.4,6.55,203840,8296600,10.307328,24254.0,24700.0,24600,ATM+9,CALL,24150,2026-07-17
2026-07-17 14:11:00+05:30,6.6,7.1,6.55,7.05,296465,8309080,10.250064,24265.25,24700.0,24600,ATM+9,CALL,24150,2026-07-17
2026-07-17 14:12:00+05:30,6.95,7.3,6.9,7.05,288275,8299330,10.124788,24271.6,24700.0,24600,ATM+9,CALL,24150,2026-07-17
2026-07-17 14:13:00+05:30,5.2,5.65,5.2,5.45,281645,3173495,10.408336,24277.25,24750.0,24600,ATM+9,CALL,24150,2026-07-17
2026-07-17 14:14:00+05:30,5.5,6.05,5.4,6.0,406315,3169920,10.551368,24280.55,24750.0,24600,ATM+9,CALL,24150,2026-07-17
2026-07-17 14:15:00+05:30,4.5,7.5,4.45,7.5,2619695,6294535,10.745734,24345.4,24800.0,24600,ATM+9,CALL,24150,2026-07-17
2026-07-17 14:16:00+05:30,7.4,9.75,6.75,9.6,4041830,6371820,11.005695,24362.9,24800.0,24600,ATM+9,CALL,24150,2026-07-17
2026-07-17 14:17:00+05:30,9.5,10.4,7.8,8.0,3044925,6450665,10.861688,24347.45,24800.0,24600,ATM+9,CALL,24150,2026-07-17
2026-07-17 14:18:00+05:30,7.9,8.0,6.65,6.9,2176070,6595875,10.804035,24332.7,24800.0,24600,ATM+9,CALL,24150,2026-07-17
2026-07-17 14:19:00+05:30,9.45,9.55,8.05,8.05,1011205,3503695,10.680579,24308.45,24750.0,24600,ATM+9,CALL,24150,2026-07-17
2026-07-17 14:20:00+05:30,8.1,8.75,7.9,8.05,675155,3521375,10.594737,24312.75,24750.0,24600,ATM+9,CALL,24150,2026-07-17
2026-07-17 14:21:00+05:30,8.1,8.65,7.75,8.0,685620,3505385,10.64943,24309.35,24750.0,24600,ATM+9,CALL,24150,2026-07-17
2026-07-17 14:22:00+05:30,8.05,8.05,7.4,7.4,759265,3351335,10.63382,24300.95,24750.0,24600,ATM+9,CALL,24150,2026-07-17
2026-07-17 14:23:00+05:30,7.4,7.75,7.35,7.35,352430,3327935,10.782734,24292.7,24750.0,24600,ATM+9,CALL,24150,2026-07-17
2026-07-17 14:24:00+05:30,7.45,7.5,7.3,7.45,316225,3339960,10.704363,24298.3,24750.0,24600,ATM+9,CALL,24150,2026-07-17
2026-07-17 14:25:00+05:30,7.4,8.0,7.15,7.85,449800,3309475,10.649385,24307.3,24750.0,24600,ATM+9,CALL,24150,2026-07-17
2026-07-17 14:26:00+05:30,8.0,8.4,7.85,8.3,379340,3297385,10.705238,24311.25,24750.0,24600,ATM+9,CALL,24150,2026-07-17
2026-07-17 14:27:00+05:30,8.3,8.6,8.15,8.35,423345,3280030,10.727046,24310.95,24750.0,24600,ATM+9,CALL,24150,2026-07-17
2026-07-17 14:28:00+05:30,8.45,8.85,8.35,8.4,231660,3275480,10.772211,24309.5,24750.0,24600,ATM+9,CALL,24150,2026-07-17
2026-07-17 14:29:00+05:30,8.35,8.4,6.9,7.05,670930,3302520,10.795975,24287.4,24750.0,24600,ATM+9,CALL,24150,2026-07-17
2026-07-17 14:30:00+05:30,7.1,8.05,7.0,7.9,462995,3283540,10.722961,24304.65,24750.0,24600,ATM+9,CALL,24150,2026-07-17
2026-07-17 14:31:00+05:30,7.95,7.95,7.35,7.45,179270,3292380,10.671608,24300.3,24750.0,24600,ATM+9,CALL,24150,2026-07-17
2026-07-17 14:32:00+05:30,7.4,7.65,7.05,7.2,200590,3293485,10.615817,24299.15,24750.0,24600,ATM+9,CALL,24150,2026-07-17
2026-07-17 14:33:00+05:30,7.25,7.5,7.15,7.45,139620,3312400,10.768204,24295.55,24750.0,24600,ATM+9,CALL,24150,2026-07-17
2026-07-17 14:34:00+05:30,7.35,7.65,7.25,7.55,167960,3278210,10.751994,24298.0,24750.0,24600,ATM+9,CALL,24150,2026-07-17
2026-07-17 14:35:00+05:30,7.55,7.65,7.4,7.4,111085,3283800,10.692675,24298.65,24750.0,24600,ATM+9,CALL,24150,2026-07-17
2026-07-17 14:36:00+05:30,7.35,7.4,7.1,7.2,148850,3298490,10.73669,24293.25,24750.0,24600,ATM+9,CALL,24150,2026-07-17
2026-07-17 14:37:00+05:30,7.1,7.35,7.05,7.1,109915,3307850,10.709114,24293.05,24750.0,24600,ATM+9,CALL,24150,2026-07-17
2026-07-17 14:38:00+05:30,7.05,7.55,6.85,7.35,180375,3308500,10.673843,24298.95,24750.0,24600,ATM+9,CALL,24150,2026-07-17
2026-07-17 14:39:00+05:30,7.35,7.45,7.2,7.4,104260,3296930,10.71165,24297.9,24750.0,24600,ATM+9,CALL,24150,2026-07-17
2026-07-17 14:40:00+05:30,7.4,7.65,7.3,7.3,129935,3276520,10.599276,24302.0,24750.0,24600,ATM+9,CALL,24150,2026-07-17
2026-07-17 14:41:00+05:30,7.4,7.95,7.3,7.85,163605,3272685,10.573839,24311.85,24750.0,24600,ATM+9,CALL,24150,2026-07-17
2026-07-17 14:42:00+05:30,7.9,7.95,7.55,7.85,136240,3261115,10.604077,24310.4,24750.0,24600,ATM+9,CALL,24150,2026-07-17
2026-07-17 14:43:00+05:30,7.85,8.25,7.7,7.8,180180,3264105,10.55563,24312.1,24750.0,24600,ATM+9,CALL,24150,2026-07-17
2026-07-17 14:44:00+05:30,7.8,8.25,7.8,8.05,165880,3271385,10.519537,24317.65,24750.0,24600,ATM+9,CALL,24150,2026-07-17
2026-07-17 14:45:00+05:30,8.0,8.15,7.95,7.95,177840,3291080,10.453265,24319.5,24750.0,24600,ATM+9,CALL,24150,2026-07-17
2026-07-17 14:46:00+05:30,5.85,6.1,5.65,5.95,417495,7411820,10.647806,24325.05,24800.0,24600,ATM+9,CALL,24150,2026-07-17
2026-07-17 14:47:00+05:30,8.4,8.5,8.05,8.25,232375,3332160,10.501099,24321.6,24750.0,24600,ATM+9,CALL,24150,2026-07-17
2026-07-17 14:48:00+05:30,8.2,8.55,8.1,8.55,145795,3301415,10.616585,24320.25,24750.0,24600,ATM+9,CALL,24150,2026-07-17
2026-07-17 14:49:00+05:30,8.55,8.7,8.35,8.35,155220,3334825,10.483155,24324.0,24750.0,24600,ATM+9,CALL,24150,2026-07-17
2026-07-17 14:50:00+05:30,8.3,8.45,8.05,8.35,208910,3349710,10.565901,24320.0,24750.0,24600,ATM+9,CALL,24150,2026-07-17
2026-07-17 14:51:00+05:30,8.3,8.55,8.05,8.2,244530,3359525,10.583127,24317.05,24750.0,24600,ATM+9,CALL,24150,2026-07-17
2026-07-17 14:52:00+05:30,8.15,8.4,8.1,8.15,189215,3417700,10.517506,24319.6,24750.0,24600,ATM+9,CALL,24150,2026-07-17
2026-07-17 14:53:00+05:30,8.1,8.15,7.75,8.0,245440,3422445,10.455826,24320.5,24750.0,24600,ATM+9,CALL,24150,2026-07-17
2026-07-17 14:54:00+05:30,8.0,8.05,7.65,8.0,158015,3365310,10.447688,24320.95,24750.0,24600,ATM+9,CALL,24150,2026-07-17
2026-07-17 14:55:00+05:30,5.8,6.2,5.65,6.2,278915,7477795,10.702309,24327.4,24800.0,24600,ATM+9,CALL,24150,2026-07-17
2026-07-17 14:56:00+05:30,8.65,8.9,7.85,8.15,420810,3345160,10.413531,24324.9,24750.0,24600,ATM+9,CALL,24150,2026-07-17
2026-07-17 14:57:00+05:30,8.2,8.25,7.85,8.0,165620,3360825,10.43747,24321.6,24750.0,24600,ATM+9,CALL,24150,2026-07-17
2026-07-17 14:58:00+05:30,8.05,8.1,7.7,7.85,137735,3372460,10.510097,24315.85,24750.0,24600,ATM+9,CALL,24150,2026-07-17
2026-07-17 14:59:00+05:30,7.9,8.05,7.5,7.55,188305,3374020,10.50198,24311.75,24750.0,24600,ATM+9,CALL,24150,2026-07-17
2026-07-17 15:00:00+05:30,7.7,8.05,7.05,7.9,887055,3342625,10.368064,24323.7,24750.0,24600,ATM+9,CALL,24150,2026-07-17
2026-07-17 15:01:00+05:30,5.85,6.25,5.55,5.8,972270,7467330,10.596959,24325.6,24800.0,24600,ATM+9,CALL,24150,2026-07-17
2026-07-17 15:02:00+05:30,7.9,8.15,7.65,7.9,191685,3320915,10.356847,24324.35,24750.0,24600,ATM+9,CALL,24150,2026-07-17
2026-07-17 15:03:00+05:30,7.9,8.0,7.4,7.4,163995,3321695,10.334985,24317.95,24750.0,24600,ATM+9,CALL,24150,2026-07-17
2026-07-17 15:04:00+05:30,7.35,7.85,7.25,7.75,225940,3340285,10.360479,24322.05,24750.0,24600,ATM+9,CALL,24150,2026-07-17
2026-07-17 15:05:00+05:30,5.65,6.05,5.55,6.0,494390,7469410,10.637298,24327.55,24800.0,24600,ATM+9,CALL,24150,2026-07-17
2026-07-17 15:06:00+05:30,6.0,6.2,5.95,6.15,285025,7477535,10.641543,24330.2,24800.0,24600,ATM+9,CALL,24150,2026-07-17
2026-07-17 15:07:00+05:30,6.15,6.45,6.1,6.25,427895,7439510,10.598957,24334.3,24800.0,24600,ATM+9,CALL,24150,2026-07-17
2026-07-17 15:08:00+05:30,6.15,6.25,5.9,5.95,306410,7443345,10.534717,24332.1,24800.0,24600,ATM+9,CALL,24150,2026-07-17
2026-07-17 15:09:00+05:30,5.95,6.2,5.8,5.95,332410,7386275,10.50786,24333.55,24800.0,24600,ATM+9,CALL,24150,2026-07-17
2026-07-17 15:10:00+05:30,5.95,5.95,5.4,5.5,623935,7330310,10.375929,24331.75,24800.0,24600,ATM+9,CALL,24150,2026-07-17
2026-07-17 15:11:00+05:30,5.5,5.65,5.5,5.6,411320,7247760,10.405249,24332.25,24800.0,24600,ATM+9,CALL,24150,2026-07-17
2026-07-17 15:12:00+05:30,5.6,5.9,5.55,5.65,260130,7249125,10.352497,24336.05,24800.0,24600,ATM+9,CALL,24150,2026-07-17
2026-07-17 15:13:00+05:30,5.6,5.65,5.45,5.55,422565,7140185,10.337908,24334.9,24800.0,24600,ATM+9,CALL,24150,2026-07-17
2026-07-17 15:14:00+05:30,5.55,5.65,5.3,5.3,303680,7147010,10.359676,24328.75,24800.0,24600,ATM+9,CALL,24150,2026-07-17
2026-07-17 15:15:00+05:30,7.25,7.35,6.8,6.9,374270,3389360,10.071173,24323.85,24750.0,24600,ATM+9,CALL,24150,2026-07-17
2026-07-17 15:16:00+05:30,6.8,6.9,6.6,6.75,243945,3382860,10.042737,24322.9,24750.0,24600,ATM+9,CALL,24150,2026-07-17
2026-07-17 15:17:00+05:30,4.95,5.1,4.9,4.95,355485,7136805,10.28339,24325.55,24800.0,24600,ATM+9,CALL,24150,2026-07-17
2026-07-17 15:18:00+05:30,4.95,5.0,4.65,4.65,250575,7147270,10.099881,24328.8,24800.0,24600,ATM+9,CALL,24150,2026-07-17
2026-07-17 15:19:00+05:30,4.7,4.7,4.4,4.6,604240,7104240,10.076088,24329.0,24800.0,24600,ATM+9,CALL,24150,2026-07-17
2026-07-17 15:20:00+05:30,4.6,4.8,4.5,4.6,323505,7123545,10.003785,24332.95,24800.0,24600,ATM+9,CALL,24150,2026-07-17
2026-07-17 15:21:00+05:30,4.55,4.8,4.55,4.6,456755,7123675,10.001026,24333.15,24800.0,24600,ATM+9,CALL,24150,2026-07-17
2026-07-17 15:22:00+05:30,4.6,4.8,4.55,4.75,679120,7118020,9.995395,24336.85,24800.0,24600,ATM+9,CALL,24150,2026-07-17
2026-07-17 15:23:00+05:30,4.7,5.1,4.7,4.95,642265,7195435,10.056851,24337.95,24800.0,24600,ATM+9,CALL,24150,2026-07-17
2026-07-17 15:24:00+05:30,5.0,5.4,4.9,5.25,743470,7222800,10.084177,24342.8,24800.0,24600,ATM+9,CALL,24150,2026-07-17
2026-07-17 15:25:00+05:30,5.3,5.45,5.15,5.15,753740,7334340,10.004787,24345.0,24800.0,24600,ATM+9,CALL,24150,2026-07-17
2026-07-17 15:26:00+05:30,5.1,5.35,5.0,5.1,592605,7395635,10.02782,24342.8,24800.0,24600,ATM+9,CALL,24150,2026-07-17
2026-07-17 15:27:00+05:30,5.1,5.25,5.0,5.1,391560,7436780,10.006117,24344.0,24800.0,24600,ATM+9,CALL,24150,2026-07-17
2026-07-17 15:28:00+05:30,5.05,5.1,4.8,4.85,1231750,7890805,9.994182,24339.4,24800.0,24600,ATM+9,CALL,24150,2026-07-17
2026-07-17 15:29:00+05:30,4.95,5.5,4.75,5.35,845585,8031660,10.053153,24346.7,24800.0,24600,ATM+9,CALL,24150,2026-07-17
2026-07-17 09:15:00+05:30,522.8,535.9,485.4,489.0,7930,195130,20.707575,24151.25,24600.0,24600,ATM+9,PUT,24150,2026-07-17
2026-07-17 09:16:00+05:30,480.2,489.0,459.0,459.0,19175,195650,18.81579,24171.0,24600.0,24600,ATM+9,PUT,24150,2026-07-17
2026-07-17 09:17:00+05:30,504.95,512.15,500.0,504.0,1235,28340,20.0488,24176.15,24650.0,24600,ATM+9,PUT,24150,2026-07-17
2026-07-17 09:18:00+05:30,500.55,504.0,487.45,487.45,1235,29315,19.016595,24187.4,24650.0,24600,ATM+9,PUT,24150,2026-07-17
2026-07-17 09:19:00+05:30,487.9,493.25,481.95,485.65,2730,29835,18.817995,24187.85,24650.0,24600,ATM+9,PUT,24150,2026-07-17
2026-07-17 09:20:00+05:30,483.45,491.3,480.0,490.3,1040,30810,19.448079,24187.75,24650.0,24600,ATM+9,PUT,24150,2026-07-17
2026-07-17 09:21:00+05:30,490.25,491.05,485.8,491.05,1040,30875,19.333189,24185.75,24650.0,24600,ATM+9,PUT,24150,2026-07-17
2026-07-17 09:22:00+05:30,490.0,491.05,485.7,485.7,585,31265,18.928678,24188.75,24650.0,24600,ATM+9,PUT,24150,2026-07-17
2026-07-17 09:23:00+05:30,487.2,487.7,485.7,485.75,325,31460,18.643584,24186.15,24650.0,24600,ATM+9,PUT,24150,2026-07-17
2026-07-17 09:24:00+05:30,489.65,489.65,481.5,481.75,845,31655,18.734343,24191.9,24650.0,24600,ATM+9,PUT,24150,2026-07-17
2026-07-17 09:25:00+05:30,479.75,481.75,477.5,477.5,455,28990,18.917412,24198.85,24650.0,24600,ATM+9,PUT,24150,2026-07-17
2026-07-17 09:26:00+05:30,475.5,478.2,475.5,478.2,260,28925,19.116148,24199.8,24650.0,24600,ATM+9,PUT,24150,2026-07-17
2026-07-17 09:27:00+05:30,476.2,478.2,470.65,473.9,1300,28665,18.864022,24202.85,24650.0,24600,ATM+9,PUT,24150,2026-07-17
2026-07-17 09:28:00+05:30,475.45,475.8,472.75,472.75,520,28535,18.91955,24204.8,24650.0,24600,ATM+9,PUT,24150,2026-07-17
2026-07-17 09:29:00+05:30,473.6,473.6,468.3,468.3,650,28470,18.877565,24210.0,24650.0,24600,ATM+9,PUT,24150,2026-07-17
2026-07-17 09:30:00+05:30,465.75,475.65,465.0,475.65,10595,35165,19.193996,24203.7,24650.0,24600,ATM+9,PUT,24150,2026-07-17
2026-07-17 09:31:00+05:30,475.55,481.55,472.4,481.55,1105,35815,19.256871,24196.85,24650.0,24600,ATM+9,PUT,24150,2026-07-17
2026-07-17 09:32:00+05:30,480.7,484.6,473.05,473.05,1625,35360,19.006958,24205.2,24650.0,24600,ATM+9,PUT,24150,2026-07-17
2026-07-17 09:33:00+05:30,474.7,475.3,467.1,468.4,1820,33930,18.969257,24210.7,24650.0,24600,ATM+9,PUT,24150,2026-07-17
2026-07-17 09:34:00+05:30,465.0,475.75,462.6,475.75,910,33280,19.515917,24206.6,24650.0,24600,ATM+9,PUT,24150,2026-07-17
2026-07-17 09:35:00+05:30,473.05,475.75,471.85,473.6,1430,32760,19.279454,24207.05,24650.0,24600,ATM+9,PUT,24150,2026-07-17
2026-07-17 09:36:00+05:30,475.3,475.4,473.35,473.35,715,30160,19.492095,24209.4,24650.0,24600,ATM+9,PUT,24150,2026-07-17
2026-07-17 09:37:00+05:30,470.75,473.35,467.8,467.8,1495,29575,19.469761,24216.25,24650.0,24600,ATM+9,PUT,24150,2026-07-17
2026-07-17 09:38:00+05:30,464.3,467.8,461.65,461.65,455,28730,19.210153,24221.55,24650.0,24600,ATM+9,PUT,24150,2026-07-17
2026-07-17 09:39:00+05:30,461.8,464.9,460.0,464.9,650,29120,19.389766,24219.15,24650.0,24600,ATM+9,PUT,24150,2026-07-17
2026-07-17 09:40:00+05:30,467.1,467.1,461.85,461.85,325,29120,19.187423,24221.05,24650.0,24600,ATM+9,PUT,24150,2026-07-17
2026-07-17 09:41:00+05:30,463.7,466.5,461.55,465.0,2080,28925,19.71111,24222.2,24650.0,24600,ATM+9,PUT,24150,2026-07-17
2026-07-17 09:42:00+05:30,464.35,465.0,460.4,460.45,715,27755,19.377464,24224.7,24650.0,24600,ATM+9,PUT,24150,2026-07-17
2026-07-17 09:43:00+05:30,508.95,510.0,505.0,506.45,4485,74815,20.267122,24225.15,24700.0,24600,ATM+9,PUT,24150,2026-07-17
2026-07-17 09:44:00+05:30,506.0,511.65,500.0,503.0,5395,75465,20.458708,24231.3,24700.0,24600,ATM+9,PUT,24150,2026-07-17
2026-07-17 09:45:00+05:30,500.0,503.0,491.7,502.95,8320,77090,20.785026,24234.5,24700.0,24600,ATM+9,PUT,24150,2026-07-17
2026-07-17 09:46:00+05:30,499.95,502.95,494.6,496.65,3835,78845,20.674354,24241.45,24700.0,24600,ATM+9,PUT,24150,2026-07-17
2026-07-17 09:47:00+05:30,496.9,501.0,491.7,501.0,2990,79430,20.722162,24236.35,24700.0,24600,ATM+9,PUT,24150,2026-07-17
2026-07-17 09:48:00+05:30,498.4,501.0,494.5,496.05,2275,79820,20.455423,24240.05,24700.0,24600,ATM+9,PUT,24150,2026-07-17
2026-07-17 09:49:00+05:30,496.05,502.15,496.05,500.0,1560,80340,20.645067,24236.85,24700.0,24600,ATM+9,PUT,24150,2026-07-17
2026-07-17 09:50:00+05:30,499.55,500.0,494.05,496.0,1495,80600,20.772013,24243.2,24700.0,24600,ATM+9,PUT,24150,2026-07-17
2026-07-17 09:51:00+05:30,496.1,509.4,495.4,509.4,2990,80860,21.06167,24228.9,24700.0,24600,ATM+9,PUT,24150,2026-07-17
2026-07-17 09:52:00+05:30,506.6,510.55,505.6,510.55,4485,81575,21.319737,24229.95,24700.0,24600,ATM+9,PUT,24150,2026-07-17
2026-07-17 09:53:00+05:30,508.75,510.55,502.95,502.95,4615,83525,20.650404,24233.1,24700.0,24600,ATM+9,PUT,24150,2026-07-17
2026-07-17 09:54:00+05:30,504.4,504.4,493.55,496.5,1690,85605,20.516388,24240.0,24700.0,24600,ATM+9,PUT,24150,2026-07-17
2026-07-17 09:55:00+05:30,502.0,509.0,496.5,509.0,650,85930,21.147416,24230.2,24700.0,24600,ATM+9,PUT,24150,2026-07-17
2026-07-17 09:56:00+05:30,461.9,466.35,461.9,466.35,325,39975,19.989529,24223.1,24650.0,24600,ATM+9,PUT,24150,2026-07-17
2026-07-17 09:57:00+05:30,467.55,471.85,466.35,471.85,1040,39845,20.32121,24219.35,24650.0,24600,ATM+9,PUT,24150,2026-07-17
2026-07-17 09:58:00+05:30,517.3,518.25,510.95,511.95,1235,82745,21.417799,24229.05,24700.0,24600,ATM+9,PUT,24150,2026-07-17
2026-07-17 09:59:00+05:30,511.4,511.95,507.85,507.85,520,83200,20.862814,24228.85,24700.0,24600,ATM+9,PUT,24150,2026-07-17
2026-07-17 10:00:00+05:30,455.7,469.7,455.7,469.7,11895,34385,20.277041,24221.65,24650.0,24600,ATM+9,PUT,24150,2026-07-17
2026-07-17 10:01:00+05:30,470.5,480.0,464.7,478.2,2730,34840,20.446043,24212.35,24650.0,24600,ATM+9,PUT,24150,2026-07-17
2026-07-17 10:02:00+05:30,475.1,478.85,473.6,473.6,2080,34840,20.210861,24215.9,24650.0,24600,ATM+9,PUT,24150,2026-07-17
2026-07-17 10:03:00+05:30,475.3,476.45,473.6,474.0,10920,38480,20.169085,24214.95,24650.0,24600,ATM+9,PUT,24150,2026-07-17
2026-07-17 10:04:00+05:30,474.0,478.8,474.0,475.85,2470,45240,20.362094,24214.5,24650.0,24600,ATM+9,PUT,24150,2026-07-17
2026-07-17 10:05:00+05:30,476.0,476.3,475.85,476.0,585,45630,21.03814,24221.3,24650.0,24600,ATM+9,PUT,24150,2026-07-17
2026-07-17 10:06:00+05:30,467.55,476.0,467.35,468.55,325,45435,20.241122,24222.7,24650.0,24600,ATM+9,PUT,24150,2026-07-17
2026-07-17 10:07:00+05:30,517.3,517.4,512.5,515.4,325,85475,21.532625,24225.65,24700.0,24600,ATM+9,PUT,24150,2026-07-17
2026-07-17 10:08:00+05:30,512.75,516.0,512.75,516.0,195,85475,21.80786,24227.6,24700.0,24600,ATM+9,PUT,24150,2026-07-17
2026-07-17 10:09:00+05:30,510.0,516.0,504.8,509.05,520,84370,21.349221,24231.95,24700.0,24600,ATM+9,PUT,24150,2026-07-17
2026-07-17 10:10:00+05:30,511.45,511.45,509.05,511.0,195,84305,21.47172,24230.65,24700.0,24600,ATM+9,PUT,24150,2026-07-17
2026-07-17 10:11:00+05:30,510.9,511.0,510.9,510.9,130,84175,21.720043,24233.25,24700.0,24600,ATM+9,PUT,24150,2026-07-17
2026-07-17 10:12:00+05:30,508.15,510.9,499.0,501.55,1105,84110,21.183866,24239.9,24700.0,24600,ATM+9,PUT,24150,2026-07-17
2026-07-17 10:13:00+05:30,498.0,501.55,493.6,499.6,2665,85735,21.548165,24246.1,24700.0,24600,ATM+9,PUT,24150,2026-07-17
2026-07-17 10:14:00+05:30,500.7,505.0,499.6,502.3,975,86255,21.277833,24239.85,24700.0,24600,ATM+9,PUT,24150,2026-07-17
2026-07-17 10:15:00+05:30,504.75,504.75,498.8,498.8,1690,87100,21.410417,24245.7,24700.0,24600,ATM+9,PUT,24150,2026-07-17
2026-07-17 10:16:00+05:30,496.5,498.8,495.0,495.4,1040,87360,21.121584,24247.15,24700.0,24600,ATM+9,PUT,24150,2026-07-17
2026-07-17 10:17:00+05:30,496.0,497.05,484.75,484.75,2275,87620,20.403448,24253.65,24700.0,24600,ATM+9,PUT,24150,2026-07-17
2026-07-17 10:18:00+05:30,487.7,487.7,450.55,450.55,8450,88855,18.051575,24274.45,24700.0,24600,ATM+9,PUT,24150,2026-07-17
2026-07-17 10:19:00+05:30,458.95,468.15,450.55,465.45,4680,91975,19.950578,24273.95,24700.0,24600,ATM+9,PUT,24150,2026-07-17
2026-07-17 10:20:00+05:30,463.0,471.0,461.65,471.0,2860,92820,19.948323,24266.75,24700.0,24600,ATM+9,PUT,24150,2026-07-17
2026-07-17 10:21:00+05:30,471.1,473.75,465.7,467.35,4745,94185,19.634515,24268.3,24700.0,24600,ATM+9,PUT,24150,2026-07-17
2026-07-17 10:22:00+05:30,471.7,473.05,467.35,471.35,3835,95615,19.612341,24262.95,24700.0,24600,ATM+9,PUT,24150,2026-07-17
2026-07-17 10:23:00+05:30,474.0,478.8,471.35,476.5,3705,97175,19.861656,24258.8,24700.0,24600,ATM+9,PUT,24150,2026-07-17
2026-07-17 10:24:00+05:30,477.95,480.0,476.1,476.1,1885,96135,19.479595,24255.6,24700.0,24600,ATM+9,PUT,24150,2026-07-17
2026-07-17 10:25:00+05:30,476.0,478.0,475.0,475.3,3380,96590,20.222015,24263.9,24700.0,24600,ATM+9,PUT,24150,2026-07-17
2026-07-17 10:26:00+05:30,475.0,475.3,471.1,473.45,1755,98150,20.169958,24265.75,24700.0,24600,ATM+9,PUT,24150,2026-07-17
2026-07-17 10:27:00+05:30,471.35,473.45,470.0,471.75,1235,98605,20.141948,24267.65,24700.0,24600,ATM+9,PUT,24150,2026-07-17
2026-07-17 10:28:00+05:30,470.0,471.75,465.0,465.0,1820,98865,19.839814,24273.3,24700.0,24600,ATM+9,PUT,24150,2026-07-17
2026-07-17 10:29:00+05:30,508.0,512.85,504.65,504.65,780,11830,20.721103,24281.55,24750.0,24600,ATM+9,PUT,24150,2026-07-17
2026-07-17 10:30:00+05:30,505.75,507.35,504.65,504.65,845,12545,20.497314,24279.4,24750.0,24600,ATM+9,PUT,24150,2026-07-17
2026-07-17 10:31:00+05:30,504.2,504.65,500.8,502.05,5005,14300,20.541183,24283.1,24750.0,24600,ATM+9,PUT,24150,2026-07-17
2026-07-17 10:32:00+05:30,500.4,502.05,494.65,498.65,2145,17095,20.311013,24285.2,24750.0,24600,ATM+9,PUT,24150,2026-07-17
2026-07-17 10:33:00+05:30,506.25,506.25,498.65,506.25,65,18655,20.739709,24279.65,24750.0,24600,ATM+9,PUT,24150,2026-07-17
2026-07-17 10:34:00+05:30,505.0,506.25,502.1,504.0,650,18915,20.92542,24284.3,24750.0,24600,ATM+9,PUT,24150,2026-07-17
2026-07-17 10:35:00+05:30,456.4,469.9,455.05,469.35,3900,107510,20.292864,24272.2,24700.0,24600,ATM+9,PUT,24150,2026-07-17
2026-07-17 10:36:00+05:30,468.05,470.55,466.85,467.1,4030,107380,20.03807,24272.5,24700.0,24600,ATM+9,PUT,24150,2026-07-17
2026-07-17 10:37:00+05:30,467.15,474.0,467.1,474.0,2600,107640,20.401067,24267.25,24700.0,24600,ATM+9,PUT,24150,2026-07-17
2026-07-17 10:38:00+05:30,473.95,477.0,469.5,469.5,4225,105625,19.881406,24267.8,24700.0,24600,ATM+9,PUT,24150,2026-07-17
2026-07-17 10:39:00+05:30,472.7,473.0,469.35,470.5,2535,105560,19.956281,24267.25,24700.0,24600,ATM+9,PUT,24150,2026-07-17
2026-07-17 10:40:00+05:30,474.8,475.0,470.0,470.0,715,106665,20.012835,24268.45,24700.0,24600,ATM+9,PUT,24150,2026-07-17
2026-07-17 10:41:00+05:30,470.0,472.35,470.0,470.25,520,106860,20.272655,24270.75,24700.0,24600,ATM+9,PUT,24150,2026-07-17
2026-07-17 10:42:00+05:30,470.25,473.1,469.05,469.9,2600,106340,20.081744,24269.25,24700.0,24600,ATM+9,PUT,24150,2026-07-17
2026-07-17 10:43:00+05:30,471.75,490.0,469.9,490.0,3055,106665,20.55962,24248.15,24700.0,24600,ATM+9,PUT,24150,2026-07-17
2026-07-17 10:44:00+05:30,485.5,490.0,480.0,483.45,5265,106535,20.811328,24259.1,24700.0,24600,ATM+9,PUT,24150,2026-07-17
2026-07-17 10:45:00+05:30,483.8,490.0,483.45,489.85,3120,106405,21.057186,24253.3,24700.0,24600,ATM+9,PUT,24150,2026-07-17
2026-07-17 10:46:00+05:30,491.0,492.85,488.2,490.0,2665,106145,20.998774,24252.5,24700.0,24600,ATM+9,PUT,24150,2026-07-17
2026-07-17 10:47:00+05:30,488.2,490.0,483.0,483.0,3770,106340,20.288527,24254.4,24700.0,24600,ATM+9,PUT,24150,2026-07-17
2026-07-17 10:48:00+05:30,484.3,488.0,483.0,488.0,845,106730,20.854436,24253.6,24700.0,24600,ATM+9,PUT,24150,2026-07-17
2026-07-17 10:49:00+05:30,489.0,492.0,488.0,492.0,1105,107185,21.000987,24249.9,24700.0,24600,ATM+9,PUT,24150,2026-07-17
2026-07-17 10:50:00+05:30,490.75,492.0,488.0,490.0,845,105495,20.859988,24251.05,24700.0,24600,ATM+9,PUT,24150,2026-07-17
2026-07-17 10:51:00+05:30,492.0,494.0,490.0,492.5,3380,105365,20.968195,24248.9,24700.0,24600,ATM+9,PUT,24150,2026-07-17
2026-07-17 10:52:00+05:30,495.0,496.0,490.95,490.95,1560,103415,21.053665,24251.75,24700.0,24600,ATM+9,PUT,24150,2026-07-17
2026-07-17 10:53:00+05:30,488.35,490.95,483.75,485.0,1755,101985,20.734358,24256.2,24700.0,24600,ATM+9,PUT,24150,2026-07-17
2026-07-17 10:54:00+05:30,485.7,493.5,485.0,490.5,1885,102375,21.370562,24255.55,24700.0,24600,ATM+9,PUT,24150,2026-07-17
2026-07-17 10:55:00+05:30,492.65,493.6,489.2,490.1,520,102505,21.437354,24256.75,24700.0,24600,ATM+9,PUT,24150,2026-07-17
2026-07-17 10:56:00+05:30,489.35,492.2,483.0,491.9,910,102635,21.578043,24255.85,24700.0,24600,ATM+9,PUT,24150,2026-07-17
2026-07-17 10:57:00+05:30,486.3,491.9,485.55,490.6,1365,103090,21.478735,24256.5,24700.0,24600,ATM+9,PUT,24150,2026-07-17
2026-07-17 10:58:00+05:30,489.2,490.6,486.2,486.2,650,101530,21.046074,24257.75,24700.0,24600,ATM+9,PUT,24150,2026-07-17
2026-07-17 10:59:00+05:30,486.6,486.65,484.25,484.45,455,101530,20.750723,24257.0,24700.0,24600,ATM+9,PUT,24150,2026-07-17
2026-07-17 11:00:00+05:30,485.65,485.65,479.6,480.0,1430,102050,20.469442,24259.9,24700.0,24600,ATM+9,PUT,24150,2026-07-17
2026-07-17 11:01:00+05:30,481.7,485.45,479.8,483.35,975,102050,20.572257,24256.6,24700.0,24600,ATM+9,PUT,24150,2026-07-17
2026-07-17 11:02:00+05:30,488.0,492.7,483.35,492.7,2145,101140,20.972907,24248.55,24700.0,24600,ATM+9,PUT,24150,2026-07-17
2026-07-17 11:03:00+05:30,492.7,492.7,488.8,492.15,1170,100815,21.062858,24250.15,24700.0,24600,ATM+9,PUT,24150,2026-07-17
2026-07-17 11:04:00+05:30,487.2,492.15,484.25,484.25,975,101010,20.845017,24258.15,24700.0,24600,ATM+9,PUT,24150,2026-07-17
2026-07-17 11:05:00+05:30,480.6,484.25,480.0,480.8,1235,101790,20.804805,24262.2,24700.0,24600,ATM+9,PUT,24150,2026-07-17
2026-07-17 11:06:00+05:30,486.75,487.85,480.3,480.3,910,102245,20.713096,24261.9,24700.0,24600,ATM+9,PUT,24150,2026-07-17
2026-07-17 11:07:00+05:30,488.85,495.6,480.3,495.6,1040,102050,21.112887,24246.15,24700.0,24600,ATM+9,PUT,24150,2026-07-17
2026-07-17 11:08:00+05:30,497.0,503.8,495.6,501.55,1885,101335,21.098645,24238.35,24700.0,24600,ATM+9,PUT,24150,2026-07-17
2026-07-17 11:09:00+05:30,500.0,501.55,496.05,498.45,975,101335,21.05671,24241.9,24700.0,24600,ATM+9,PUT,24150,2026-07-17
2026-07-17 11:10:00+05:30,497.3,503.9,496.7,502.55,2665,101270,21.286817,24238.9,24700.0,24600,ATM+9,PUT,24150,2026-07-17
2026-07-17 11:11:00+05:30,503.0,503.0,497.55,499.65,1625,101335,21.098743,24240.75,24700.0,24600,ATM+9,PUT,24150,2026-07-17
2026-07-17 11:12:00+05:30,499.8,500.45,499.45,499.45,1105,101140,21.170007,24241.7,24700.0,24600,ATM+9,PUT,24150,2026-07-17
2026-07-17 11:13:00+05:30,500.7,506.95,499.45,506.95,1625,101075,21.757624,24237.9,24700.0,24600,ATM+9,PUT,24150,2026-07-17
2026-07-17 11:14:00+05:30,506.25,506.95,503.3,503.75,975,101075,21.123285,24235.7,24700.0,24600,ATM+9,PUT,24150,2026-07-17
2026-07-17 11:15:00+05:30,502.6,503.75,499.2,500.0,585,101205,20.966302,24238.95,24700.0,24600,ATM+9,PUT,24150,2026-07-17
2026-07-17 11:16:00+05:30,503.15,507.0,500.0,505.15,1105,100815,21.272989,24235.35,24700.0,24600,ATM+9,PUT,24150,2026-07-17
2026-07-17 11:17:00+05:30,506.35,506.35,503.9,506.0,1950,100620,21.799667,24239.5,24700.0,24600,ATM+9,PUT,24150,2026-07-17
2026-07-17 11:18:00+05:30,506.0,508.0,504.95,507.65,975,101790,21.754845,24236.9,24700.0,24600,ATM+9,PUT,24150,2026-07-17
2026-07-17 11:19:00+05:30,509.95,509.95,502.8,504.7,715,102245,21.848107,24241.65,24700.0,24600,ATM+9,PUT,24150,2026-07-17
2026-07-17 11:20:00+05:30,503.65,504.7,503.35,504.0,715,102115,21.770106,24241.75,24700.0,24600,ATM+9,PUT,24150,2026-07-17
2026-07-17 11:21:00+05:30,504.0,505.85,503.2,505.25,650,102115,21.925649,24241.7,24700.0,24600,ATM+9,PUT,24150,2026-07-17
2026-07-17 11:22:00+05:30,501.7,505.25,492.9,498.1,2665,102700,21.775906,24249.45,24700.0,24600,ATM+9,PUT,24150,2026-07-17
2026-07-17 11:23:00+05:30,505.0,506.35,498.1,504.5,715,102960,21.51068,24238.45,24700.0,24600,ATM+9,PUT,24150,2026-07-17
2026-07-17 11:24:00+05:30,506.35,508.0,500.0,500.0,1235,102505,21.702881,24246.2,24700.0,24600,ATM+9,PUT,24150,2026-07-17
2026-07-17 11:25:00+05:30,497.7,503.25,497.6,500.45,1170,102635,21.416146,24242.7,24700.0,24600,ATM+9,PUT,24150,2026-07-17
2026-07-17 11:26:00+05:30,505.0,506.6,500.45,503.25,1755,103935,21.647747,24241.4,24700.0,24600,ATM+9,PUT,24150,2026-07-17
2026-07-17 11:27:00+05:30,499.7,503.25,498.35,499.55,715,103935,21.382728,24243.5,24700.0,24600,ATM+9,PUT,24150,2026-07-17
2026-07-17 11:28:00+05:30,499.55,499.55,499.55,499.55,0,103935,21.552655,24245.2,24700.0,24600,ATM+9,PUT,24150,2026-07-17
2026-07-17 11:29:00+05:30,499.55,500.0,497.5,500.0,715,103090,21.393391,24243.0,24700.0,24600,ATM+9,PUT,24150,2026-07-17
2026-07-17 11:30:00+05:30,500.0,500.85,500.0,500.8,195,103090,21.611456,24244.15,24700.0,24600,ATM+9,PUT,24150,2026-07-17
2026-07-17 11:31:00+05:30,500.8,502.0,500.3,500.3,520,102700,21.750424,24246.2,24700.0,24600,ATM+9,PUT,24150,2026-07-17
2026-07-17 11:32:00+05:30,498.95,501.0,498.95,501.0,390,102700,21.510989,24242.85,24700.0,24600,ATM+9,PUT,24150,2026-07-17
2026-07-17 11:33:00+05:30,499.0,501.0,496.25,496.25,325,102765,21.507352,24248.95,24700.0,24600,ATM+9,PUT,24150,2026-07-17
2026-07-17 11:34:00+05:30,495.0,496.25,487.8,492.7,975,103285,21.414698,24252.6,24700.0,24600,ATM+9,PUT,24150,2026-07-17
2026-07-17 11:35:00+05:30,492.7,492.7,488.0,490.55,975,103285,21.719924,24258.55,24700.0,24600,ATM+9,PUT,24150,2026-07-17
2026-07-17 11:36:00+05:30,488.15,493.05,485.75,493.05,1950,103805,21.290003,24250.85,24700.0,24600,ATM+9,PUT,24150,2026-07-17
2026-07-17 11:37:00+05:30,493.3,500.0,493.05,500.0,1105,103025,21.788806,24246.9,24700.0,24600,ATM+9,PUT,24150,2026-07-17
2026-07-17 11:38:00+05:30,495.75,500.0,494.0,494.0,845,103675,21.448229,24251.2,24700.0,24600,ATM+9,PUT,24150,2026-07-17
2026-07-17 11:39:00+05:30,492.4,494.0,489.45,489.45,1560,103740,21.442792,24257.05,24700.0,24600,ATM+9,PUT,24150,2026-07-17
2026-07-17 11:40:00+05:30,488.15,490.7,486.95,488.2,520,104325,21.426686,24258.5,24700.0,24600,ATM+9,PUT,24150,2026-07-17
2026-07-17 11:41:00+05:30,485.0,488.2,484.0,484.0,1755,104325,21.361897,24263.3,24700.0,24600,ATM+9,PUT,24150,2026-07-17
2026-07-17 11:42:00+05:30,481.0,487.0,480.55,484.7,2080,104390,21.268264,24261.4,24700.0,24600,ATM+9,PUT,24150,2026-07-17
2026-07-17 11:43:00+05:30,486.95,486.95,481.7,484.45,1105,105235,21.305683,24262.1,24700.0,24600,ATM+9,PUT,24150,2026-07-17
2026-07-17 11:44:00+05:30,480.0,484.45,478.15,478.85,8905,105235,21.093624,24267.2,24700.0,24600,ATM+9,PUT,24150,2026-07-17
2026-07-17 11:45:00+05:30,479.9,479.9,476.75,477.15,2340,109655,21.297448,24271.55,24700.0,24600,ATM+9,PUT,24150,2026-07-17
2026-07-17 11:46:00+05:30,477.45,481.0,477.15,480.0,1625,110435,21.41676,24269.05,24700.0,24600,ATM+9,PUT,24150,2026-07-17
2026-07-17 11:47:00+05:30,483.15,484.0,480.0,482.85,2730,110435,21.517133,24266.35,24700.0,24600,ATM+9,PUT,24150,2026-07-17
2026-07-17 11:48:00+05:30,482.1,482.85,479.0,482.0,1040,108420,21.535805,24267.65,24700.0,24600,ATM+9,PUT,24150,2026-07-17
2026-07-17 11:49:00+05:30,480.45,482.0,479.1,479.1,390,108485,21.174825,24267.65,24700.0,24600,ATM+9,PUT,24150,2026-07-17
2026-07-17 11:50:00+05:30,479.95,479.95,479.1,479.95,195,108745,21.562157,24270.6,24700.0,24600,ATM+9,PUT,24150,2026-07-17
2026-07-17 11:51:00+05:30,478.0,479.95,475.85,476.75,780,108810,21.331351,24272.35,24700.0,24600,ATM+9,PUT,24150,2026-07-17
2026-07-17 11:52:00+05:30,476.75,476.75,470.9,470.9,1560,110565,20.744142,24273.85,24700.0,24600,ATM+9,PUT,24150,2026-07-17
2026-07-17 11:53:00+05:30,520.0,520.0,520.0,520.0,0,19890,22.532948,24278.7,24750.0,24600,ATM+9,PUT,24150,2026-07-17
2026-07-17 11:54:00+05:30,520.0,520.0,520.0,520.0,0,19890,22.563802,24279.0,24750.0,24600,ATM+9,PUT,24150,2026-07-17
2026-07-17 11:55:00+05:30,471.0,474.0,470.75,474.0,1365,110175,21.226318,24274.8,24700.0,24600,ATM+9,PUT,24150,2026-07-17
2026-07-17 11:56:00+05:30,520.0,520.0,514.85,514.85,130,19890,22.040787,24280.35,24750.0,24600,ATM+9,PUT,24150,2026-07-17
2026-07-17 11:57:00+05:30,514.85,514.85,514.85,514.85,0,19890,21.942021,24279.35,24750.0,24600,ATM+9,PUT,24150,2026-07-17
2026-07-17 11:58:00+05:30,475.5,477.05,468.9,477.05,585,110045,21.6263,24275.0,24700.0,24600,ATM+9,PUT,24150,2026-07-17
2026-07-17 11:59:00+05:30,514.85,514.85,514.85,514.85,0,19890,21.793343,24277.85,24750.0,24600,ATM+9,PUT,24150,2026-07-17
2026-07-17 12:00:00+05:30,475.0,480.9,475.0,480.9,585,109785,21.721446,24270.9,24700.0,24600,ATM+9,PUT,24150,2026-07-17
2026-07-17 12:01:00+05:30,481.15,484.0,479.0,484.0,1625,109785,21.848622,24268.15,24700.0,24600,ATM+9,PUT,24150,2026-07-17
2026-07-17 12:02:00+05:30,481.85,484.35,481.75,484.35,585,109265,21.81364,24267.3,24700.0,24600,ATM+9,PUT,24150,2026-07-17
2026-07-17 12:03:00+05:30,521.25,530.4,521.25,521.25,65,19890,22.390753,24275.5,24750.0,24600,ATM+9,PUT,24150,2026-07-17
2026-07-17 12:04:00+05:30,474.35,475.0,472.7,475.0,2535,110175,21.367174,24274.85,24700.0,24600,ATM+9,PUT,24150,2026-07-17
2026-07-17 12:05:00+05:30,477.6,478.75,475.0,478.75,195,111215,21.775397,24274.25,24700.0,24600,ATM+9,PUT,24150,2026-07-17
2026-07-17 12:06:00+05:30,478.25,484.0,478.25,484.0,2015,109850,21.822759,24267.8,24700.0,24600,ATM+9,PUT,24150,2026-07-17
2026-07-17 12:07:00+05:30,483.55,488.0,482.65,488.0,3250,109850,21.901606,24263.35,24700.0,24600,ATM+9,PUT,24150,2026-07-17
2026-07-17 12:08:00+05:30,488.0,489.0,486.9,487.0,650,110890,22.223232,24268.1,24700.0,24600,ATM+9,PUT,24150,2026-07-17
2026-07-17 12:09:00+05:30,481.9,487.0,478.25,479.05,520,111540,21.813184,24274.2,24700.0,24600,ATM+9,PUT,24150,2026-07-17
2026-07-17 12:10:00+05:30,475.0,479.05,473.85,473.85,325,111670,21.151747,24274.0,24700.0,24600,ATM+9,PUT,24150,2026-07-17
2026-07-17 12:11:00+05:30,480.5,480.5,473.85,480.15,1040,111670,21.704717,24271.55,24700.0,24600,ATM+9,PUT,24150,2026-07-17
2026-07-17 12:12:00+05:30,525.45,527.4,525.45,525.45,130,19825,22.979271,24275.9,24750.0,24600,ATM+9,PUT,24150,2026-07-17
2026-07-17 12:13:00+05:30,479.35,481.55,479.35,481.55,455,112775,21.782304,24270.5,24700.0,24600,ATM+9,PUT,24150,2026-07-17
2026-07-17 12:14:00+05:30,525.45,525.45,525.45,525.45,0,19825,23.045393,24276.55,24750.0,24600,ATM+9,PUT,24150,2026-07-17
2026-07-17 12:15:00+05:30,523.0,525.45,523.0,524.0,650,19955,23.24479,24280.5,24750.0,24600,ATM+9,PUT,24150,2026-07-17
2026-07-17 12:16:00+05:30,475.9,478.0,474.8,478.0,1690,113555,21.702941,24274.3,24700.0,24600,ATM+9,PUT,24150,2026-07-17
2026-07-17 12:17:00+05:30,481.85,486.95,478.0,485.05,390,113945,22.374561,24272.2,24700.0,24600,ATM+9,PUT,24150,2026-07-17
2026-07-17 12:18:00+05:30,527.25,527.25,527.25,527.25,0,20540,23.191649,24275.65,24750.0,24600,ATM+9,PUT,24150,2026-07-17
2026-07-17 12:19:00+05:30,526.55,527.25,526.55,526.55,65,20605,23.085206,24275.45,24750.0,24600,ATM+9,PUT,24150,2026-07-17
2026-07-17 12:20:00+05:30,526.95,526.95,526.55,526.95,65,20670,23.644272,24280.75,24750.0,24600,ATM+9,PUT,24150,2026-07-17
2026-07-17 12:21:00+05:30,526.95,526.95,526.95,526.95,0,20670,23.527505,24279.5,24750.0,24600,ATM+9,PUT,24150,2026-07-17
2026-07-17 12:22:00+05:30,481.5,484.75,481.15,484.35,3185,116090,22.268884,24271.9,24700.0,24600,ATM+9,PUT,24150,2026-07-17
2026-07-17 12:23:00+05:30,526.95,526.95,526.95,526.95,0,20670,23.677185,24281.05,24750.0,24600,ATM+9,PUT,24150,2026-07-17
2026-07-17 12:24:00+05:30,520.0,526.95,520.0,520.0,65,20670,22.875005,24281.75,24750.0,24600,ATM+9,PUT,24150,2026-07-17
2026-07-17 12:25:00+05:30,521.85,521.85,520.0,521.85,130,20670,22.814327,24278.7,24750.0,24600,ATM+9,PUT,24150,2026-07-17
2026-07-17 12:26:00+05:30,521.55,521.85,521.55,521.55,130,20670,22.640177,24277.3,24750.0,24600,ATM+9,PUT,24150,2026-07-17
2026-07-17 12:27:00+05:30,521.25,521.55,520.35,520.35,130,20800,22.611383,24278.55,24750.0,24600,ATM+9,PUT,24150,2026-07-17
2026-07-17 12:28:00+05:30,520.35,520.35,520.35,520.35,0,20800,22.548687,24277.9,24750.0,24600,ATM+9,PUT,24150,2026-07-17
2026-07-17 12:29:00+05:30,524.45,524.45,520.35,524.45,65,20800,23.047739,24277.65,24750.0,24600,ATM+9,PUT,24150,2026-07-17
2026-07-17 12:30:00+05:30,479.6,479.6,477.15,479.35,910,116350,21.911843,24274.55,24700.0,24600,ATM+9,PUT,24150,2026-07-17
2026-07-17 12:31:00+05:30,524.5,524.5,524.45,524.45,325,20995,22.997221,24277.1,24750.0,24600,ATM+9,PUT,24150,2026-07-17
2026-07-17 12:32:00+05:30,476.4,479.0,476.4,479.0,715,116415,21.797234,24273.75,24700.0,24600,ATM+9,PUT,24150,2026-07-17
2026-07-17 12:33:00+05:30,523.75,524.8,523.1,523.1,195,20540,23.153854,24280.45,24750.0,24600,ATM+9,PUT,24150,2026-07-17
2026-07-17 12:34:00+05:30,521.25,523.1,519.1,519.1,130,20605,22.71715,24281.15,24750.0,24600,ATM+9,PUT,24150,2026-07-17
2026-07-17 12:35:00+05:30,519.45,519.45,519.1,519.45,130,20670,22.777699,24281.3,24750.0,24600,ATM+9,PUT,24150,2026-07-17
2026-07-17 12:36:00+05:30,519.45,519.45,519.45,519.45,0,20670,22.813229,24281.65,24750.0,24600,ATM+9,PUT,24150,2026-07-17
2026-07-17 12:37:00+05:30,519.45,519.45,519.45,519.45,0,20670,22.545092,24278.9,24750.0,24600,ATM+9,PUT,24150,2026-07-17
2026-07-17 12:38:00+05:30,524.35,524.35,519.45,524.35,130,20410,23.130825,24278.5,24750.0,24600,ATM+9,PUT,24150,2026-07-17
2026-07-17 12:39:00+05:30,525.65,525.65,524.35,525.65,65,20410,23.224008,24277.75,24750.0,24600,ATM+9,PUT,24150,2026-07-17
2026-07-17 12:40:00+05:30,479.0,483.0,476.75,483.0,975,116025,21.627,24266.55,24700.0,24600,ATM+9,PUT,24150,2026-07-17
2026-07-17 12:41:00+05:30,483.95,488.0,483.0,488.0,845,115505,22.480974,24269.05,24700.0,24600,ATM+9,PUT,24150,2026-07-17
2026-07-17 12:42:00+05:30,526.05,531.25,521.85,521.85,520,20020,22.980405,24280.15,24750.0,24600,ATM+9,PUT,24150,2026-07-17
2026-07-17 12:43:00+05:30,478.85,479.95,474.0,479.25,455,113945,21.959547,24275.0,24700.0,24600,ATM+9,PUT,24150,2026-07-17
2026-07-17 12:44:00+05:30,528.5,528.5,528.5,528.5,0,20020,23.523063,24277.05,24750.0,24600,ATM+9,PUT,24150,2026-07-17
2026-07-17 12:45:00+05:30,517.45,528.5,517.45,517.45,130,20085,22.752705,24283.5,24750.0,24600,ATM+9,PUT,24150,2026-07-17
2026-07-17 12:46:00+05:30,517.45,517.45,517.45,517.45,0,20085,22.632126,24282.25,24750.0,24600,ATM+9,PUT,24150,2026-07-17
2026-07-17 12:47:00+05:30,517.45,517.45,517.45,517.45,0,20085,23.049897,24286.55,24750.0,24600,ATM+9,PUT,24150,2026-07-17
2026-07-17 12:48:00+05:30,517.45,517.45,517.45,517.45,0,20085,23.118248,24287.25,24750.0,24600,ATM+9,PUT,24150,2026-07-17
2026-07-17 12:49:00+05:30,510.0,517.45,507.5,507.5,130,19955,22.516859,24294.0,24750.0,24600,ATM+9,PUT,24150,2026-07-17
2026-07-17 12:50:00+05:30,500.0,513.45,500.0,513.45,130,19955,22.259162,24283.6,24750.0,24600,ATM+9,PUT,24150,2026-07-17
2026-07-17 12:51:00+05:30,517.05,517.05,513.45,517.05,325,19955,22.499706,24281.35,24750.0,24600,ATM+9,PUT,24150,2026-07-17
2026-07-17 12:52:00+05:30,521.0,521.0,517.05,521.0,780,20280,22.848268,24279.75,24750.0,24600,ATM+9,PUT,24150,2026-07-17
2026-07-17 12:53:00+05:30,475.0,481.4,474.7,481.0,3835,124410,21.957078,24272.5,24700.0,24600,ATM+9,PUT,24150,2026-07-17
2026-07-17 12:54:00+05:30,478.55,483.8,478.55,483.45,2535,123630,22.388622,24273.9,24700.0,24600,ATM+9,PUT,24150,2026-07-17
2026-07-17 12:55:00+05:30,479.95,484.0,477.2,484.0,1755,123500,22.208857,24271.2,24700.0,24600,ATM+9,PUT,24150,2026-07-17
2026-07-17 12:56:00+05:30,483.85,485.0,480.7,481.4,1885,121355,22.200419,24274.55,24700.0,24600,ATM+9,PUT,24150,2026-07-17
2026-07-17 12:57:00+05:30,525.0,527.65,518.15,518.15,390,19955,22.550483,24280.35,24750.0,24600,ATM+9,PUT,24150,2026-07-17
2026-07-17 12:58:00+05:30,518.15,518.15,518.15,518.15,0,19955,22.412974,24278.95,24750.0,24600,ATM+9,PUT,24150,2026-07-17
2026-07-17 12:59:00+05:30,521.65,521.65,518.15,519.8,325,19890,23.051285,24283.3,24750.0,24600,ATM+9,PUT,24150,2026-07-17
2026-07-17 13:00:00+05:30,515.35,519.8,515.35,515.35,130,19890,22.437981,24282.8,24750.0,24600,ATM+9,PUT,24150,2026-07-17
2026-07-17 13:01:00+05:30,515.35,515.35,515.35,515.35,0,19890,22.533048,24283.75,24750.0,24600,ATM+9,PUT,24150,2026-07-17
2026-07-17 13:02:00+05:30,515.35,515.35,515.35,515.35,0,19890,22.025491,24278.65,24750.0,24600,ATM+9,PUT,24150,2026-07-17
2026-07-17 13:03:00+05:30,515.35,515.35,515.35,515.35,0,19890,22.233371,24280.7,24750.0,24600,ATM+9,PUT,24150,2026-07-17
2026-07-17 13:04:00+05:30,515.35,515.35,515.35,515.35,0,19890,22.14946,24279.85,24750.0,24600,ATM+9,PUT,24150,2026-07-17
2026-07-17 13:05:00+05:30,515.35,515.35,515.35,515.35,0,19890,22.276183,24281.1,24750.0,24600,ATM+9,PUT,24150,2026-07-17
2026-07-17 13:06:00+05:30,515.35,515.35,515.35,515.35,0,19890,22.559918,24283.95,24750.0,24600,ATM+9,PUT,24150,2026-07-17
2026-07-17 13:07:00+05:30,515.35,515.35,515.35,515.35,0,19890,21.807758,24276.45,24750.0,24600,ATM+9,PUT,24150,2026-07-17
2026-07-17 13:08:00+05:30,515.35,515.35,515.35,515.35,0,19890,22.144984,24279.75,24750.0,24600,ATM+9,PUT,24150,2026-07-17
2026-07-17 13:09:00+05:30,515.35,515.35,515.35,515.35,0,19890,21.969119,24278.0,24750.0,24600,ATM+9,PUT,24150,2026-07-17
2026-07-17 13:10:00+05:30,524.55,524.55,515.35,522.35,130,19695,23.022146,24279.5,24750.0,24600,ATM+9,PUT,24150,2026-07-17
2026-07-17 13:11:00+05:30,522.0,522.35,522.0,522.0,65,19695,22.959586,24279.3,24750.0,24600,ATM+9,PUT,24150,2026-07-17
2026-07-17 13:12:00+05:30,522.0,522.0,522.0,522.0,0,19695,22.769396,24277.35,24750.0,24600,ATM+9,PUT,24150,2026-07-17
2026-07-17 13:13:00+05:30,522.0,522.0,522.0,522.0,0,19695,22.681654,24276.45,24750.0,24600,ATM+9,PUT,24150,2026-07-17
2026-07-17 13:14:00+05:30,522.0,522.0,522.0,522.0,0,19695,23.278989,24282.55,24750.0,24600,ATM+9,PUT,24150,2026-07-17
2026-07-17 13:15:00+05:30,479.0,489.0,472.1,489.0,5655,120965,22.913519,24271.9,24700.0,24600,ATM+9,PUT,24150,2026-07-17
2026-07-17 13:16:00+05:30,484.7,489.0,483.75,483.75,260,116545,22.356413,24272.8,24700.0,24600,ATM+9,PUT,24150,2026-07-17
2026-07-17 13:17:00+05:30,531.55,531.55,531.55,531.55,0,19695,23.799236,24275.4,24750.0,24600,ATM+9,PUT,24150,2026-07-17
2026-07-17 13:18:00+05:30,480.0,482.85,479.2,479.2,325,117455,21.773911,24272.55,24700.0,24600,ATM+9,PUT,24150,2026-07-17
2026-07-17 13:19:00+05:30,482.85,485.0,479.2,485.0,2730,117845,22.655588,24274.35,24700.0,24600,ATM+9,PUT,24150,2026-07-17
2026-07-17 13:20:00+05:30,529.4,529.4,529.4,529.4,0,20280,23.71561,24277.3,24750.0,24600,ATM+9,PUT,24150,2026-07-17
2026-07-17 13:21:00+05:30,529.4,529.4,529.4,529.4,0,20280,23.731512,24277.45,24750.0,24600,ATM+9,PUT,24150,2026-07-17
2026-07-17 13:22:00+05:30,485.0,485.0,483.05,485.0,130,116350,22.660066,24274.35,24700.0,24600,ATM+9,PUT,24150,2026-07-17
2026-07-17 13:23:00+05:30,485.0,488.85,485.0,487.45,650,115765,22.475012,24269.05,24700.0,24600,ATM+9,PUT,24150,2026-07-17
2026-07-17 13:24:00+05:30,487.0,493.35,487.0,492.7,1235,116155,22.881332,24266.45,24700.0,24600,ATM+9,PUT,24150,2026-07-17
2026-07-17 13:25:00+05:30,491.45,496.0,487.0,487.0,5135,115440,22.385375,24268.65,24700.0,24600,ATM+9,PUT,24150,2026-07-17
2026-07-17 13:26:00+05:30,484.15,492.65,484.15,492.0,1560,114075,22.664583,24265.0,24700.0,24600,ATM+9,PUT,24150,2026-07-17
2026-07-17 13:27:00+05:30,494.5,495.0,491.7,495.0,1170,114075,22.743574,24261.85,24700.0,24600,ATM+9,PUT,24150,2026-07-17
2026-07-17 13:28:00+05:30,495.85,496.1,494.8,495.85,2210,112580,22.738312,24260.65,24700.0,24600,ATM+9,PUT,24150,2026-07-17
2026-07-17 13:29:00+05:30,493.25,495.85,486.2,488.0,3120,112255,22.389071,24267.3,24700.0,24600,ATM+9,PUT,24150,2026-07-17
2026-07-17 13:30:00+05:30,490.0,490.0,488.0,489.5,1040,111280,22.801309,24269.75,24700.0,24600,ATM+9,PUT,24150,2026-07-17
2026-07-17 13:31:00+05:30,485.95,492.25,484.0,490.3,1495,112320,22.74477,24268.05,24700.0,24600,ATM+9,PUT,24150,2026-07-17
2026-07-17 13:32:00+05:30,493.2,494.6,490.3,494.2,1170,112710,23.081434,24266.5,24700.0,24600,ATM+9,PUT,24150,2026-07-17
2026-07-17 13:33:00+05:30,494.2,494.2,494.2,494.2,1300,112125,22.848729,24263.95,24700.0,24600,ATM+9,PUT,24150,2026-07-17
2026-07-17 13:34:00+05:30,493.25,495.0,489.9,490.0,520,110955,22.494569,24265.7,24700.0,24600,ATM+9,PUT,24150,2026-07-17
2026-07-17 13:35:00+05:30,487.8,490.0,487.8,487.8,65,110955,22.401088,24267.6,24700.0,24600,ATM+9,PUT,24150,2026-07-17
2026-07-17 13:36:00+05:30,487.0,487.8,482.85,482.85,845,110890,21.994511,24269.8,24700.0,24600,ATM+9,PUT,24150,2026-07-17
2026-07-17 13:37:00+05:30,486.9,493.65,482.85,493.65,520,111150,22.856408,24264.7,24700.0,24600,ATM+9,PUT,24150,2026-07-17
2026-07-17 13:38:00+05:30,494.0,494.0,493.65,493.85,1560,111085,22.983731,24265.8,24700.0,24600,ATM+9,PUT,24150,2026-07-17
2026-07-17 13:39:00+05:30,492.3,493.85,491.25,491.25,520,112580,23.005785,24269.5,24700.0,24600,ATM+9,PUT,24150,2026-07-17
2026-07-17 13:40:00+05:30,495.0,503.0,491.25,503.0,2535,112320,23.414856,24258.25,24700.0,24600,ATM+9,PUT,24150,2026-07-17
2026-07-17 13:41:00+05:30,501.45,509.0,497.85,497.9,3185,111345,22.446476,24254.65,24700.0,24600,ATM+9,PUT,24150,2026-07-17
2026-07-17 13:42:00+05:30,497.45,506.85,497.45,506.75,2405,110110,23.226675,24251.2,24700.0,24600,ATM+9,PUT,24150,2026-07-17
2026-07-17 13:43:00+05:30,504.7,507.95,504.7,507.15,2665,109655,23.00938,24248.35,24700.0,24600,ATM+9,PUT,24150,2026-07-17
2026-07-17 13:44:00+05:30,504.8,508.9,500.65,502.85,2925,108290,23.03143,24254.25,24700.0,24600,ATM+9,PUT,24150,2026-07-17
2026-07-17 13:45:00+05:30,503.95,504.35,502.85,502.85,325,108160,22.858634,24252.4,24700.0,24600,ATM+9,PUT,24150,2026-07-17
2026-07-17 13:46:00+05:30,504.7,515.0,502.85,515.0,3705,107965,23.685314,24245.1,24700.0,24600,ATM+9,PUT,24150,2026-07-17
2026-07-17 13:47:00+05:30,516.0,522.4,512.75,519.75,5460,104130,23.676412,24238.7,24700.0,24600,ATM+9,PUT,24150,2026-07-17
2026-07-17 13:48:00+05:30,517.4,519.75,512.5,513.45,3965,105495,23.678413,24247.05,24700.0,24600,ATM+9,PUT,24150,2026-07-17
2026-07-17 13:49:00+05:30,511.65,519.0,511.65,517.25,1235,104260,23.485398,24239.95,24700.0,24600,ATM+9,PUT,24150,2026-07-17
2026-07-17 13:50:00+05:30,517.3,524.7,517.25,521.0,6695,101205,22.707019,24227.05,24700.0,24600,ATM+9,PUT,24150,2026-07-17
2026-07-17 13:51:00+05:30,475.25,488.9,474.15,484.0,3575,57850,21.833053,24215.95,24650.0,24600,ATM+9,PUT,24150,2026-07-17
2026-07-17 13:52:00+05:30,484.7,484.7,478.9,481.6,2405,57395,22.141583,24222.35,24650.0,24600,ATM+9,PUT,24150,2026-07-17
2026-07-17 13:53:00+05:30,529.6,529.7,524.8,524.8,3185,92170,23.416229,24229.25,24700.0,24600,ATM+9,PUT,24150,2026-07-17
2026-07-17 13:54:00+05:30,525.3,525.6,520.1,521.8,3055,91845,23.303678,24232.0,24700.0,24600,ATM+9,PUT,24150,2026-07-17
2026-07-17 13:55:00+05:30,524.95,524.95,516.1,516.1,2600,92755,23.018023,24236.5,24700.0,24600,ATM+9,PUT,24150,2026-07-17
2026-07-17 13:56:00+05:30,519.35,524.0,516.1,521.2,650,93145,23.303323,24232.75,24700.0,24600,ATM+9,PUT,24150,2026-07-17
2026-07-17 13:57:00+05:30,518.9,521.2,516.7,518.45,520,93340,23.04738,24233.7,24700.0,24600,ATM+9,PUT,24150,2026-07-17
2026-07-17 13:58:00+05:30,518.0,518.45,513.05,513.85,2275,92105,22.843183,24237.6,24700.0,24600,ATM+9,PUT,24150,2026-07-17
2026-07-17 13:59:00+05:30,514.75,514.75,493.85,494.65,3185,93015,21.613086,24250.1,24700.0,24600,ATM+9,PUT,24150,2026-07-17
2026-07-17 14:00:00+05:30,502.05,502.35,494.65,500.0,585,92885,22.173825,24248.8,24700.0,24600,ATM+9,PUT,24150,2026-07-17
2026-07-17 14:01:00+05:30,497.5,505.95,497.5,504.45,1495,93145,22.547135,24246.8,24700.0,24600,ATM+9,PUT,24150,2026-07-17
2026-07-17 14:02:00+05:30,505.25,509.7,504.45,507.15,2730,93015,22.580698,24243.6,24700.0,24600,ATM+9,PUT,24150,2026-07-17
2026-07-17 14:03:00+05:30,505.0,507.15,504.5,504.5,780,93080,22.502958,24246.25,24700.0,24600,ATM+9,PUT,24150,2026-07-17
2026-07-17 14:04:00+05:30,499.0,504.5,497.0,501.55,1105,93015,22.527469,24250.35,24700.0,24600,ATM+9,PUT,24150,2026-07-17
2026-07-17 14:05:00+05:30,500.0,501.55,493.8,498.2,975,93015,22.524187,24254.7,24700.0,24600,ATM+9,PUT,24150,2026-07-17
2026-07-17 14:06:00+05:30,495.15,502.3,495.15,502.3,715,93015,22.557771,24249.65,24700.0,24600,ATM+9,PUT,24150,2026-07-17
2026-07-17 14:07:00+05:30,503.45,503.5,499.25,499.25,1625,93015,22.307922,24251.05,24700.0,24600,ATM+9,PUT,24150,2026-07-17
2026-07-17 14:08:00+05:30,499.1,504.4,499.0,502.95,845,93015,22.782007,24251.1,24700.0,24600,ATM+9,PUT,24150,2026-07-17
2026-07-17 14:09:00+05:30,501.0,502.95,500.8,501.0,2080,91520,22.715021,24252.95,24700.0,24600,ATM+9,PUT,24150,2026-07-17
2026-07-17 14:10:00+05:30,498.0,501.0,496.35,496.35,1495,90805,22.230231,24254.0,24700.0,24600,ATM+9,PUT,24150,2026-07-17
2026-07-17 14:11:00+05:30,495.0,496.35,484.6,485.75,2860,91780,21.975459,24265.25,24700.0,24600,ATM+9,PUT,24150,2026-07-17
2026-07-17 14:12:00+05:30,483.55,485.75,476.0,478.05,5980,92495,21.615385,24271.6,24700.0,24600,ATM+9,PUT,24150,2026-07-17
2026-07-17 14:13:00+05:30,517.75,526.7,514.65,514.65,650,19760,21.888392,24277.25,24750.0,24600,ATM+9,PUT,24150,2026-07-17
2026-07-17 14:14:00+05:30,510.0,514.65,510.0,510.0,65,19175,21.615158,24280.55,24750.0,24600,ATM+9,PUT,24150,2026-07-17
2026-07-17 14:15:00+05:30,553.05,556.5,476.0,476.0,3185,68640,18.522499,24345.4,24800.0,24600,ATM+9,PUT,24150,2026-07-17
2026-07-17 14:16:00+05:30,473.35,491.85,459.35,459.35,9425,71370,18.165704,24362.9,24800.0,24600,ATM+9,PUT,24150,2026-07-17
2026-07-17 14:17:00+05:30,460.0,481.85,457.8,481.85,7605,73190,19.580437,24347.45,24800.0,24600,ATM+9,PUT,24150,2026-07-17
2026-07-17 14:18:00+05:30,485.85,496.0,481.85,496.0,8255,71825,19.910616,24332.7,24800.0,24600,ATM+9,PUT,24150,2026-07-17
2026-07-17 14:19:00+05:30,449.4,474.15,449.4,474.15,2340,22490,19.755564,24308.45,24750.0,24600,ATM+9,PUT,24150,2026-07-17
2026-07-17 14:20:00+05:30,470.7,476.05,466.65,476.05,1560,21320,20.457606,24312.75,24750.0,24600,ATM+9,PUT,24150,2026-07-17
2026-07-17 14:21:00+05:30,479.0,481.55,471.15,477.1,2275,21320,20.247441,24309.35,24750.0,24600,ATM+9,PUT,24150,2026-07-17
2026-07-17 14:22:00+05:30,485.0,486.5,477.1,486.5,390,21255,20.62423,24300.95,24750.0,24600,ATM+9,PUT,24150,2026-07-17
2026-07-17 14:23:00+05:30,498.1,499.15,486.5,495.2,2535,19955,20.923544,24292.7,24750.0,24600,ATM+9,PUT,24150,2026-07-17
2026-07-17 14:24:00+05:30,496.15,497.75,495.2,497.25,1495,19955,21.765567,24298.3,24750.0,24600,ATM+9,PUT,24150,2026-07-17
2026-07-17 14:25:00+05:30,490.7,497.25,475.35,475.35,1105,20020,19.802296,24307.3,24750.0,24600,ATM+9,PUT,24150,2026-07-17
2026-07-17 14:26:00+05:30,476.75,479.25,473.75,475.75,1560,19890,20.271588,24311.25,24750.0,24600,ATM+9,PUT,24150,2026-07-17
2026-07-17 14:27:00+05:30,478.4,478.4,472.3,472.3,325,20215,19.781215,24310.95,24750.0,24600,ATM+9,PUT,24150,2026-07-17
2026-07-17 14:28:00+05:30,467.5,472.3,467.5,468.2,390,20475,19.066966,24309.5,24750.0,24600,ATM+9,PUT,24150,2026-07-17
2026-07-17 14:29:00+05:30,475.8,501.75,468.2,495.95,5135,20345,20.468786,24287.4,24750.0,24600,ATM+9,PUT,24150,2026-07-17
2026-07-17 14:30:00+05:30,496.5,496.5,476.9,481.45,2340,20150,20.347753,24304.65,24750.0,24600,ATM+9,PUT,24150,2026-07-17
2026-07-17 14:31:00+05:30,481.45,482.7,477.65,482.55,1235,20800,20.036249,24300.3,24750.0,24600,ATM+9,PUT,24150,2026-07-17
2026-07-17 14:32:00+05:30,486.95,488.95,482.55,488.85,325,20800,20.762219,24299.15,24750.0,24600,ATM+9,PUT,24150,2026-07-17
2026-07-17 14:33:00+05:30,488.85,488.85,485.0,485.0,585,21255,19.858937,24295.55,24750.0,24600,ATM+9,PUT,24150,2026-07-17
2026-07-17 14:34:00+05:30,486.0,486.0,485.0,486.0,65,21255,20.261419,24298.0,24750.0,24600,ATM+9,PUT,24150,2026-07-17
2026-07-17 14:35:00+05:30,484.55,487.4,484.55,487.4,455,21255,20.520152,24298.65,24750.0,24600,ATM+9,PUT,24150,2026-07-17
2026-07-17 14:36:00+05:30,487.4,489.7,487.3,487.3,1170,21320,19.927425,24293.25,24750.0,24600,ATM+9,PUT,24150,2026-07-17
2026-07-17 14:37:00+05:30,491.4,491.6,486.65,486.65,455,21515,19.816729,24293.05,24750.0,24600,ATM+9,PUT,24150,2026-07-17
2026-07-17 14:38:00+05:30,486.65,486.65,486.65,486.65,0,21515,20.454918,24298.95,24750.0,24600,ATM+9,PUT,24150,2026-07-17
2026-07-17 14:39:00+05:30,484.75,486.65,484.75,484.75,195,21775,20.087127,24297.9,24750.0,24600,ATM+9,PUT,24150,2026-07-17
2026-07-17 14:40:00+05:30,480.2,484.75,480.2,482.05,390,21775,20.161148,24302.0,24750.0,24600,ATM+9,PUT,24150,2026-07-17
2026-07-17 14:41:00+05:30,483.7,483.7,471.3,471.3,130,21840,19.758731,24311.85,24750.0,24600,ATM+9,PUT,24150,2026-07-17
2026-07-17 14:42:00+05:30,475.95,475.95,471.3,475.95,65,21840,20.229965,24310.4,24750.0,24600,ATM+9,PUT,24150,2026-07-17
2026-07-17 14:43:00+05:30,471.3,475.95,465.85,474.45,1170,21840,20.20855,24312.1,24750.0,24600,ATM+9,PUT,24150,2026-07-17
2026-07-17 14:44:00+05:30,469.75,474.45,463.1,463.1,910,21970,19.271966,24317.65,24750.0,24600,ATM+9,PUT,24150,2026-07-17
2026-07-17 14:45:00+05:30,468.9,468.9,462.9,462.9,650,22165,19.44306,24319.5,24750.0,24600,ATM+9,PUT,24150,2026-07-17
2026-07-17 14:46:00+05:30,519.0,519.45,507.2,511.2,1105,83720,21.20038,24325.05,24800.0,24600,ATM+9,PUT,24150,2026-07-17
2026-07-17 14:47:00+05:30,460.65,466.55,460.65,464.5,1170,22425,19.878135,24321.6,24750.0,24600,ATM+9,PUT,24150,2026-07-17
2026-07-17 14:48:00+05:30,466.3,466.3,462.95,462.95,520,22750,19.532426,24320.25,24750.0,24600,ATM+9,PUT,24150,2026-07-17
2026-07-17 14:49:00+05:30,462.05,464.2,462.05,464.2,195,22750,20.086894,24324.0,24750.0,24600,ATM+9,PUT,24150,2026-07-17
2026-07-17 14:50:00+05:30,470.0,470.0,464.2,465.95,325,22685,19.908446,24320.0,24750.0,24600,ATM+9,PUT,24150,2026-07-17
2026-07-17 14:51:00+05:30,464.35,465.95,462.3,462.3,520,22685,19.106369,24317.05,24750.0,24600,ATM+9,PUT,24150,2026-07-17
2026-07-17 14:52:00+05:30,465.6,465.8,462.3,465.8,130,23205,19.849528,24319.6,24750.0,24600,ATM+9,PUT,24150,2026-07-17
2026-07-17 14:53:00+05:30,465.8,465.8,465.8,465.8,0,23205,19.943935,24320.5,24750.0,24600,ATM+9,PUT,24150,2026-07-17
2026-07-17 14:54:00+05:30,470.2,470.2,465.8,470.2,130,23335,20.567538,24320.95,24750.0,24600,ATM+9,PUT,24150,2026-07-17
2026-07-17 14:55:00+05:30,516.3,518.75,515.95,516.1,455,82160,22.115334,24327.4,24800.0,24600,ATM+9,PUT,24150,2026-07-17
2026-07-17 14:56:00+05:30,457.7,467.6,455.05,464.45,1300,23595,20.219553,24324.9,24750.0,24600,ATM+9,PUT,24150,2026-07-17
2026-07-17 14:57:00+05:30,463.7,464.5,463.7,464.5,325,23790,19.890393,24321.6,24750.0,24600,ATM+9,PUT,24150,2026-07-17
2026-07-17 14:58:00+05:30,468.45,468.45,464.5,468.45,65,24050,19.818591,24315.85,24750.0,24600,ATM+9,PUT,24150,2026-07-17
2026-07-17 14:59:00+05:30,475.0,475.0,468.45,475.0,130,24050,20.265315,24311.75,24750.0,24600,ATM+9,PUT,24150,2026-07-17
2026-07-17 15:00:00+05:30,478.6,478.6,460.65,460.65,325,24050,19.600726,24323.7,24750.0,24600,ATM+9,PUT,24150,2026-07-17
2026-07-17 15:01:00+05:30,509.95,512.35,496.6,509.9,8515,84110,21.102291,24325.6,24800.0,24600,ATM+9,PUT,24150,2026-07-17
2026-07-17 15:02:00+05:30,465.75,466.45,460.6,463.05,585,23725,19.98787,24324.35,24750.0,24600,ATM+9,PUT,24150,2026-07-17
2026-07-17 15:03:00+05:30,465.05,465.05,463.05,465.05,65,23725,19.589604,24317.95,24750.0,24600,ATM+9,PUT,24150,2026-07-17
2026-07-17 15:04:00+05:30,469.45,469.45,465.05,468.55,130,23855,20.476552,24322.05,24750.0,24600,ATM+9,PUT,24150,2026-07-17
2026-07-17 15:05:00+05:30,510.75,515.35,508.95,508.95,1820,85150,21.188062,24327.55,24800.0,24600,ATM+9,PUT,24150,2026-07-17
2026-07-17 15:06:00+05:30,510.0,510.0,507.45,508.15,780,85280,21.363435,24330.2,24800.0,24600,ATM+9,PUT,24150,2026-07-17
2026-07-17 15:07:00+05:30,503.8,508.15,499.65,501.65,1040,84890,20.923062,24334.3,24800.0,24600,ATM+9,PUT,24150,2026-07-17
2026-07-17 15:08:00+05:30,506.0,510.0,501.65,510.0,585,84890,21.811701,24332.1,24800.0,24600,ATM+9,PUT,24150,2026-07-17
2026-07-17 15:09:00+05:30,507.3,510.0,504.25,506.35,520,84630,21.478516,24333.55,24800.0,24600,ATM+9,PUT,24150,2026-07-17
2026-07-17 15:10:00+05:30,509.05,511.75,506.35,509.9,5980,84630,21.765003,24331.75,24800.0,24600,ATM+9,PUT,24150,2026-07-17
2026-07-17 15:11:00+05:30,504.0,509.9,504.0,505.5,1365,84305,21.23039,24332.25,24800.0,24600,ATM+9,PUT,24150,2026-07-17
2026-07-17 15:12:00+05:30,501.65,505.5,500.0,501.85,1625,84825,21.14255,24336.05,24800.0,24600,ATM+9,PUT,24150,2026-07-17
2026-07-17 15:13:00+05:30,504.0,505.75,501.85,505.0,325,84825,21.444874,24334.9,24800.0,24600,ATM+9,PUT,24150,2026-07-17
2026-07-17 15:14:00+05:30,508.0,515.0,505.0,513.95,650,84630,21.997138,24328.75,24800.0,24600,ATM+9,PUT,24150,2026-07-17
2026-07-17 15:15:00+05:30,470.0,475.15,462.6,473.95,975,20150,21.362976,24323.85,24750.0,24600,ATM+9,PUT,24150,2026-07-17
2026-07-17 15:16:00+05:30,474.7,475.2,470.65,470.65,910,20150,20.849142,24322.9,24750.0,24600,ATM+9,PUT,24150,2026-07-17
2026-07-17 15:17:00+05:30,518.25,521.2,514.35,516.9,1820,83850,22.061327,24325.55,24800.0,24600,ATM+9,PUT,24150,2026-07-17
2026-07-17 15:18:00+05:30,517.3,521.7,514.85,521.7,1365,83590,23.021248,24328.8,24800.0,24600,ATM+9,PUT,24150,2026-07-17
2026-07-17 15:19:00+05:30,521.5,521.7,516.2,520.35,1625,83590,22.868123,24329.0,24800.0,24600,ATM+9,PUT,24150,2026-07-17
2026-07-17 15:20:00+05:30,519.3,520.35,514.45,516.25,2925,81445,22.733013,24332.95,24800.0,24600,ATM+9,PUT,24150,2026-07-17
2026-07-17 15:21:00+05:30,516.5,516.5,505.45,508.35,975,81445,21.719667,24333.15,24800.0,24600,ATM+9,PUT,24150,2026-07-17
2026-07-17 15:22:00+05:30,502.0,508.35,499.0,503.0,6110,81185,21.393929,24336.85,24800.0,24600,ATM+9,PUT,24150,2026-07-17
2026-07-17 15:23:00+05:30,500.3,503.0,498.55,498.55,975,80080,20.913734,24337.95,24800.0,24600,ATM+9,PUT,24150,2026-07-17
2026-07-17 15:24:00+05:30,491.0,498.55,490.1,494.6,1235,78975,20.89661,24342.8,24800.0,24600,ATM+9,PUT,24150,2026-07-17
2026-07-17 15:25:00+05:30,494.0,494.6,488.0,491.6,2340,78650,20.726963,24345.0,24800.0,24600,ATM+9,PUT,24150,2026-07-17
2026-07-17 15:26:00+05:30,490.0,493.7,487.25,491.5,3055,78650,20.480263,24342.8,24800.0,24600,ATM+9,PUT,24150,2026-07-17
2026-07-17 15:27:00+05:30,490.55,491.55,485.05,485.05,1820,76310,19.724646,24344.0,24800.0,24600,ATM+9,PUT,24150,2026-07-17
2026-07-17 15:28:00+05:30,486.05,488.4,477.35,480.25,3250,77480,18.505807,24339.4,24800.0,24600,ATM+9,PUT,24150,2026-07-17
2026-07-17 15:29:00+05:30,480.5,480.95,473.1,473.1,5980,77480,18.330559,24346.7,24800.0,24600,ATM+9,PUT,24150,2026-07-17
2026-07-17 09:15:00+05:30,5.95,7.7,4.6,7.7,560820,2618655,11.439852,24151.25,24650.0,24650,ATM+10,CALL,24150,2026-07-17
2026-07-17 09:16:00+05:30,8.05,8.15,6.95,7.45,977795,2670330,10.979195,24171.0,24650.0,24650,ATM+10,CALL,24150,2026-07-17
2026-07-17 09:17:00+05:30,5.55,5.85,5.45,5.55,718705,6508645,11.12853,24176.15,24700.0,24650,ATM+10,CALL,24150,2026-07-17
2026-07-17 09:18:00+05:30,5.5,6.15,5.4,6.15,667225,6602635,11.150091,24187.4,24700.0,24650,ATM+10,CALL,24150,2026-07-17
2026-07-17 09:19:00+05:30,6.35,6.65,6.1,6.2,851110,6692660,11.161029,24187.85,24700.0,24650,ATM+10,CALL,24150,2026-07-17
2026-07-17 09:20:00+05:30,6.0,6.25,5.8,5.9,598260,6846775,11.052704,24187.75,24700.0,24650,ATM+10,CALL,24150,2026-07-17
2026-07-17 09:21:00+05:30,5.85,5.9,5.55,5.6,472290,6925880,10.97607,24185.75,24700.0,24650,ATM+10,CALL,24150,2026-07-17
2026-07-17 09:22:00+05:30,5.6,5.85,5.5,5.85,371475,6935955,11.017356,24188.75,24700.0,24650,ATM+10,CALL,24150,2026-07-17
2026-07-17 09:23:00+05:30,5.8,5.85,5.5,5.5,415610,7037225,10.931716,24186.15,24700.0,24650,ATM+10,CALL,24150,2026-07-17
2026-07-17 09:24:00+05:30,5.45,5.8,5.35,5.75,384995,7147855,10.923291,24191.9,24700.0,24650,ATM+10,CALL,24150,2026-07-17
2026-07-17 09:25:00+05:30,5.7,6.1,5.65,5.9,373880,7168200,10.851882,24198.85,24700.0,24650,ATM+10,CALL,24150,2026-07-17
2026-07-17 09:26:00+05:30,6.0,6.15,5.85,6.0,278005,7194460,10.87211,24199.8,24700.0,24650,ATM+10,CALL,24150,2026-07-17
2026-07-17 09:27:00+05:30,5.95,6.25,5.85,6.15,327925,7214610,10.870816,24202.85,24700.0,24650,ATM+10,CALL,24150,2026-07-17
2026-07-17 09:28:00+05:30,6.15,6.25,6.05,6.15,96200,7240025,10.835327,24204.8,24700.0,24650,ATM+10,CALL,24150,2026-07-17
2026-07-17 09:29:00+05:30,6.15,6.5,6.1,6.5,327990,7250880,10.862411,24210.0,24700.0,24650,ATM+10,CALL,24150,2026-07-17
2026-07-17 09:30:00+05:30,6.55,6.7,6.1,6.25,515320,7407530,10.893763,24203.7,24700.0,24650,ATM+10,CALL,24150,2026-07-17
2026-07-17 09:31:00+05:30,6.2,6.35,5.75,5.8,381160,7453810,10.857461,24196.85,24700.0,24650,ATM+10,CALL,24150,2026-07-17
2026-07-17 09:32:00+05:30,5.85,6.05,5.65,6.05,265265,7435870,10.795548,24205.2,24700.0,24650,ATM+10,CALL,24150,2026-07-17
2026-07-17 09:33:00+05:30,6.05,6.35,5.95,6.15,221000,7472595,10.729709,24210.7,24700.0,24650,ATM+10,CALL,24150,2026-07-17
2026-07-17 09:34:00+05:30,6.2,6.55,5.95,6.0,493935,7485855,10.753155,24206.6,24700.0,24650,ATM+10,CALL,24150,2026-07-17
2026-07-17 09:35:00+05:30,6.05,6.05,5.9,5.95,180765,7578545,10.727461,24207.05,24700.0,24650,ATM+10,CALL,24150,2026-07-17
2026-07-17 09:36:00+05:30,5.9,6.1,5.8,6.0,187785,7544680,10.702822,24209.4,24700.0,24650,ATM+10,CALL,24150,2026-07-17
2026-07-17 09:37:00+05:30,6.05,6.3,5.9,6.25,252070,7543900,10.664861,24216.25,24700.0,24650,ATM+10,CALL,24150,2026-07-17
2026-07-17 09:38:00+05:30,6.3,6.5,6.2,6.4,309855,7542080,10.618226,24221.55,24700.0,24650,ATM+10,CALL,24150,2026-07-17
2026-07-17 09:39:00+05:30,6.45,6.55,6.2,6.3,246740,7619170,10.629715,24219.15,24700.0,24650,ATM+10,CALL,24150,2026-07-17
2026-07-17 09:40:00+05:30,6.2,6.65,6.2,6.45,304070,7604675,10.646861,24221.05,24700.0,24650,ATM+10,CALL,24150,2026-07-17
2026-07-17 09:41:00+05:30,6.45,6.7,6.35,6.5,246870,7609615,10.643222,24222.2,24700.0,24650,ATM+10,CALL,24150,2026-07-17
2026-07-17 09:42:00+05:30,6.6,6.75,6.5,6.6,296725,7608965,10.630805,24224.7,24700.0,24650,ATM+10,CALL,24150,2026-07-17
2026-07-17 09:43:00+05:30,5.2,5.45,5.15,5.35,122915,2819895,11.069162,24225.15,24750.0,24650,ATM+10,CALL,24150,2026-07-17
2026-07-17 09:44:00+05:30,5.5,5.9,5.35,5.8,386555,2788630,11.133985,24231.3,24750.0,24650,ATM+10,CALL,24150,2026-07-17
2026-07-17 09:45:00+05:30,5.7,6.65,5.7,6.0,428285,2825745,11.151419,24234.5,24750.0,24650,ATM+10,CALL,24150,2026-07-17
2026-07-17 09:46:00+05:30,6.05,6.6,5.95,6.4,256100,2836795,11.169174,24241.45,24750.0,24650,ATM+10,CALL,24150,2026-07-17
2026-07-17 09:47:00+05:30,6.35,6.75,6.25,6.3,316485,2852330,11.22951,24236.35,24750.0,24650,ATM+10,CALL,24150,2026-07-17
2026-07-17 09:48:00+05:30,6.3,6.6,6.25,6.45,103350,2878265,11.215294,24240.05,24750.0,24650,ATM+10,CALL,24150,2026-07-17
2026-07-17 09:49:00+05:30,6.45,6.5,6.15,6.25,74100,2882815,11.203995,24236.85,24750.0,24650,ATM+10,CALL,24150,2026-07-17
2026-07-17 09:50:00+05:30,6.3,6.7,6.25,6.45,171925,2895620,11.158204,24243.2,24750.0,24650,ATM+10,CALL,24150,2026-07-17
2026-07-17 09:51:00+05:30,6.35,6.45,5.85,5.85,179075,2898415,11.204335,24228.9,24750.0,24650,ATM+10,CALL,24150,2026-07-17
2026-07-17 09:52:00+05:30,5.95,6.0,5.7,5.75,177515,2914730,11.147663,24229.95,24750.0,24650,ATM+10,CALL,24150,2026-07-17
2026-07-17 09:53:00+05:30,5.75,6.1,5.7,6.05,131430,2920060,11.204056,24233.1,24750.0,24650,ATM+10,CALL,24150,2026-07-17
2026-07-17 09:54:00+05:30,6.0,6.6,5.95,6.35,78000,2921490,11.186393,24240.0,24750.0,24650,ATM+10,CALL,24150,2026-07-17
2026-07-17 09:55:00+05:30,6.3,6.35,5.85,5.85,157105,2949765,11.184351,24230.2,24750.0,24650,ATM+10,CALL,24150,2026-07-17
2026-07-17 09:56:00+05:30,7.5,7.55,6.95,7.05,417105,8500765,10.825019,24223.1,24700.0,24650,ATM+10,CALL,24150,2026-07-17
2026-07-17 09:57:00+05:30,7.1,7.1,6.55,6.7,345085,8418215,10.780987,24219.35,24700.0,24650,ATM+10,CALL,24150,2026-07-17
2026-07-17 09:58:00+05:30,5.3,5.6,5.2,5.55,204035,2948140,11.092391,24229.05,24750.0,24650,ATM+10,CALL,24150,2026-07-17
2026-07-17 09:59:00+05:30,5.55,5.6,5.35,5.45,155935,2996240,11.057512,24228.85,24750.0,24650,ATM+10,CALL,24150,2026-07-17
2026-07-17 10:00:00+05:30,7.15,7.45,6.55,6.6,314470,8391760,10.706127,24221.65,24700.0,24650,ATM+10,CALL,24150,2026-07-17
2026-07-17 10:01:00+05:30,6.6,6.8,6.05,6.15,710320,8352630,10.725769,24212.35,24700.0,24650,ATM+10,CALL,24150,2026-07-17
2026-07-17 10:02:00+05:30,6.2,6.3,6.05,6.1,314145,8197605,10.642136,24215.9,24700.0,24650,ATM+10,CALL,24150,2026-07-17
2026-07-17 10:03:00+05:30,6.1,6.2,5.9,6.05,460785,8172255,10.642971,24214.95,24700.0,24650,ATM+10,CALL,24150,2026-07-17
2026-07-17 10:04:00+05:30,6.05,6.1,5.85,6.0,305955,8161725,10.634315,24214.5,24700.0,24650,ATM+10,CALL,24150,2026-07-17
2026-07-17 10:05:00+05:30,5.95,6.5,5.95,6.5,296920,8136700,10.683376,24221.3,24700.0,24650,ATM+10,CALL,24150,2026-07-17
2026-07-17 10:06:00+05:30,6.45,6.7,6.45,6.5,184860,8104525,10.65775,24222.7,24700.0,24650,ATM+10,CALL,24150,2026-07-17
2026-07-17 10:07:00+05:30,4.95,5.1,4.95,5.05,40300,3079375,10.960952,24225.65,24750.0,24650,ATM+10,CALL,24150,2026-07-17
2026-07-17 10:08:00+05:30,5.1,5.1,4.95,5.1,64545,3094130,10.947364,24227.6,24750.0,24650,ATM+10,CALL,24150,2026-07-17
2026-07-17 10:09:00+05:30,5.1,5.45,5.1,5.25,88270,3112655,10.930629,24231.95,24750.0,24650,ATM+10,CALL,24150,2026-07-17
2026-07-17 10:10:00+05:30,5.25,5.35,5.2,5.25,100945,3117465,10.955293,24230.65,24750.0,24650,ATM+10,CALL,24150,2026-07-17
2026-07-17 10:11:00+05:30,5.3,5.3,5.2,5.3,95095,3126825,10.92905,24233.25,24750.0,24650,ATM+10,CALL,24150,2026-07-17
2026-07-17 10:12:00+05:30,5.3,5.9,5.25,5.9,253240,3127670,11.04071,24239.9,24750.0,24650,ATM+10,CALL,24150,2026-07-17
2026-07-17 10:13:00+05:30,5.9,6.15,5.85,5.9,316420,3144310,10.926578,24246.1,24750.0,24650,ATM+10,CALL,24150,2026-07-17
2026-07-17 10:14:00+05:30,5.85,5.9,5.5,5.5,139165,3149185,10.890389,24239.85,24750.0,24650,ATM+10,CALL,24150,2026-07-17
2026-07-17 10:15:00+05:30,5.5,5.8,5.45,5.75,136955,3143270,10.879594,24245.7,24750.0,24650,ATM+10,CALL,24150,2026-07-17
2026-07-17 10:16:00+05:30,5.8,5.9,5.65,5.75,94315,3148145,10.853717,24247.15,24750.0,24650,ATM+10,CALL,24150,2026-07-17
2026-07-17 10:17:00+05:30,5.75,6.35,5.7,6.2,219505,3160820,10.899478,24253.65,24750.0,24650,ATM+10,CALL,24150,2026-07-17
2026-07-17 10:18:00+05:30,6.2,9.5,6.2,8.95,1282775,3153605,11.381466,24274.45,24750.0,24650,ATM+10,CALL,24150,2026-07-17
2026-07-17 10:19:00+05:30,8.85,9.55,7.6,7.9,816530,3040570,11.07843,24273.95,24750.0,24650,ATM+10,CALL,24150,2026-07-17
2026-07-17 10:20:00+05:30,7.9,8.35,7.45,7.55,407680,3013335,11.10956,24266.75,24750.0,24650,ATM+10,CALL,24150,2026-07-17
2026-07-17 10:21:00+05:30,7.6,7.75,7.3,7.45,354575,3020680,11.048581,24268.3,24750.0,24650,ATM+10,CALL,24150,2026-07-17
2026-07-17 10:22:00+05:30,7.35,7.45,7.05,7.2,358150,3017040,11.071525,24262.95,24750.0,24650,ATM+10,CALL,24150,2026-07-17
2026-07-17 10:23:00+05:30,7.15,7.2,6.85,7.0,297375,3063840,11.085668,24258.8,24750.0,24650,ATM+10,CALL,24150,2026-07-17
2026-07-17 10:24:00+05:30,7.0,7.0,6.7,6.9,246285,3054740,11.114032,24255.6,24750.0,24650,ATM+10,CALL,24150,2026-07-17
2026-07-17 10:25:00+05:30,6.95,7.35,6.6,7.15,198445,3070470,11.039819,24263.9,24750.0,24650,ATM+10,CALL,24150,2026-07-17
2026-07-17 10:26:00+05:30,7.2,7.3,6.95,7.2,141830,3057405,11.021695,24265.75,24750.0,24650,ATM+10,CALL,24150,2026-07-17
2026-07-17 10:27:00+05:30,7.25,7.55,7.1,7.25,219115,3074955,11.002456,24267.65,24750.0,24650,ATM+10,CALL,24150,2026-07-17
2026-07-17 10:28:00+05:30,7.25,7.75,7.25,7.65,175695,3060655,11.022153,24273.3,24750.0,24650,ATM+10,CALL,24150,2026-07-17
2026-07-17 10:29:00+05:30,5.9,6.45,5.8,6.3,499135,7789275,11.337623,24281.55,24800.0,24650,ATM+10,CALL,24150,2026-07-17
2026-07-17 10:30:00+05:30,6.25,6.3,5.8,5.95,378560,7676305,11.248457,24279.4,24800.0,24650,ATM+10,CALL,24150,2026-07-17
2026-07-17 10:31:00+05:30,6.05,6.4,5.95,6.35,688350,7701265,11.328928,24283.1,24800.0,24650,ATM+10,CALL,24150,2026-07-17
2026-07-17 10:32:00+05:30,6.25,6.65,6.1,6.1,512525,7748585,11.198985,24285.2,24800.0,24650,ATM+10,CALL,24150,2026-07-17
2026-07-17 10:33:00+05:30,6.15,6.15,5.6,5.65,1285570,7542405,11.131749,24279.65,24800.0,24650,ATM+10,CALL,24150,2026-07-17
2026-07-17 10:34:00+05:30,5.65,6.0,5.6,5.9,512980,7248735,11.142834,24284.3,24800.0,24650,ATM+10,CALL,24150,2026-07-17
2026-07-17 10:35:00+05:30,8.0,8.1,6.9,6.95,162760,3076645,10.82429,24272.2,24750.0,24650,ATM+10,CALL,24150,2026-07-17
2026-07-17 10:36:00+05:30,6.95,7.05,6.75,6.9,230620,3070015,10.802909,24272.5,24750.0,24650,ATM+10,CALL,24150,2026-07-17
2026-07-17 10:37:00+05:30,6.9,7.0,6.55,6.55,213720,3064165,10.785596,24267.25,24750.0,24650,ATM+10,CALL,24150,2026-07-17
2026-07-17 10:38:00+05:30,6.55,6.8,6.4,6.7,198185,3062475,10.827438,24267.8,24750.0,24650,ATM+10,CALL,24150,2026-07-17
2026-07-17 10:39:00+05:30,6.75,6.85,6.55,6.6,120250,3065855,10.80474,24267.25,24750.0,24650,ATM+10,CALL,24150,2026-07-17
2026-07-17 10:40:00+05:30,6.65,6.85,6.55,6.85,137150,3090100,10.867682,24268.45,24750.0,24650,ATM+10,CALL,24150,2026-07-17
2026-07-17 10:41:00+05:30,6.8,6.9,6.7,6.75,103805,3084445,10.791023,24270.75,24750.0,24650,ATM+10,CALL,24150,2026-07-17
2026-07-17 10:42:00+05:30,6.85,6.9,6.7,6.75,136825,3116100,10.820654,24269.25,24750.0,24650,ATM+10,CALL,24150,2026-07-17
2026-07-17 10:43:00+05:30,6.7,6.75,5.9,6.0,427050,3115905,10.955158,24248.15,24750.0,24650,ATM+10,CALL,24150,2026-07-17
2026-07-17 10:44:00+05:30,6.0,6.3,6.0,6.1,320515,3088345,10.787614,24259.1,24750.0,24650,ATM+10,CALL,24150,2026-07-17
2026-07-17 10:45:00+05:30,6.1,6.15,5.65,5.7,260455,3100825,10.749053,24253.3,24750.0,24650,ATM+10,CALL,24150,2026-07-17
2026-07-17 10:46:00+05:30,5.65,5.8,5.55,5.65,277030,3172455,10.745923,24252.5,24750.0,24650,ATM+10,CALL,24150,2026-07-17
2026-07-17 10:47:00+05:30,5.65,5.9,5.6,5.9,66365,3174015,10.80536,24254.4,24750.0,24650,ATM+10,CALL,24150,2026-07-17
2026-07-17 10:48:00+05:30,5.8,5.9,5.45,5.45,83395,3179345,10.650744,24253.6,24750.0,24650,ATM+10,CALL,24150,2026-07-17
2026-07-17 10:49:00+05:30,5.5,5.6,5.35,5.45,133510,3181620,10.720008,24249.9,24750.0,24650,ATM+10,CALL,24150,2026-07-17
2026-07-17 10:50:00+05:30,5.45,5.65,5.35,5.55,106340,3171610,10.738435,24251.05,24750.0,24650,ATM+10,CALL,24150,2026-07-17
2026-07-17 10:51:00+05:30,5.5,5.55,5.25,5.25,125840,3169335,10.661624,24248.9,24750.0,24650,ATM+10,CALL,24150,2026-07-17
2026-07-17 10:52:00+05:30,5.25,5.45,5.15,5.45,114465,3179150,10.688775,24251.75,24750.0,24650,ATM+10,CALL,24150,2026-07-17
2026-07-17 10:53:00+05:30,5.5,5.7,5.45,5.55,144040,3152825,10.645978,24256.2,24750.0,24650,ATM+10,CALL,24150,2026-07-17
2026-07-17 10:54:00+05:30,5.6,5.65,5.25,5.45,140790,3160430,10.620509,24255.55,24750.0,24650,ATM+10,CALL,24150,2026-07-17
2026-07-17 10:55:00+05:30,5.4,5.5,5.25,5.5,80015,3140605,10.618549,24256.75,24750.0,24650,ATM+10,CALL,24150,2026-07-17
2026-07-17 10:56:00+05:30,5.6,5.7,5.45,5.55,256360,3132155,10.655364,24255.85,24750.0,24650,ATM+10,CALL,24150,2026-07-17
2026-07-17 10:57:00+05:30,5.6,5.6,5.45,5.55,63505,3201640,10.644284,24256.5,24750.0,24650,ATM+10,CALL,24150,2026-07-17
2026-07-17 10:58:00+05:30,5.55,5.7,5.5,5.65,61555,3193060,10.660081,24257.75,24750.0,24650,ATM+10,CALL,24150,2026-07-17
2026-07-17 10:59:00+05:30,5.65,5.65,5.55,5.55,47645,3175120,10.636948,24257.0,24750.0,24650,ATM+10,CALL,24150,2026-07-17
2026-07-17 11:00:00+05:30,5.55,5.8,5.55,5.65,234260,3129620,10.622028,24259.9,24750.0,24650,ATM+10,CALL,24150,2026-07-17
2026-07-17 11:01:00+05:30,5.65,5.75,5.4,5.45,59215,3130725,10.607848,24256.6,24750.0,24650,ATM+10,CALL,24150,2026-07-17
2026-07-17 11:02:00+05:30,5.4,5.45,5.15,5.2,78260,3124940,10.658725,24248.55,24750.0,24650,ATM+10,CALL,24150,2026-07-17
2026-07-17 11:03:00+05:30,5.25,5.4,5.2,5.4,105755,3111355,10.70948,24250.15,24750.0,24650,ATM+10,CALL,24150,2026-07-17
2026-07-17 11:04:00+05:30,5.35,5.55,5.35,5.55,48555,3102385,10.620449,24258.15,24750.0,24650,ATM+10,CALL,24150,2026-07-17
2026-07-17 11:05:00+05:30,5.55,5.8,5.55,5.65,93535,3107845,10.584038,24262.2,24750.0,24650,ATM+10,CALL,24150,2026-07-17
2026-07-17 11:06:00+05:30,5.5,5.7,5.45,5.7,51870,3106675,10.609374,24261.9,24750.0,24650,ATM+10,CALL,24150,2026-07-17
2026-07-17 11:07:00+05:30,5.6,5.7,5.1,5.1,80730,3106025,10.667186,24246.15,24750.0,24650,ATM+10,CALL,24150,2026-07-17
2026-07-17 11:08:00+05:30,5.1,5.1,4.8,4.95,235430,3100045,10.748667,24238.35,24750.0,24650,ATM+10,CALL,24150,2026-07-17
2026-07-17 11:09:00+05:30,5.0,5.05,4.9,4.95,85930,3111095,10.685046,24241.9,24750.0,24650,ATM+10,CALL,24150,2026-07-17
2026-07-17 11:10:00+05:30,5.0,5.1,4.8,4.8,65715,3110965,10.677513,24238.9,24750.0,24650,ATM+10,CALL,24150,2026-07-17
2026-07-17 11:11:00+05:30,4.8,5.1,4.8,4.95,107380,3113370,10.707922,24240.75,24750.0,24650,ATM+10,CALL,24150,2026-07-17
2026-07-17 11:12:00+05:30,4.95,5.1,4.9,5.1,55575,3115840,10.753433,24241.7,24750.0,24650,ATM+10,CALL,24150,2026-07-17
2026-07-17 11:13:00+05:30,5.1,5.15,4.9,4.95,52910,3117075,10.761738,24237.9,24750.0,24650,ATM+10,CALL,24150,2026-07-17
2026-07-17 11:14:00+05:30,4.95,5.2,4.85,5.15,81380,3120455,10.885551,24235.7,24750.0,24650,ATM+10,CALL,24150,2026-07-17
2026-07-17 11:15:00+05:30,5.1,5.3,5.1,5.25,124280,3127540,10.867673,24238.95,24750.0,24650,ATM+10,CALL,24150,2026-07-17
2026-07-17 11:16:00+05:30,5.25,5.25,4.95,5.0,125190,3132285,10.831955,24235.35,24750.0,24650,ATM+10,CALL,24150,2026-07-17
2026-07-17 11:17:00+05:30,5.05,5.2,5.0,5.1,82290,3142945,10.798549,24239.5,24750.0,24650,ATM+10,CALL,24150,2026-07-17
2026-07-17 11:18:00+05:30,5.05,5.1,4.95,4.95,46540,3147755,10.784829,24236.9,24750.0,24650,ATM+10,CALL,24150,2026-07-17
2026-07-17 11:19:00+05:30,4.95,5.15,4.85,5.05,80275,3146780,10.740688,24241.65,24750.0,24650,ATM+10,CALL,24150,2026-07-17
2026-07-17 11:20:00+05:30,5.05,5.15,5.0,5.1,54470,3146780,10.760346,24241.75,24750.0,24650,ATM+10,CALL,24150,2026-07-17
2026-07-17 11:21:00+05:30,5.1,5.15,5.05,5.1,60775,3147950,10.762241,24241.7,24750.0,24650,ATM+10,CALL,24150,2026-07-17
2026-07-17 11:22:00+05:30,5.15,5.45,5.1,5.35,126490,3144050,10.721267,24249.45,24750.0,24650,ATM+10,CALL,24150,2026-07-17
2026-07-17 11:23:00+05:30,5.35,5.35,5.0,5.15,58565,3145740,10.844128,24238.45,24750.0,24650,ATM+10,CALL,24150,2026-07-17
2026-07-17 11:24:00+05:30,5.1,5.35,5.05,5.25,74620,3150745,10.743341,24246.2,24750.0,24650,ATM+10,CALL,24150,2026-07-17
2026-07-17 11:25:00+05:30,5.25,5.3,5.15,5.15,86060,3153215,10.768242,24242.7,24750.0,24650,ATM+10,CALL,24150,2026-07-17
2026-07-17 11:26:00+05:30,5.15,5.25,5.05,5.25,26845,3148665,10.833549,24241.4,24750.0,24650,ATM+10,CALL,24150,2026-07-17
2026-07-17 11:27:00+05:30,5.25,5.35,5.2,5.2,92365,3141515,10.775789,24243.5,24750.0,24650,ATM+10,CALL,24150,2026-07-17
2026-07-17 11:28:00+05:30,5.2,5.3,5.2,5.2,50180,3140670,10.74555,24245.2,24750.0,24650,ATM+10,CALL,24150,2026-07-17
2026-07-17 11:29:00+05:30,5.3,5.45,5.2,5.25,46085,3140930,10.807095,24243.0,24750.0,24650,ATM+10,CALL,24150,2026-07-17
2026-07-17 11:30:00+05:30,5.25,5.35,5.15,5.2,50570,3144180,10.766798,24244.15,24750.0,24650,ATM+10,CALL,24150,2026-07-17
2026-07-17 11:31:00+05:30,5.15,5.25,5.1,5.2,46345,3145285,10.730116,24246.2,24750.0,24650,ATM+10,CALL,24150,2026-07-17
2026-07-17 11:32:00+05:30,5.2,5.25,5.05,5.1,30485,3151785,10.75197,24242.85,24750.0,24650,ATM+10,CALL,24150,2026-07-17
2026-07-17 11:33:00+05:30,5.15,5.25,5.0,5.2,25675,3147755,10.681507,24248.95,24750.0,24650,ATM+10,CALL,24150,2026-07-17
2026-07-17 11:34:00+05:30,5.25,5.45,5.2,5.3,85280,3146845,10.655081,24252.6,24750.0,24650,ATM+10,CALL,24150,2026-07-17
2026-07-17 11:35:00+05:30,5.3,5.65,5.25,5.5,219245,3140475,10.623895,24258.55,24750.0,24650,ATM+10,CALL,24150,2026-07-17
2026-07-17 11:36:00+05:30,5.55,5.6,5.2,5.25,82355,3158350,10.669451,24250.85,24750.0,24650,ATM+10,CALL,24150,2026-07-17
2026-07-17 11:37:00+05:30,5.25,5.4,5.1,5.2,74685,3156205,10.723117,24246.9,24750.0,24650,ATM+10,CALL,24150,2026-07-17
2026-07-17 11:38:00+05:30,5.2,5.35,5.15,5.35,69550,3148210,10.704593,24251.2,24750.0,24650,ATM+10,CALL,24150,2026-07-17
2026-07-17 11:39:00+05:30,5.4,5.6,5.35,5.55,55705,3149445,10.674893,24257.05,24750.0,24650,ATM+10,CALL,24150,2026-07-17
2026-07-17 11:40:00+05:30,5.5,5.55,5.4,5.55,33605,3149900,10.648883,24258.5,24750.0,24650,ATM+10,CALL,24150,2026-07-17
2026-07-17 11:41:00+05:30,5.5,5.85,5.5,5.85,103285,3149185,10.67305,24263.3,24750.0,24650,ATM+10,CALL,24150,2026-07-17
2026-07-17 11:42:00+05:30,5.85,5.85,5.6,5.6,51935,3149510,10.615863,24261.4,24750.0,24650,ATM+10,CALL,24150,2026-07-17
2026-07-17 11:43:00+05:30,5.65,5.8,5.55,5.7,51935,3158025,10.641553,24262.1,24750.0,24650,ATM+10,CALL,24150,2026-07-17
2026-07-17 11:44:00+05:30,5.75,6.05,5.7,5.85,82420,3157310,10.602703,24267.2,24750.0,24650,ATM+10,CALL,24150,2026-07-17
2026-07-17 11:45:00+05:30,5.85,6.1,5.85,6.0,96525,3171610,10.576424,24271.55,24750.0,24650,ATM+10,CALL,24150,2026-07-17
2026-07-17 11:46:00+05:30,6.0,6.05,5.85,5.95,74100,3179150,10.606439,24269.05,24750.0,24650,ATM+10,CALL,24150,2026-07-17
2026-07-17 11:47:00+05:30,5.95,5.95,5.6,5.75,92365,3179345,10.584545,24266.35,24750.0,24650,ATM+10,CALL,24150,2026-07-17
2026-07-17 11:48:00+05:30,5.75,5.95,5.7,5.75,59995,3188445,10.561128,24267.65,24750.0,24650,ATM+10,CALL,24150,2026-07-17
2026-07-17 11:49:00+05:30,5.75,5.8,5.65,5.7,19435,3187730,10.543464,24267.65,24750.0,24650,ATM+10,CALL,24150,2026-07-17
2026-07-17 11:50:00+05:30,5.75,5.8,5.65,5.7,145340,3198715,10.489118,24270.6,24750.0,24650,ATM+10,CALL,24150,2026-07-17
2026-07-17 11:51:00+05:30,5.8,5.9,5.7,5.75,101140,3186040,10.475776,24272.35,24750.0,24650,ATM+10,CALL,24150,2026-07-17
2026-07-17 11:52:00+05:30,5.8,6.05,5.7,6.0,117000,3187665,10.539737,24273.85,24750.0,24650,ATM+10,CALL,24150,2026-07-17
2026-07-17 11:53:00+05:30,4.6,4.75,4.45,4.6,239395,6822335,10.79434,24278.7,24800.0,24650,ATM+10,CALL,24150,2026-07-17
2026-07-17 11:54:00+05:30,4.6,4.75,4.55,4.65,324740,6829550,10.811898,24279.0,24800.0,24650,ATM+10,CALL,24150,2026-07-17
2026-07-17 11:55:00+05:30,6.25,6.25,5.9,5.9,125580,3184935,10.48848,24274.8,24750.0,24650,ATM+10,CALL,24150,2026-07-17
2026-07-17 11:56:00+05:30,4.45,4.7,4.35,4.6,194025,6855160,10.767591,24280.35,24800.0,24650,ATM+10,CALL,24150,2026-07-17
2026-07-17 11:57:00+05:30,4.6,4.7,4.55,4.55,192790,6851780,10.764478,24279.35,24800.0,24650,ATM+10,CALL,24150,2026-07-17
2026-07-17 11:58:00+05:30,6.05,6.05,5.8,5.85,125645,3250845,10.469378,24275.0,24750.0,24650,ATM+10,CALL,24150,2026-07-17
2026-07-17 11:59:00+05:30,4.4,4.5,4.4,4.45,143585,6866405,10.748702,24277.85,24800.0,24650,ATM+10,CALL,24150,2026-07-17
2026-07-17 12:00:00+05:30,5.8,6.0,5.5,5.55,140790,3272815,10.436855,24270.9,24750.0,24650,ATM+10,CALL,24150,2026-07-17
2026-07-17 12:01:00+05:30,5.6,5.75,5.5,5.6,118495,3258515,10.508155,24268.15,24750.0,24650,ATM+10,CALL,24150,2026-07-17
2026-07-17 12:02:00+05:30,5.6,5.6,5.45,5.5,94770,3255525,10.487061,24267.3,24750.0,24650,ATM+10,CALL,24150,2026-07-17
2026-07-17 12:03:00+05:30,4.2,4.45,4.2,4.45,219570,6869200,10.794762,24275.5,24800.0,24650,ATM+10,CALL,24150,2026-07-17
2026-07-17 12:04:00+05:30,5.9,6.1,5.9,6.0,122265,3247725,10.532444,24274.85,24750.0,24650,ATM+10,CALL,24150,2026-07-17
2026-07-17 12:05:00+05:30,5.9,6.05,5.8,5.85,81185,3254355,10.490278,24274.25,24750.0,24650,ATM+10,CALL,24150,2026-07-17
2026-07-17 12:06:00+05:30,5.8,5.85,5.55,5.7,68185,3244540,10.557134,24267.8,24750.0,24650,ATM+10,CALL,24150,2026-07-17
2026-07-17 12:07:00+05:30,5.65,5.7,5.45,5.5,73450,3238495,10.565611,24263.35,24750.0,24650,ATM+10,CALL,24150,2026-07-17
2026-07-17 12:08:00+05:30,5.5,5.6,5.35,5.55,85670,3238495,10.496933,24268.1,24750.0,24650,ATM+10,CALL,24150,2026-07-17
2026-07-17 12:09:00+05:30,5.65,5.9,5.55,5.8,92495,3235310,10.476745,24274.2,24750.0,24650,ATM+10,CALL,24150,2026-07-17
2026-07-17 12:10:00+05:30,5.85,6.1,5.8,5.85,132990,3232060,10.499832,24274.0,24750.0,24650,ATM+10,CALL,24150,2026-07-17
2026-07-17 12:11:00+05:30,5.9,5.9,5.7,5.75,85800,3231215,10.510131,24271.55,24750.0,24650,ATM+10,CALL,24150,2026-07-17
2026-07-17 12:12:00+05:30,4.35,4.5,4.35,4.45,71825,6875505,10.796481,24275.9,24800.0,24650,ATM+10,CALL,24150,2026-07-17
2026-07-17 12:13:00+05:30,5.85,5.95,5.6,5.65,25740,3232125,10.494519,24270.5,24750.0,24650,ATM+10,CALL,24150,2026-07-17
2026-07-17 12:14:00+05:30,4.35,4.6,4.3,4.5,129805,6889545,10.809291,24276.55,24800.0,24650,ATM+10,CALL,24150,2026-07-17
2026-07-17 12:15:00+05:30,4.5,4.55,4.45,4.55,65780,6870695,10.761515,24280.5,24800.0,24650,ATM+10,CALL,24150,2026-07-17
2026-07-17 12:16:00+05:30,6.0,6.1,5.6,5.7,68900,3229590,10.44466,24274.3,24750.0,24650,ATM+10,CALL,24150,2026-07-17
2026-07-17 12:17:00+05:30,5.7,5.8,5.5,5.75,51935,3227315,10.503706,24272.2,24750.0,24650,ATM+10,CALL,24150,2026-07-17
2026-07-17 12:18:00+05:30,4.4,4.55,4.4,4.55,95030,6865820,10.851812,24275.65,24800.0,24650,ATM+10,CALL,24150,2026-07-17
2026-07-17 12:19:00+05:30,4.55,4.55,4.45,4.5,67015,6864325,10.834018,24275.45,24800.0,24650,ATM+10,CALL,24150,2026-07-17
2026-07-17 12:20:00+05:30,4.45,4.6,4.45,4.6,77220,6858995,10.784058,24280.75,24800.0,24650,ATM+10,CALL,24150,2026-07-17
2026-07-17 12:21:00+05:30,4.5,4.6,4.45,4.5,69875,6872190,10.763172,24279.5,24800.0,24650,ATM+10,CALL,24150,2026-07-17
2026-07-17 12:22:00+05:30,5.8,5.85,5.7,5.8,41470,3229655,10.532709,24271.9,24750.0,24650,ATM+10,CALL,24150,2026-07-17
2026-07-17 12:23:00+05:30,4.5,4.7,4.5,4.55,86840,6867640,10.759502,24281.05,24800.0,24650,ATM+10,CALL,24150,2026-07-17
2026-07-17 12:24:00+05:30,4.6,4.75,4.55,4.75,243165,6857045,10.835433,24281.75,24800.0,24650,ATM+10,CALL,24150,2026-07-17
2026-07-17 12:25:00+05:30,4.75,5.0,4.65,4.75,317200,6854055,10.891726,24278.7,24800.0,24650,ATM+10,CALL,24150,2026-07-17
2026-07-17 12:26:00+05:30,4.75,4.8,4.6,4.6,303940,6853015,10.852272,24277.3,24800.0,24650,ATM+10,CALL,24150,2026-07-17
2026-07-17 12:27:00+05:30,4.6,4.85,4.6,4.75,137475,6856915,10.896446,24278.55,24800.0,24650,ATM+10,CALL,24150,2026-07-17
2026-07-17 12:28:00+05:30,4.7,4.8,4.7,4.7,113555,6856850,10.88743,24277.9,24800.0,24650,ATM+10,CALL,24150,2026-07-17
2026-07-17 12:29:00+05:30,4.7,4.75,4.65,4.7,129610,6873490,10.892955,24277.65,24800.0,24650,ATM+10,CALL,24150,2026-07-17
2026-07-17 12:30:00+05:30,6.15,6.15,5.95,6.05,116155,3231540,10.58147,24274.55,24750.0,24650,ATM+10,CALL,24150,2026-07-17
2026-07-17 12:31:00+05:30,4.65,4.7,4.55,4.65,106535,6863220,10.882956,24277.1,24800.0,24650,ATM+10,CALL,24150,2026-07-17
2026-07-17 12:32:00+05:30,6.25,6.25,6.0,6.0,58045,3217955,10.58057,24273.75,24750.0,24650,ATM+10,CALL,24150,2026-07-17
2026-07-17 12:33:00+05:30,4.6,4.7,4.6,4.7,81380,6866990,10.846243,24280.45,24800.0,24650,ATM+10,CALL,24150,2026-07-17
2026-07-17 12:34:00+05:30,4.8,4.9,4.7,4.75,185770,6863935,10.856282,24281.15,24800.0,24650,ATM+10,CALL,24150,2026-07-17
2026-07-17 12:35:00+05:30,4.75,4.8,4.7,4.7,101530,6851715,10.832835,24281.3,24800.0,24650,ATM+10,CALL,24150,2026-07-17
2026-07-17 12:36:00+05:30,4.75,4.75,4.6,4.65,76635,6852885,10.805637,24281.65,24800.0,24650,ATM+10,CALL,24150,2026-07-17
2026-07-17 12:37:00+05:30,4.65,4.7,4.5,4.5,109135,6857760,10.789811,24278.9,24800.0,24650,ATM+10,CALL,24150,2026-07-17
2026-07-17 12:38:00+05:30,4.5,4.55,4.4,4.55,110955,6853275,10.820356,24278.5,24800.0,24650,ATM+10,CALL,24150,2026-07-17
2026-07-17 12:39:00+05:30,4.5,4.55,4.45,4.5,92430,6856850,10.812511,24277.75,24800.0,24650,ATM+10,CALL,24150,2026-07-17
2026-07-17 12:40:00+05:30,5.9,5.9,5.6,5.6,101530,3227770,10.576063,24266.55,24750.0,24650,ATM+10,CALL,24150,2026-07-17
2026-07-17 12:41:00+05:30,5.65,5.75,5.4,5.7,84565,3224195,10.56775,24269.05,24750.0,24650,ATM+10,CALL,24150,2026-07-17
2026-07-17 12:42:00+05:30,4.4,4.55,4.35,4.55,99255,6861010,10.79456,24280.15,24800.0,24650,ATM+10,CALL,24150,2026-07-17
2026-07-17 12:43:00+05:30,6.05,6.05,5.7,5.8,134030,3227250,10.494588,24275.0,24750.0,24650,ATM+10,CALL,24150,2026-07-17
2026-07-17 12:44:00+05:30,4.45,4.5,4.35,4.4,49205,6862245,10.78487,24277.05,24800.0,24650,ATM+10,CALL,24150,2026-07-17
2026-07-17 12:45:00+05:30,4.45,4.8,4.4,4.7,179205,6867120,10.802891,24283.5,24800.0,24650,ATM+10,CALL,24150,2026-07-17
2026-07-17 12:46:00+05:30,4.7,4.75,4.65,4.65,50440,6869265,10.804717,24282.25,24800.0,24650,ATM+10,CALL,24150,2026-07-17
2026-07-17 12:47:00+05:30,4.7,4.8,4.65,4.75,88400,6869525,10.771113,24286.55,24800.0,24650,ATM+10,CALL,24150,2026-07-17
2026-07-17 12:48:00+05:30,4.75,4.85,4.7,4.85,114920,6871475,10.802175,24287.25,24800.0,24650,ATM+10,CALL,24150,2026-07-17
2026-07-17 12:49:00+05:30,5.0,5.5,4.85,5.15,832390,6865950,10.804407,24294.0,24800.0,24650,ATM+10,CALL,24150,2026-07-17
2026-07-17 12:50:00+05:30,5.1,5.15,4.55,4.55,396435,6790095,10.740172,24283.6,24800.0,24650,ATM+10,CALL,24150,2026-07-17
2026-07-17 12:51:00+05:30,4.55,4.65,4.45,4.5,249925,6786650,10.759533,24281.35,24800.0,24650,ATM+10,CALL,24150,2026-07-17
2026-07-17 12:52:00+05:30,4.5,4.55,4.35,4.4,217295,6821880,10.744274,24279.75,24800.0,24650,ATM+10,CALL,24150,2026-07-17
2026-07-17 12:53:00+05:30,5.8,5.85,5.55,5.65,147680,3264690,10.495727,24272.5,24750.0,24650,ATM+10,CALL,24150,2026-07-17
2026-07-17 12:54:00+05:30,5.7,5.7,5.55,5.65,124345,3251040,10.470314,24273.9,24750.0,24650,ATM+10,CALL,24150,2026-07-17
2026-07-17 12:55:00+05:30,5.65,5.9,5.6,5.6,98085,3250715,10.503322,24271.2,24750.0,24650,ATM+10,CALL,24150,2026-07-17
2026-07-17 12:56:00+05:30,5.65,5.85,5.6,5.8,32435,3247400,10.515768,24274.55,24750.0,24650,ATM+10,CALL,24150,2026-07-17
2026-07-17 12:57:00+05:30,4.4,4.65,4.4,4.55,205400,6828185,10.805875,24280.35,24800.0,24650,ATM+10,CALL,24150,2026-07-17
2026-07-17 12:58:00+05:30,4.6,4.6,4.4,4.4,75075,6843330,10.764616,24278.95,24800.0,24650,ATM+10,CALL,24150,2026-07-17
2026-07-17 12:59:00+05:30,4.45,4.65,4.4,4.6,136825,6847425,10.776646,24283.3,24800.0,24650,ATM+10,CALL,24150,2026-07-17
2026-07-17 13:00:00+05:30,4.6,4.65,4.5,4.5,114205,6857500,10.742286,24282.8,24800.0,24650,ATM+10,CALL,24150,2026-07-17
2026-07-17 13:01:00+05:30,4.55,4.75,4.5,4.5,116285,6863935,10.726114,24283.75,24800.0,24650,ATM+10,CALL,24150,2026-07-17
2026-07-17 13:02:00+05:30,4.55,4.55,4.4,4.4,99580,6862115,10.773988,24278.65,24800.0,24650,ATM+10,CALL,24150,2026-07-17
2026-07-17 13:03:00+05:30,4.35,4.45,4.3,4.35,113945,6852430,10.715307,24280.7,24800.0,24650,ATM+10,CALL,24150,2026-07-17
2026-07-17 13:04:00+05:30,4.35,4.45,4.35,4.4,85735,6859580,10.754378,24279.85,24800.0,24650,ATM+10,CALL,24150,2026-07-17
2026-07-17 13:05:00+05:30,4.35,4.4,4.3,4.4,36075,6860165,10.732862,24281.1,24800.0,24650,ATM+10,CALL,24150,2026-07-17
2026-07-17 13:06:00+05:30,4.35,4.4,4.35,4.4,50765,6862245,10.682509,24283.95,24800.0,24650,ATM+10,CALL,24150,2026-07-17
2026-07-17 13:07:00+05:30,4.4,4.5,4.25,4.25,156325,6861725,10.749396,24276.45,24800.0,24650,ATM+10,CALL,24150,2026-07-17
2026-07-17 13:08:00+05:30,4.3,4.4,4.25,4.3,63635,6868160,10.714374,24279.75,24800.0,24650,ATM+10,CALL,24150,2026-07-17
2026-07-17 13:09:00+05:30,4.3,4.3,4.2,4.2,156390,6857760,10.70028,24278.0,24800.0,24650,ATM+10,CALL,24150,2026-07-17
2026-07-17 13:10:00+05:30,4.25,4.3,4.2,4.2,47320,6877195,10.674423,24279.5,24800.0,24650,ATM+10,CALL,24150,2026-07-17
2026-07-17 13:11:00+05:30,4.2,4.3,4.2,4.25,26845,6877130,10.702287,24279.3,24800.0,24650,ATM+10,CALL,24150,2026-07-17
2026-07-17 13:12:00+05:30,4.2,4.25,4.15,4.15,125255,6876740,10.691366,24277.35,24800.0,24650,ATM+10,CALL,24150,2026-07-17
2026-07-17 13:13:00+05:30,4.2,4.25,4.1,4.15,77870,6890390,10.708433,24276.45,24800.0,24650,ATM+10,CALL,24150,2026-07-17
2026-07-17 13:14:00+05:30,4.2,4.3,4.15,4.2,63505,6879795,10.623738,24282.55,24800.0,24650,ATM+10,CALL,24150,2026-07-17
2026-07-17 13:15:00+05:30,5.45,5.5,4.95,5.1,78455,3269825,10.315677,24271.9,24750.0,24650,ATM+10,CALL,24150,2026-07-17
2026-07-17 13:16:00+05:30,5.05,5.2,5.0,5.2,70265,3255265,10.339461,24272.8,24750.0,24650,ATM+10,CALL,24150,2026-07-17
2026-07-17 13:17:00+05:30,4.0,4.05,3.95,4.05,79625,6863155,10.683495,24275.4,24800.0,24650,ATM+10,CALL,24150,2026-07-17
2026-07-17 13:18:00+05:30,5.25,5.35,5.1,5.2,46475,3252600,10.346054,24272.55,24750.0,24650,ATM+10,CALL,24150,2026-07-17
2026-07-17 13:19:00+05:30,5.15,5.2,5.05,5.1,41990,3253250,10.273907,24274.35,24750.0,24650,ATM+10,CALL,24150,2026-07-17
2026-07-17 13:20:00+05:30,3.9,4.05,3.9,3.95,74230,6849245,10.604347,24277.3,24800.0,24650,ATM+10,CALL,24150,2026-07-17
2026-07-17 13:21:00+05:30,3.95,4.0,3.9,3.9,140335,6846840,10.578269,24277.45,24800.0,24650,ATM+10,CALL,24150,2026-07-17
2026-07-17 13:22:00+05:30,5.1,5.15,5.0,5.1,16770,3270540,10.276782,24274.35,24750.0,24650,ATM+10,CALL,24150,2026-07-17
2026-07-17 13:23:00+05:30,5.15,5.15,4.95,5.0,61295,3272360,10.336195,24269.05,24750.0,24650,ATM+10,CALL,24150,2026-07-17
2026-07-17 13:24:00+05:30,5.0,5.1,4.8,4.85,57720,3262675,10.324001,24266.45,24750.0,24650,ATM+10,CALL,24150,2026-07-17
2026-07-17 13:25:00+05:30,4.8,5.0,4.7,5.0,117000,3260530,10.345545,24268.65,24750.0,24650,ATM+10,CALL,24150,2026-07-17
2026-07-17 13:26:00+05:30,5.05,5.05,4.8,4.85,68250,3242785,10.352702,24265.0,24750.0,24650,ATM+10,CALL,24150,2026-07-17
2026-07-17 13:27:00+05:30,4.85,4.9,4.7,4.7,49465,3242785,10.348964,24261.85,24750.0,24650,ATM+10,CALL,24150,2026-07-17
2026-07-17 13:28:00+05:30,4.75,4.85,4.7,4.75,60970,3236935,10.39308,24260.65,24750.0,24650,ATM+10,CALL,24150,2026-07-17
2026-07-17 13:29:00+05:30,4.75,5.0,4.75,4.85,42185,3235375,10.313106,24267.3,24750.0,24650,ATM+10,CALL,24150,2026-07-17
2026-07-17 13:30:00+05:30,4.9,5.0,4.85,4.95,44460,3238690,10.309672,24269.75,24750.0,24650,ATM+10,CALL,24150,2026-07-17
2026-07-17 13:31:00+05:30,5.0,5.15,4.9,4.95,55705,3234465,10.342155,24268.05,24750.0,24650,ATM+10,CALL,24150,2026-07-17
2026-07-17 13:32:00+05:30,4.95,5.0,4.8,4.95,57980,3241290,10.371851,24266.5,24750.0,24650,ATM+10,CALL,24150,2026-07-17
2026-07-17 13:33:00+05:30,4.95,4.95,4.8,4.85,54405,3227965,10.378858,24263.95,24750.0,24650,ATM+10,CALL,24150,2026-07-17
2026-07-17 13:34:00+05:30,4.85,5.0,4.75,4.9,41990,3249350,10.368112,24265.7,24750.0,24650,ATM+10,CALL,24150,2026-07-17
2026-07-17 13:35:00+05:30,4.9,5.1,4.9,5.05,34385,3250910,10.394924,24267.6,24750.0,24650,ATM+10,CALL,24150,2026-07-17
2026-07-17 13:36:00+05:30,5.05,5.25,5.0,5.0,59865,3251950,10.334805,24269.8,24750.0,24650,ATM+10,CALL,24150,2026-07-17
2026-07-17 13:37:00+05:30,5.05,5.1,4.8,4.85,67925,3260985,10.368875,24264.7,24750.0,24650,ATM+10,CALL,24150,2026-07-17
2026-07-17 13:38:00+05:30,4.85,4.85,4.75,4.75,65585,3254225,10.307899,24265.8,24750.0,24650,ATM+10,CALL,24150,2026-07-17
2026-07-17 13:39:00+05:30,4.75,4.95,4.7,4.8,29770,3244345,10.261387,24269.5,24750.0,24650,ATM+10,CALL,24150,2026-07-17
2026-07-17 13:40:00+05:30,4.8,4.8,4.35,4.45,154505,3242200,10.319763,24258.25,24750.0,24650,ATM+10,CALL,24150,2026-07-17
2026-07-17 13:41:00+05:30,4.5,4.55,4.35,4.5,111865,3248830,10.408335,24254.65,24750.0,24650,ATM+10,CALL,24150,2026-07-17
2026-07-17 13:42:00+05:30,4.5,4.5,4.3,4.35,109005,3247400,10.405669,24251.2,24750.0,24650,ATM+10,CALL,24150,2026-07-17
2026-07-17 13:43:00+05:30,4.3,4.35,4.25,4.35,96265,3287570,10.458379,24248.35,24750.0,24650,ATM+10,CALL,24150,2026-07-17
2026-07-17 13:44:00+05:30,4.4,4.45,4.25,4.4,86320,3271580,10.374457,24254.25,24750.0,24650,ATM+10,CALL,24150,2026-07-17
2026-07-17 13:45:00+05:30,4.4,4.5,4.3,4.45,94250,3273660,10.431267,24252.4,24750.0,24650,ATM+10,CALL,24150,2026-07-17
2026-07-17 13:46:00+05:30,4.45,4.5,4.2,4.2,114335,3271255,10.451814,24245.1,24750.0,24650,ATM+10,CALL,24150,2026-07-17
2026-07-17 13:47:00+05:30,4.2,4.25,4.1,4.1,216580,3293290,10.521464,24238.7,24750.0,24650,ATM+10,CALL,24150,2026-07-17
2026-07-17 13:48:00+05:30,4.15,4.25,4.1,4.25,112710,3321825,10.441468,24247.05,24750.0,24650,ATM+10,CALL,24150,2026-07-17
2026-07-17 13:49:00+05:30,4.25,4.25,4.15,4.2,81640,3325985,10.547691,24239.95,24750.0,24650,ATM+10,CALL,24150,2026-07-17
2026-07-17 13:50:00+05:30,4.15,4.2,4.1,4.2,189800,3319615,10.781054,24227.05,24750.0,24650,ATM+10,CALL,24150,2026-07-17
2026-07-17 13:51:00+05:30,5.55,5.55,5.15,5.3,777270,8335405,10.563612,24215.95,24700.0,24650,ATM+10,CALL,24150,2026-07-17
2026-07-17 13:52:00+05:30,5.3,5.5,5.3,5.45,336830,8305245,10.502673,24222.35,24700.0,24650,ATM+10,CALL,24150,2026-07-17
2026-07-17 13:53:00+05:30,4.15,4.2,4.1,4.2,84630,3330990,10.744467,24229.25,24750.0,24650,ATM+10,CALL,24150,2026-07-17
2026-07-17 13:54:00+05:30,4.2,4.25,4.15,4.25,130325,3317925,10.719306,24232.0,24750.0,24650,ATM+10,CALL,24150,2026-07-17
2026-07-17 13:55:00+05:30,4.2,4.25,4.15,4.25,92625,3315065,10.639069,24236.5,24750.0,24650,ATM+10,CALL,24150,2026-07-17
2026-07-17 13:56:00+05:30,4.2,4.25,4.05,4.1,126230,3326310,10.637244,24232.75,24750.0,24650,ATM+10,CALL,24150,2026-07-17
2026-07-17 13:57:00+05:30,4.1,4.2,4.05,4.2,225745,3318250,10.668296,24233.7,24750.0,24650,ATM+10,CALL,24150,2026-07-17
2026-07-17 13:58:00+05:30,4.2,4.3,4.15,4.25,82550,3216265,10.62217,24237.6,24750.0,24650,ATM+10,CALL,24150,2026-07-17
2026-07-17 13:59:00+05:30,4.3,4.7,4.25,4.65,138450,3206905,10.574514,24250.1,24750.0,24650,ATM+10,CALL,24150,2026-07-17
2026-07-17 14:00:00+05:30,4.5,4.65,4.45,4.55,122460,3210415,10.555726,24248.8,24750.0,24650,ATM+10,CALL,24150,2026-07-17
2026-07-17 14:01:00+05:30,4.6,4.6,4.45,4.6,90675,3206775,10.615211,24246.8,24750.0,24650,ATM+10,CALL,24150,2026-07-17
2026-07-17 14:02:00+05:30,4.6,4.6,4.4,4.45,65650,3206710,10.608281,24243.6,24750.0,24650,ATM+10,CALL,24150,2026-07-17
2026-07-17 14:03:00+05:30,4.45,4.65,4.45,4.65,36985,3207165,10.649081,24246.25,24750.0,24650,ATM+10,CALL,24150,2026-07-17
2026-07-17 14:04:00+05:30,4.65,4.85,4.65,4.7,119535,3214770,10.596447,24250.35,24750.0,24650,ATM+10,CALL,24150,2026-07-17
2026-07-17 14:05:00+05:30,4.75,4.9,4.7,4.85,138775,3215810,10.58107,24254.7,24750.0,24650,ATM+10,CALL,24150,2026-07-17
2026-07-17 14:06:00+05:30,4.85,4.85,4.75,4.75,63765,3220880,10.632766,24249.65,24750.0,24650,ATM+10,CALL,24150,2026-07-17
2026-07-17 14:07:00+05:30,4.75,4.8,4.65,4.8,56615,3217760,10.629295,24251.05,24750.0,24650,ATM+10,CALL,24150,2026-07-17
2026-07-17 14:08:00+05:30,4.8,4.9,4.65,4.7,85085,3220620,10.586622,24251.1,24750.0,24650,ATM+10,CALL,24150,2026-07-17
2026-07-17 14:09:00+05:30,4.75,4.85,4.7,4.8,49725,3224585,10.596237,24252.95,24750.0,24650,ATM+10,CALL,24150,2026-07-17
2026-07-17 14:10:00+05:30,4.85,5.0,4.8,4.95,58500,3219840,10.640821,24254.0,24750.0,24650,ATM+10,CALL,24150,2026-07-17
2026-07-17 14:11:00+05:30,4.95,5.3,4.95,5.2,135070,3215225,10.534211,24265.25,24750.0,24650,ATM+10,CALL,24150,2026-07-17
2026-07-17 14:12:00+05:30,5.2,5.4,5.15,5.25,166530,3193060,10.436021,24271.6,24750.0,24650,ATM+10,CALL,24150,2026-07-17
2026-07-17 14:13:00+05:30,4.0,4.3,4.0,4.15,346320,6384690,10.753928,24277.25,24800.0,24650,ATM+10,CALL,24150,2026-07-17
2026-07-17 14:14:00+05:30,4.25,4.55,4.15,4.5,472225,6395285,10.857255,24280.55,24800.0,24650,ATM+10,CALL,24150,2026-07-17
2026-07-17 14:15:00+05:30,3.4,5.45,3.4,5.35,1501370,2072395,10.923073,24345.4,24850.0,24650,ATM+10,CALL,24150,2026-07-17
2026-07-17 14:16:00+05:30,5.45,7.1,4.95,7.05,2483780,1926795,11.214917,24362.9,24850.0,24650,ATM+10,CALL,24150,2026-07-17
2026-07-17 14:17:00+05:30,6.85,7.45,5.7,5.85,1966835,2010125,11.082056,24347.45,24850.0,24650,ATM+10,CALL,24150,2026-07-17
2026-07-17 14:18:00+05:30,5.4,5.85,4.95,5.1,1427140,2023450,11.059184,24332.7,24850.0,24650,ATM+10,CALL,24150,2026-07-17
2026-07-17 14:19:00+05:30,6.9,6.9,5.85,5.95,1260805,6581315,10.936947,24308.45,24800.0,24650,ATM+10,CALL,24150,2026-07-17
2026-07-17 14:20:00+05:30,6.0,6.35,5.85,5.9,1013935,6578130,10.83758,24312.75,24800.0,24650,ATM+10,CALL,24150,2026-07-17
2026-07-17 14:21:00+05:30,5.8,6.35,5.55,5.9,1104545,6577415,10.903202,24309.35,24800.0,24650,ATM+10,CALL,24150,2026-07-17
2026-07-17 14:22:00+05:30,5.85,5.9,5.45,5.55,891280,6675825,10.928915,24300.95,24800.0,24650,ATM+10,CALL,24150,2026-07-17
2026-07-17 14:23:00+05:30,5.5,5.7,5.45,5.5,645060,6656455,11.065022,24292.7,24800.0,24650,ATM+10,CALL,24150,2026-07-17
2026-07-17 14:24:00+05:30,5.5,5.55,5.4,5.5,551460,6617585,10.961074,24298.3,24800.0,24650,ATM+10,CALL,24150,2026-07-17
2026-07-17 14:25:00+05:30,5.45,5.85,5.35,5.8,648700,6580860,10.908484,24307.3,24800.0,24650,ATM+10,CALL,24150,2026-07-17
2026-07-17 14:26:00+05:30,5.75,6.15,5.75,6.1,626405,6555575,10.946315,24311.25,24800.0,24650,ATM+10,CALL,24150,2026-07-17
2026-07-17 14:27:00+05:30,6.05,6.3,6.05,6.2,553020,6552130,10.989648,24310.95,24800.0,24650,ATM+10,CALL,24150,2026-07-17
2026-07-17 14:28:00+05:30,6.2,6.5,6.1,6.1,366470,6542705,10.981792,24309.5,24800.0,24650,ATM+10,CALL,24150,2026-07-17
2026-07-17 14:29:00+05:30,6.15,6.15,5.15,5.25,946400,6536010,11.069195,24287.4,24800.0,24650,ATM+10,CALL,24150,2026-07-17
2026-07-17 14:30:00+05:30,5.2,5.95,5.2,5.8,632515,6535685,10.96381,24304.65,24800.0,24650,ATM+10,CALL,24150,2026-07-17
2026-07-17 14:31:00+05:30,5.8,5.8,5.45,5.5,312975,6553105,10.930716,24300.3,24800.0,24650,ATM+10,CALL,24150,2026-07-17
2026-07-17 14:32:00+05:30,5.5,5.65,5.2,5.3,525525,6624280,10.873587,24299.15,24800.0,24650,ATM+10,CALL,24150,2026-07-17
2026-07-17 14:33:00+05:30,5.3,5.5,5.25,5.4,399685,6732960,10.98209,24295.55,24800.0,24650,ATM+10,CALL,24150,2026-07-17
2026-07-17 14:34:00+05:30,5.4,5.65,5.35,5.55,343070,6757465,10.996699,24298.0,24800.0,24650,ATM+10,CALL,24150,2026-07-17
2026-07-17 14:35:00+05:30,5.55,5.65,5.45,5.5,283530,6720025,10.965813,24298.65,24800.0,24650,ATM+10,CALL,24150,2026-07-17
2026-07-17 14:36:00+05:30,5.5,5.5,5.2,5.35,371280,6742710,11.008089,24293.25,24800.0,24650,ATM+10,CALL,24150,2026-07-17
2026-07-17 14:37:00+05:30,5.35,5.4,5.2,5.2,333255,6804460,10.9518,24293.05,24800.0,24650,ATM+10,CALL,24150,2026-07-17
2026-07-17 14:38:00+05:30,5.2,5.55,5.05,5.35,335075,6826625,10.90356,24298.95,24800.0,24650,ATM+10,CALL,24150,2026-07-17
2026-07-17 14:39:00+05:30,5.4,5.45,5.25,5.4,184015,6859710,10.944276,24297.9,24800.0,24650,ATM+10,CALL,24150,2026-07-17
2026-07-17 14:40:00+05:30,5.45,5.6,5.4,5.4,191880,6868875,10.868445,24302.0,24800.0,24650,ATM+10,CALL,24150,2026-07-17
2026-07-17 14:41:00+05:30,5.45,5.75,5.35,5.7,409890,6940960,10.800588,24311.85,24800.0,24650,ATM+10,CALL,24150,2026-07-17
2026-07-17 14:42:00+05:30,5.7,5.75,5.5,5.65,249535,6936800,10.809923,24310.4,24800.0,24650,ATM+10,CALL,24150,2026-07-17
2026-07-17 14:43:00+05:30,5.6,5.9,5.55,5.6,859820,7325305,10.759571,24312.1,24800.0,24650,ATM+10,CALL,24150,2026-07-17
2026-07-17 14:44:00+05:30,5.6,5.95,5.6,5.75,413660,7389980,10.71254,24317.65,24800.0,24650,ATM+10,CALL,24150,2026-07-17
2026-07-17 14:45:00+05:30,5.85,5.85,5.7,5.8,352040,7376785,10.697147,24319.5,24800.0,24650,ATM+10,CALL,24150,2026-07-17
2026-07-17 14:46:00+05:30,4.4,4.65,4.35,4.55,187395,1987830,10.989269,24325.05,24850.0,24650,ATM+10,CALL,24150,2026-07-17
2026-07-17 14:47:00+05:30,5.9,6.1,5.8,5.9,225420,7404020,10.696343,24321.6,24800.0,24650,ATM+10,CALL,24150,2026-07-17
2026-07-17 14:48:00+05:30,5.95,6.2,5.85,6.2,320320,7420530,10.832811,24320.25,24800.0,24650,ATM+10,CALL,24150,2026-07-17
2026-07-17 14:49:00+05:30,6.15,6.35,6.05,6.05,303550,7432490,10.707474,24324.0,24800.0,24650,ATM+10,CALL,24150,2026-07-17
2026-07-17 14:50:00+05:30,6.0,6.1,5.8,6.0,270335,7426575,10.766838,24320.0,24800.0,24650,ATM+10,CALL,24150,2026-07-17
2026-07-17 14:51:00+05:30,6.05,6.25,5.85,5.95,252915,7436845,10.805809,24317.05,24800.0,24650,ATM+10,CALL,24150,2026-07-17
2026-07-17 14:52:00+05:30,5.9,6.1,5.85,5.9,173875,7470645,10.73959,24319.6,24800.0,24650,ATM+10,CALL,24150,2026-07-17
2026-07-17 14:53:00+05:30,5.85,5.9,5.55,5.75,404820,7499505,10.667425,24320.5,24800.0,24650,ATM+10,CALL,24150,2026-07-17
2026-07-17 14:54:00+05:30,5.75,5.85,5.6,5.75,169650,7477730,10.659871,24320.95,24800.0,24650,ATM+10,CALL,24150,2026-07-17
2026-07-17 14:55:00+05:30,4.5,4.7,4.4,4.7,181545,1976000,11.022765,24327.4,24850.0,24650,ATM+10,CALL,24150,2026-07-17
2026-07-17 14:56:00+05:30,6.25,6.55,5.75,5.95,634725,7508865,10.660746,24324.9,24800.0,24650,ATM+10,CALL,24150,2026-07-17
2026-07-17 14:57:00+05:30,6.0,6.0,5.75,5.8,378755,7497490,10.66925,24321.6,24800.0,24650,ATM+10,CALL,24150,2026-07-17
2026-07-17 14:58:00+05:30,5.85,5.9,5.6,5.75,247520,7526415,10.760943,24315.85,24800.0,24650,ATM+10,CALL,24150,2026-07-17
2026-07-17 14:59:00+05:30,5.75,5.8,5.5,5.6,348530,7488585,10.782446,24311.75,24800.0,24650,ATM+10,CALL,24150,2026-07-17
2026-07-17 15:00:00+05:30,5.7,5.9,5.15,5.7,1674335,7450300,10.594751,24323.7,24800.0,24650,ATM+10,CALL,24150,2026-07-17
2026-07-17 15:01:00+05:30,4.5,4.8,4.3,4.35,729560,2073760,10.903179,24325.6,24850.0,24650,ATM+10,CALL,24150,2026-07-17
2026-07-17 15:02:00+05:30,5.75,5.95,5.55,5.8,375765,7457060,10.621825,24324.35,24800.0,24650,ATM+10,CALL,24150,2026-07-17
2026-07-17 15:03:00+05:30,5.8,5.8,5.35,5.4,221000,7481110,10.591677,24317.95,24800.0,24650,ATM+10,CALL,24150,2026-07-17
2026-07-17 15:04:00+05:30,5.35,5.75,5.3,5.55,282295,7460310,10.573151,24322.05,24800.0,24650,ATM+10,CALL,24150,2026-07-17
2026-07-17 15:05:00+05:30,4.35,4.65,4.3,4.65,220220,2059200,11.008182,24327.55,24850.0,24650,ATM+10,CALL,24150,2026-07-17
2026-07-17 15:06:00+05:30,4.65,4.8,4.6,4.8,161460,2049905,11.02679,24330.2,24850.0,24650,ATM+10,CALL,24150,2026-07-17
2026-07-17 15:07:00+05:30,4.8,4.95,4.75,4.8,232050,2019355,10.952486,24334.3,24850.0,24650,ATM+10,CALL,24150,2026-07-17
2026-07-17 15:08:00+05:30,4.75,4.8,4.55,4.6,118950,2025725,10.905843,24332.1,24850.0,24650,ATM+10,CALL,24150,2026-07-17
2026-07-17 15:09:00+05:30,4.65,4.75,4.5,4.6,159575,2017405,10.88037,24333.55,24850.0,24650,ATM+10,CALL,24150,2026-07-17
2026-07-17 15:10:00+05:30,4.6,4.6,4.15,4.15,335855,2042235,10.707518,24331.75,24850.0,24650,ATM+10,CALL,24150,2026-07-17
2026-07-17 15:11:00+05:30,4.25,4.4,4.15,4.3,279240,2019680,10.769782,24332.25,24850.0,24650,ATM+10,CALL,24150,2026-07-17
2026-07-17 15:12:00+05:30,4.25,4.5,4.25,4.35,131170,2018770,10.724929,24336.05,24850.0,24650,ATM+10,CALL,24150,2026-07-17
2026-07-17 15:13:00+05:30,4.35,4.35,4.2,4.25,128765,1996085,10.700593,24334.9,24850.0,24650,ATM+10,CALL,24150,2026-07-17
2026-07-17 15:14:00+05:30,4.25,4.3,4.1,4.15,114595,1992705,10.765638,24328.75,24850.0,24650,ATM+10,CALL,24150,2026-07-17
2026-07-17 15:15:00+05:30,5.2,5.3,4.95,5.0,594620,7159555,10.333539,24323.85,24800.0,24650,ATM+10,CALL,24150,2026-07-17
2026-07-17 15:16:00+05:30,4.95,5.05,4.85,4.95,347620,7150780,10.331952,24322.9,24800.0,24650,ATM+10,CALL,24150,2026-07-17
2026-07-17 15:17:00+05:30,3.85,3.95,3.75,3.75,148655,1965015,10.629715,24325.55,24850.0,24650,ATM+10,CALL,24150,2026-07-17
2026-07-17 15:18:00+05:30,3.75,3.85,3.6,3.6,123045,1943305,10.496305,24328.8,24850.0,24650,ATM+10,CALL,24150,2026-07-17
2026-07-17 15:19:00+05:30,3.55,3.6,3.35,3.45,434915,1875120,10.415242,24329.0,24850.0,24650,ATM+10,CALL,24150,2026-07-17
2026-07-17 15:20:00+05:30,3.5,3.7,3.4,3.55,156130,1860950,10.398967,24332.95,24850.0,24650,ATM+10,CALL,24150,2026-07-17
2026-07-17 15:21:00+05:30,3.55,3.65,3.5,3.5,212160,1886625,10.370371,24333.15,24850.0,24650,ATM+10,CALL,24150,2026-07-17
2026-07-17 15:22:00+05:30,3.55,3.65,3.5,3.55,264030,1860430,10.331922,24336.85,24850.0,24650,ATM+10,CALL,24150,2026-07-17
2026-07-17 15:23:00+05:30,3.55,3.85,3.55,3.7,317785,1838720,10.389828,24337.95,24850.0,24650,ATM+10,CALL,24150,2026-07-17
2026-07-17 15:24:00+05:30,3.75,4.0,3.7,4.0,340470,1806090,10.45107,24342.8,24850.0,24650,ATM+10,CALL,24150,2026-07-17
2026-07-17 15:25:00+05:30,4.0,4.0,3.75,3.75,346385,1855880,10.291011,24345.0,24850.0,24650,ATM+10,CALL,24150,2026-07-17
2026-07-17 15:26:00+05:30,3.7,3.85,3.65,3.7,235495,1893450,10.306364,24342.8,24850.0,24650,ATM+10,CALL,24150,2026-07-17
2026-07-17 15:27:00+05:30,3.75,3.85,3.65,3.7,187265,1892605,10.285945,24344.0,24850.0,24650,ATM+10,CALL,24150,2026-07-17
2026-07-17 15:28:00+05:30,3.7,3.75,3.45,3.5,499915,1926535,10.266754,24339.4,24850.0,24650,ATM+10,CALL,24150,2026-07-17
2026-07-17 15:29:00+05:30,3.55,4.05,3.4,3.6,242060,1955265,10.189515,24346.7,24850.0,24650,ATM+10,CALL,24150,2026-07-17
2026-07-17 09:15:00+05:30,576.6,576.6,556.15,556.15,195,27625,24.284271,24151.25,24650.0,24650,ATM+10,PUT,24150,2026-07-17
2026-07-17 09:16:00+05:30,518.55,556.15,512.15,512.15,1950,27885,20.594611,24171.0,24650.0,24650,ATM+10,PUT,24150,2026-07-17
2026-07-17 09:17:00+05:30,553.0,556.75,547.0,552.55,5330,67925,21.171559,24176.15,24700.0,24650,ATM+10,PUT,24150,2026-07-17
2026-07-17 09:18:00+05:30,551.1,552.55,538.0,538.0,2275,70785,20.404705,24187.4,24700.0,24650,ATM+10,PUT,24150,2026-07-17
2026-07-17 09:19:00+05:30,533.75,539.75,531.35,534.0,5265,73125,19.883553,24187.85,24700.0,24650,ATM+10,PUT,24150,2026-07-17
2026-07-17 09:20:00+05:30,532.5,537.8,528.0,537.8,3510,74880,20.418941,24187.75,24700.0,24650,ATM+10,PUT,24150,2026-07-17
2026-07-17 09:21:00+05:30,535.15,538.9,533.5,538.2,2340,75790,20.244577,24185.75,24700.0,24650,ATM+10,PUT,24150,2026-07-17
2026-07-17 09:22:00+05:30,541.2,541.2,534.7,534.7,1430,75205,20.094278,24188.75,24700.0,24650,ATM+10,PUT,24150,2026-07-17
2026-07-17 09:23:00+05:30,533.7,540.0,533.7,540.0,585,75400,20.550257,24186.15,24700.0,24650,ATM+10,PUT,24150,2026-07-17
2026-07-17 09:24:00+05:30,538.65,540.0,530.05,530.05,1105,75400,19.796616,24191.9,24700.0,24650,ATM+10,PUT,24150,2026-07-17
2026-07-17 09:25:00+05:30,530.0,530.9,521.5,521.5,1820,72280,19.382205,24198.85,24700.0,24650,ATM+10,PUT,24150,2026-07-17
2026-07-17 09:26:00+05:30,524.0,527.2,520.8,526.35,1235,73190,20.187941,24199.8,24700.0,24650,ATM+10,PUT,24150,2026-07-17
2026-07-17 09:27:00+05:30,527.5,527.5,518.1,520.8,2275,73710,19.753621,24202.85,24700.0,24650,ATM+10,PUT,24150,2026-07-17
2026-07-17 09:28:00+05:30,525.3,525.3,520.45,522.85,1235,74295,20.265273,24204.8,24700.0,24650,ATM+10,PUT,24150,2026-07-17
2026-07-17 09:29:00+05:30,521.7,522.85,515.15,515.15,1170,74620,19.776654,24210.0,24700.0,24650,ATM+10,PUT,24150,2026-07-17
2026-07-17 09:30:00+05:30,515.6,523.35,512.15,523.35,3640,74750,20.213585,24203.7,24700.0,24650,ATM+10,PUT,24150,2026-07-17
2026-07-17 09:31:00+05:30,523.95,530.0,520.3,528.65,2795,75465,20.180876,24196.85,24700.0,24650,ATM+10,PUT,24150,2026-07-17
2026-07-17 09:32:00+05:30,528.75,531.95,521.1,521.1,910,75205,20.070433,24205.2,24700.0,24650,ATM+10,PUT,24150,2026-07-17
2026-07-17 09:33:00+05:30,521.0,521.1,514.5,515.8,6305,74295,19.951184,24210.7,24700.0,24650,ATM+10,PUT,24150,2026-07-17
2026-07-17 09:34:00+05:30,516.6,524.55,509.9,524.55,4095,77350,20.705711,24206.6,24700.0,24650,ATM+10,PUT,24150,2026-07-17
2026-07-17 09:35:00+05:30,522.15,524.55,520.25,521.4,2275,77935,20.32325,24207.05,24700.0,24650,ATM+10,PUT,24150,2026-07-17
2026-07-17 09:36:00+05:30,524.0,525.0,520.0,520.15,2470,75335,20.412217,24209.4,24700.0,24650,ATM+10,PUT,24150,2026-07-17
2026-07-17 09:37:00+05:30,520.3,520.65,514.0,514.65,3510,74750,20.410514,24216.25,24700.0,24650,ATM+10,PUT,24150,2026-07-17
2026-07-17 09:38:00+05:30,509.9,515.0,509.0,511.8,2145,74555,20.596199,24221.55,24700.0,24650,ATM+10,PUT,24150,2026-07-17
2026-07-17 09:39:00+05:30,509.65,513.05,508.0,512.75,1755,75140,20.468599,24219.15,24700.0,24650,ATM+10,PUT,24150,2026-07-17
2026-07-17 09:40:00+05:30,517.35,517.35,511.3,513.0,1105,75725,20.706158,24221.05,24700.0,24650,ATM+10,PUT,24150,2026-07-17
2026-07-17 09:41:00+05:30,511.35,513.4,509.25,512.9,1495,75790,20.815356,24222.2,24700.0,24650,ATM+10,PUT,24150,2026-07-17
2026-07-17 09:42:00+05:30,511.25,512.9,508.7,509.35,2470,75075,20.607044,24224.7,24700.0,24650,ATM+10,PUT,24150,2026-07-17
2026-07-17 09:43:00+05:30,557.2,557.75,553.6,554.4,650,14495,21.312243,24225.15,24750.0,24650,ATM+10,PUT,24150,2026-07-17
2026-07-17 09:44:00+05:30,551.65,559.35,550.0,551.05,650,14235,21.536361,24231.3,24750.0,24650,ATM+10,PUT,24150,2026-07-17
2026-07-17 09:45:00+05:30,550.0,551.05,539.15,539.15,1495,15275,20.226391,24234.5,24750.0,24650,ATM+10,PUT,24150,2026-07-17
2026-07-17 09:46:00+05:30,548.8,550.2,539.15,543.95,715,15080,21.677094,24241.45,24750.0,24650,ATM+10,PUT,24150,2026-07-17
2026-07-17 09:47:00+05:30,541.7,544.6,541.7,544.6,260,14625,21.209405,24236.35,24750.0,24650,ATM+10,PUT,24150,2026-07-17
2026-07-17 09:48:00+05:30,546.1,546.1,542.65,542.65,260,14495,21.350754,24240.05,24750.0,24650,ATM+10,PUT,24150,2026-07-17
2026-07-17 09:49:00+05:30,543.4,548.7,542.65,547.15,975,13520,21.617258,24236.85,24750.0,24650,ATM+10,PUT,24150,2026-07-17
2026-07-17 09:50:00+05:30,546.75,547.15,543.75,546.55,195,13520,22.215948,24243.2,24750.0,24650,ATM+10,PUT,24150,2026-07-17
2026-07-17 09:51:00+05:30,543.6,555.0,543.0,555.0,650,13260,21.823728,24228.9,24750.0,24650,ATM+10,PUT,24150,2026-07-17
2026-07-17 09:52:00+05:30,554.25,556.25,553.0,554.15,845,13000,21.823695,24229.95,24750.0,24650,ATM+10,PUT,24150,2026-07-17
2026-07-17 09:53:00+05:30,556.5,556.5,551.6,553.0,780,12285,22.010917,24233.1,24750.0,24650,ATM+10,PUT,24150,2026-07-17
2026-07-17 09:54:00+05:30,549.2,553.0,549.0,549.0,1495,12155,22.210792,24240.0,24750.0,24650,ATM+10,PUT,24150,2026-07-17
2026-07-17 09:55:00+05:30,557.05,557.05,549.0,557.05,65,11830,22.249131,24230.2,24750.0,24650,ATM+10,PUT,24150,2026-07-17
2026-07-17 09:56:00+05:30,509.2,516.85,509.0,515.2,5590,85280,21.23155,24223.1,24700.0,24650,ATM+10,PUT,24150,2026-07-17
2026-07-17 09:57:00+05:30,514.5,520.0,513.35,517.4,2665,83590,21.133666,24219.35,24700.0,24650,ATM+10,PUT,24150,2026-07-17
2026-07-17 09:58:00+05:30,564.35,567.25,564.35,565.45,260,11440,23.250986,24229.05,24750.0,24650,ATM+10,PUT,24150,2026-07-17
2026-07-17 09:59:00+05:30,565.45,565.45,565.45,565.45,0,11440,23.231744,24228.85,24750.0,24650,ATM+10,PUT,24150,2026-07-17
2026-07-17 10:00:00+05:30,506.0,520.2,506.0,519.95,2340,84760,21.708804,24221.65,24700.0,24650,ATM+10,PUT,24150,2026-07-17
2026-07-17 10:01:00+05:30,517.2,529.0,514.0,526.0,8580,85215,21.546967,24212.35,24700.0,24650,ATM+10,PUT,24150,2026-07-17
2026-07-17 10:02:00+05:30,525.15,526.0,520.9,523.45,4420,84175,21.580214,24215.9,24700.0,24650,ATM+10,PUT,24150,2026-07-17
2026-07-17 10:03:00+05:30,523.75,525.0,521.9,524.65,1300,84045,21.641171,24214.95,24700.0,24650,ATM+10,PUT,24150,2026-07-17
2026-07-17 10:04:00+05:30,521.0,525.0,521.0,523.65,2015,84110,21.463926,24214.5,24700.0,24650,ATM+10,PUT,24150,2026-07-17
2026-07-17 10:05:00+05:30,524.05,524.2,515.0,515.6,1690,85150,21.108765,24221.3,24700.0,24650,ATM+10,PUT,24150,2026-07-17
2026-07-17 10:06:00+05:30,516.5,516.5,512.5,512.5,780,85345,20.844979,24222.7,24700.0,24650,ATM+10,PUT,24150,2026-07-17
2026-07-17 10:07:00+05:30,563.5,566.6,562.25,563.4,260,10010,22.633858,24225.65,24750.0,24650,ATM+10,PUT,24150,2026-07-17
2026-07-17 10:08:00+05:30,563.4,563.4,563.4,563.4,0,10010,22.842249,24227.6,24750.0,24650,ATM+10,PUT,24150,2026-07-17
2026-07-17 10:09:00+05:30,556.0,563.4,556.0,556.0,65,10205,22.313643,24231.95,24750.0,24650,ATM+10,PUT,24150,2026-07-17
2026-07-17 10:10:00+05:30,556.0,556.0,556.0,556.0,0,10205,22.175197,24230.65,24750.0,24650,ATM+10,PUT,24150,2026-07-17
2026-07-17 10:11:00+05:30,558.2,559.75,556.0,559.75,195,10335,22.953458,24233.25,24750.0,24650,ATM+10,PUT,24150,2026-07-17
2026-07-17 10:12:00+05:30,555.0,559.75,544.8,544.8,260,10595,21.657823,24239.9,24750.0,24650,ATM+10,PUT,24150,2026-07-17
2026-07-17 10:13:00+05:30,544.45,544.8,544.45,544.45,65,10595,22.271319,24246.1,24750.0,24650,ATM+10,PUT,24150,2026-07-17
2026-07-17 10:14:00+05:30,552.3,552.3,544.45,552.3,130,10595,22.65973,24239.85,24750.0,24650,ATM+10,PUT,24150,2026-07-17
2026-07-17 10:15:00+05:30,552.3,552.3,552.3,552.3,0,10595,23.257694,24245.7,24750.0,24650,ATM+10,PUT,24150,2026-07-17
2026-07-17 10:16:00+05:30,543.95,552.3,543.95,544.35,130,10790,22.371247,24247.15,24750.0,24650,ATM+10,PUT,24150,2026-07-17
2026-07-17 10:17:00+05:30,540.0,544.35,540.0,540.3,195,10790,22.509472,24253.65,24750.0,24650,ATM+10,PUT,24150,2026-07-17
2026-07-17 10:18:00+05:30,528.8,540.3,500.0,500.0,455,10920,19.308392,24274.45,24750.0,24650,ATM+10,PUT,24150,2026-07-17
2026-07-17 10:19:00+05:30,499.0,506.75,499.0,506.75,325,11310,20.184845,24273.95,24750.0,24650,ATM+10,PUT,24150,2026-07-17
2026-07-17 10:20:00+05:30,509.55,515.95,506.75,515.95,325,11180,20.655578,24266.75,24750.0,24650,ATM+10,PUT,24150,2026-07-17
2026-07-17 10:21:00+05:30,513.1,515.95,511.75,511.75,650,11310,20.253913,24268.3,24750.0,24650,ATM+10,PUT,24150,2026-07-17
2026-07-17 10:22:00+05:30,516.0,518.4,511.75,518.15,1365,11635,20.545387,24262.95,24750.0,24650,ATM+10,PUT,24150,2026-07-17
2026-07-17 10:23:00+05:30,521.2,524.4,518.15,523.65,390,11375,20.844705,24258.8,24750.0,24650,ATM+10,PUT,24150,2026-07-17
2026-07-17 10:24:00+05:30,523.95,528.55,523.65,526.0,845,11635,20.817947,24255.6,24750.0,24650,ATM+10,PUT,24150,2026-07-17
2026-07-17 10:25:00+05:30,526.0,526.0,526.0,526.0,0,11635,21.700434,24263.9,24750.0,24650,ATM+10,PUT,24150,2026-07-17
2026-07-17 10:26:00+05:30,526.0,526.0,526.0,526.0,0,11635,21.89146,24265.75,24750.0,24650,ATM+10,PUT,24150,2026-07-17
2026-07-17 10:27:00+05:30,520.6,526.0,515.0,515.0,715,11635,20.632277,24267.65,24750.0,24650,ATM+10,PUT,24150,2026-07-17
2026-07-17 10:28:00+05:30,514.5,515.0,512.85,512.85,195,11700,20.944826,24273.3,24750.0,24650,ATM+10,PUT,24150,2026-07-17
2026-07-17 10:29:00+05:30,559.0,559.0,552.55,552.65,1105,64155,21.802584,24281.55,24800.0,24650,ATM+10,PUT,24150,2026-07-17
2026-07-17 10:30:00+05:30,552.65,558.4,551.25,554.35,845,64610,21.800966,24279.4,24800.0,24650,ATM+10,PUT,24150,2026-07-17
2026-07-17 10:31:00+05:30,551.35,554.35,549.0,549.1,1105,64935,21.487612,24283.1,24800.0,24650,ATM+10,PUT,24150,2026-07-17
2026-07-17 10:32:00+05:30,547.6,549.1,544.05,547.45,2535,65065,21.493642,24285.2,24800.0,24650,ATM+10,PUT,24150,2026-07-17
2026-07-17 10:33:00+05:30,557.0,558.0,547.45,554.3,1040,65650,21.825441,24279.65,24800.0,24650,ATM+10,PUT,24150,2026-07-17
2026-07-17 10:34:00+05:30,555.0,555.0,551.3,551.4,715,65715,21.938113,24284.3,24800.0,24650,ATM+10,PUT,24150,2026-07-17
2026-07-17 10:35:00+05:30,513.2,513.2,504.0,513.2,195,19305,20.884488,24272.2,24750.0,24650,ATM+10,PUT,24150,2026-07-17
2026-07-17 10:36:00+05:30,513.8,513.8,513.2,513.35,195,19305,20.937238,24272.5,24750.0,24650,ATM+10,PUT,24150,2026-07-17
2026-07-17 10:37:00+05:30,513.35,513.35,513.35,513.35,0,19305,20.376467,24267.25,24750.0,24650,ATM+10,PUT,24150,2026-07-17
2026-07-17 10:38:00+05:30,513.35,513.35,513.35,513.35,0,19305,20.437557,24267.8,24750.0,24650,ATM+10,PUT,24150,2026-07-17
2026-07-17 10:39:00+05:30,513.35,513.35,513.35,513.35,0,19305,20.3788,24267.25,24750.0,24650,ATM+10,PUT,24150,2026-07-17
2026-07-17 10:40:00+05:30,513.35,513.35,513.35,513.35,0,19305,20.510417,24268.45,24750.0,24650,ATM+10,PUT,24150,2026-07-17
2026-07-17 10:41:00+05:30,513.35,513.35,513.35,513.35,0,19305,20.758384,24270.75,24750.0,24650,ATM+10,PUT,24150,2026-07-17
2026-07-17 10:42:00+05:30,518.45,518.45,513.35,518.45,65,18265,21.281393,24269.25,24750.0,24650,ATM+10,PUT,24150,2026-07-17
2026-07-17 10:43:00+05:30,524.95,529.95,518.45,529.95,325,18265,20.558844,24248.15,24750.0,24650,ATM+10,PUT,24150,2026-07-17
2026-07-17 10:44:00+05:30,527.0,530.3,527.0,530.3,390,18005,21.794644,24259.1,24750.0,24650,ATM+10,PUT,24150,2026-07-17
2026-07-17 10:45:00+05:30,529.1,533.0,529.1,533.0,2080,18005,21.54501,24253.3,24750.0,24650,ATM+10,PUT,24150,2026-07-17
2026-07-17 10:46:00+05:30,540.0,540.0,533.0,537.85,845,17355,22.108949,24252.5,24750.0,24650,ATM+10,PUT,24150,2026-07-17
2026-07-17 10:47:00+05:30,533.85,537.85,531.95,531.95,455,18200,21.523626,24254.4,24750.0,24650,ATM+10,PUT,24150,2026-07-17
2026-07-17 10:48:00+05:30,531.95,531.95,531.95,531.95,0,18200,21.439454,24253.6,24750.0,24650,ATM+10,PUT,24150,2026-07-17
2026-07-17 10:49:00+05:30,531.95,531.95,531.95,531.95,0,18200,21.038962,24249.9,24750.0,24650,ATM+10,PUT,24150,2026-07-17
2026-07-17 10:50:00+05:30,540.25,540.25,531.95,536.4,325,18330,21.768646,24251.05,24750.0,24650,ATM+10,PUT,24150,2026-07-17
2026-07-17 10:51:00+05:30,537.7,543.1,536.4,543.1,195,18330,22.4353,24248.9,24750.0,24650,ATM+10,PUT,24150,2026-07-17
2026-07-17 10:52:00+05:30,544.8,544.8,539.75,539.75,325,18330,22.290122,24251.75,24750.0,24650,ATM+10,PUT,24150,2026-07-17
2026-07-17 10:53:00+05:30,534.85,539.75,532.95,532.95,130,18395,21.854962,24256.2,24750.0,24650,ATM+10,PUT,24150,2026-07-17
2026-07-17 10:54:00+05:30,540.0,542.05,532.95,542.05,130,18395,22.979355,24255.55,24750.0,24650,ATM+10,PUT,24150,2026-07-17
2026-07-17 10:55:00+05:30,542.05,542.05,542.05,542.05,0,18395,23.100395,24256.75,24750.0,24650,ATM+10,PUT,24150,2026-07-17
2026-07-17 10:56:00+05:30,542.05,542.05,542.05,542.05,0,18395,23.012198,24255.85,24750.0,24650,ATM+10,PUT,24150,2026-07-17
2026-07-17 10:57:00+05:30,542.05,542.05,542.05,542.05,0,18395,23.078426,24256.5,24750.0,24650,ATM+10,PUT,24150,2026-07-17
2026-07-17 10:58:00+05:30,542.05,542.05,542.05,542.05,0,18395,23.203801,24257.75,24750.0,24650,ATM+10,PUT,24150,2026-07-17
2026-07-17 10:59:00+05:30,542.05,542.05,542.05,542.05,0,18395,23.130995,24257.0,24750.0,24650,ATM+10,PUT,24150,2026-07-17
2026-07-17 11:00:00+05:30,526.2,542.05,526.2,526.2,65,18525,21.353063,24259.9,24750.0,24650,ATM+10,PUT,24150,2026-07-17
2026-07-17 11:01:00+05:30,528.65,535.0,526.2,535.0,650,18915,22.178147,24256.6,24750.0,24650,ATM+10,PUT,24150,2026-07-17
2026-07-17 11:02:00+05:30,539.25,540.0,535.0,540.0,130,18915,22.001694,24248.55,24750.0,24650,ATM+10,PUT,24150,2026-07-17
2026-07-17 11:03:00+05:30,538.0,540.0,538.0,538.35,260,18720,21.951468,24250.15,24750.0,24650,ATM+10,PUT,24150,2026-07-17
2026-07-17 11:04:00+05:30,538.35,538.35,538.35,538.35,0,18720,22.776887,24258.15,24750.0,24650,ATM+10,PUT,24150,2026-07-17
2026-07-17 11:05:00+05:30,525.9,538.35,525.9,525.9,65,18915,21.562232,24262.2,24750.0,24650,ATM+10,PUT,24150,2026-07-17
2026-07-17 11:06:00+05:30,525.9,525.9,525.9,525.9,0,18915,21.532024,24261.9,24750.0,24650,ATM+10,PUT,24150,2026-07-17
2026-07-17 11:07:00+05:30,543.25,543.25,525.9,543.25,65,18850,22.189373,24246.15,24750.0,24650,ATM+10,PUT,24150,2026-07-17
2026-07-17 11:08:00+05:30,545.0,550.0,543.25,550.0,1560,18655,22.268216,24238.35,24750.0,24650,ATM+10,PUT,24150,2026-07-17
2026-07-17 11:09:00+05:30,550.0,550.0,550.0,550.0,0,18655,22.644689,24241.9,24750.0,24650,ATM+10,PUT,24150,2026-07-17
2026-07-17 11:10:00+05:30,550.0,550.0,550.0,550.0,0,18655,22.32961,24238.9,24750.0,24650,ATM+10,PUT,24150,2026-07-17
2026-07-17 11:11:00+05:30,550.0,550.0,550.0,550.0,0,18655,22.52687,24240.75,24750.0,24650,ATM+10,PUT,24150,2026-07-17
2026-07-17 11:12:00+05:30,549.25,550.0,548.7,548.7,130,19175,22.454798,24241.7,24750.0,24650,ATM+10,PUT,24150,2026-07-17
2026-07-17 11:13:00+05:30,552.9,552.9,548.7,552.9,130,19045,22.61649,24237.9,24750.0,24650,ATM+10,PUT,24150,2026-07-17
2026-07-17 11:14:00+05:30,552.9,552.9,552.9,552.9,0,19045,22.38405,24235.7,24750.0,24650,ATM+10,PUT,24150,2026-07-17
2026-07-17 11:15:00+05:30,552.9,552.9,552.9,552.9,0,19045,22.729669,24238.95,24750.0,24650,ATM+10,PUT,24150,2026-07-17
2026-07-17 11:16:00+05:30,552.9,552.9,552.9,552.9,0,19045,22.349231,24235.35,24750.0,24650,ATM+10,PUT,24150,2026-07-17
2026-07-17 11:17:00+05:30,551.6,554.05,551.6,554.05,130,19175,22.942308,24239.5,24750.0,24650,ATM+10,PUT,24150,2026-07-17
2026-07-17 11:18:00+05:30,554.75,554.75,554.05,554.75,130,19175,22.765037,24236.9,24750.0,24650,ATM+10,PUT,24150,2026-07-17
2026-07-17 11:19:00+05:30,559.05,559.05,552.25,552.25,130,19175,22.930309,24241.65,24750.0,24650,ATM+10,PUT,24150,2026-07-17
2026-07-17 11:20:00+05:30,551.8,552.25,551.8,551.85,130,19175,22.889304,24241.75,24750.0,24650,ATM+10,PUT,24150,2026-07-17
2026-07-17 11:21:00+05:30,551.85,553.35,550.7,550.7,260,19305,22.733361,24241.7,24750.0,24650,ATM+10,PUT,24150,2026-07-17
2026-07-17 11:22:00+05:30,549.25,550.7,546.4,546.4,260,19305,22.967727,24249.45,24750.0,24650,ATM+10,PUT,24150,2026-07-17
2026-07-17 11:23:00+05:30,553.45,554.7,546.4,554.1,390,19305,22.848029,24238.45,24750.0,24650,ATM+10,PUT,24150,2026-07-17
2026-07-17 11:24:00+05:30,552.0,554.1,552.0,552.0,455,19370,23.36943,24246.2,24750.0,24650,ATM+10,PUT,24150,2026-07-17
2026-07-17 11:25:00+05:30,552.0,552.0,552.0,552.0,0,19370,23.014295,24242.7,24750.0,24650,ATM+10,PUT,24150,2026-07-17
2026-07-17 11:26:00+05:30,551.95,553.9,550.0,551.3,585,20020,22.788636,24241.4,24750.0,24650,ATM+10,PUT,24150,2026-07-17
2026-07-17 11:27:00+05:30,547.1,551.3,547.1,549.9,195,20020,22.823075,24243.5,24750.0,24650,ATM+10,PUT,24150,2026-07-17
2026-07-17 11:28:00+05:30,547.6,549.9,547.6,547.6,130,20085,22.696916,24245.2,24750.0,24650,ATM+10,PUT,24150,2026-07-17
2026-07-17 11:29:00+05:30,544.65,547.6,544.65,544.65,130,20215,22.071844,24243.0,24750.0,24650,ATM+10,PUT,24150,2026-07-17
2026-07-17 11:30:00+05:30,544.65,544.65,544.65,544.65,0,20215,22.195998,24244.15,24750.0,24650,ATM+10,PUT,24150,2026-07-17
2026-07-17 11:31:00+05:30,547.55,547.65,544.65,547.65,455,20345,22.811268,24246.2,24750.0,24650,ATM+10,PUT,24150,2026-07-17
2026-07-17 11:32:00+05:30,547.65,547.65,547.65,547.65,0,20345,22.463158,24242.85,24750.0,24650,ATM+10,PUT,24150,2026-07-17
2026-07-17 11:33:00+05:30,547.65,547.65,547.65,547.65,0,20345,23.095603,24248.95,24750.0,24650,ATM+10,PUT,24150,2026-07-17
2026-07-17 11:34:00+05:30,547.65,547.65,547.65,547.65,0,20345,23.463671,24252.6,24750.0,24650,ATM+10,PUT,24150,2026-07-17
2026-07-17 11:35:00+05:30,536.0,547.65,536.0,536.0,130,20085,22.555802,24258.55,24750.0,24650,ATM+10,PUT,24150,2026-07-17
2026-07-17 11:36:00+05:30,533.6,536.2,533.35,533.35,195,20085,21.39339,24250.85,24750.0,24650,ATM+10,PUT,24150,2026-07-17
2026-07-17 11:37:00+05:30,543.7,545.4,533.35,544.4,325,20215,22.462303,24246.9,24750.0,24650,ATM+10,PUT,24150,2026-07-17
2026-07-17 11:38:00+05:30,544.4,544.4,544.4,544.4,0,20215,22.90781,24251.2,24750.0,24650,ATM+10,PUT,24150,2026-07-17
2026-07-17 11:39:00+05:30,544.4,544.4,544.4,544.4,0,20215,23.495311,24257.05,24750.0,24650,ATM+10,PUT,24150,2026-07-17
2026-07-17 11:40:00+05:30,544.4,544.4,544.4,544.4,0,20215,23.63909,24258.5,24750.0,24650,ATM+10,PUT,24150,2026-07-17
2026-07-17 11:41:00+05:30,527.6,544.4,527.6,527.6,65,20280,21.949475,24263.3,24750.0,24650,ATM+10,PUT,24150,2026-07-17
2026-07-17 11:42:00+05:30,528.0,535.2,527.6,535.2,260,20150,22.750089,24261.4,24750.0,24650,ATM+10,PUT,24150,2026-07-17
2026-07-17 11:43:00+05:30,532.4,535.2,532.4,532.4,65,20150,22.458605,24262.1,24750.0,24650,ATM+10,PUT,24150,2026-07-17
2026-07-17 11:44:00+05:30,524.35,532.4,524.35,524.35,715,20150,21.927975,24267.2,24750.0,24650,ATM+10,PUT,24150,2026-07-17
2026-07-17 11:45:00+05:30,524.0,524.75,524.0,524.75,195,19630,22.422183,24271.55,24750.0,24650,ATM+10,PUT,24150,2026-07-17
2026-07-17 11:46:00+05:30,524.85,525.35,524.75,525.35,195,19760,22.24995,24269.05,24750.0,24650,ATM+10,PUT,24150,2026-07-17
2026-07-17 11:47:00+05:30,528.7,529.8,525.35,529.8,260,19890,22.556017,24266.35,24750.0,24650,ATM+10,PUT,24150,2026-07-17
2026-07-17 11:48:00+05:30,528.7,529.8,528.7,528.7,130,19825,22.545695,24267.65,24750.0,24650,ATM+10,PUT,24150,2026-07-17
2026-07-17 11:49:00+05:30,526.2,528.7,526.2,526.9,260,19825,22.313889,24267.65,24750.0,24650,ATM+10,PUT,24150,2026-07-17
2026-07-17 11:50:00+05:30,528.0,528.0,526.9,528.0,65,19955,22.752204,24270.6,24750.0,24650,ATM+10,PUT,24150,2026-07-17
2026-07-17 11:51:00+05:30,528.0,528.0,528.0,528.0,0,19955,22.925822,24272.35,24750.0,24650,ATM+10,PUT,24150,2026-07-17
2026-07-17 11:52:00+05:30,520.0,528.0,520.0,520.0,130,19890,22.048538,24273.85,24750.0,24650,ATM+10,PUT,24150,2026-07-17
2026-07-17 11:53:00+05:30,565.0,567.0,563.0,563.75,1235,65975,23.111739,24278.7,24800.0,24650,ATM+10,PUT,24150,2026-07-17
2026-07-17 11:54:00+05:30,562.95,564.0,562.95,564.0,585,65910,23.178182,24279.0,24800.0,24650,ATM+10,PUT,24150,2026-07-17
2026-07-17 11:55:00+05:30,520.0,520.0,520.0,520.0,65,19890,22.14839,24274.8,24750.0,24650,ATM+10,PUT,24150,2026-07-17
2026-07-17 11:56:00+05:30,567.65,567.65,567.65,567.65,0,65910,23.803637,24280.35,24800.0,24650,ATM+10,PUT,24150,2026-07-17
2026-07-17 11:57:00+05:30,567.1,567.65,564.3,564.3,130,65975,23.259248,24279.35,24800.0,24650,ATM+10,PUT,24150,2026-07-17
2026-07-17 11:58:00+05:30,514.85,514.85,514.85,514.85,0,19890,21.500357,24275.0,24750.0,24650,ATM+10,PUT,24150,2026-07-17
2026-07-17 11:59:00+05:30,573.4,573.4,564.3,570.7,715,65975,23.951793,24277.85,24800.0,24650,ATM+10,PUT,24150,2026-07-17
2026-07-17 12:00:00+05:30,514.85,514.85,514.85,514.85,0,19890,21.073477,24270.9,24750.0,24650,ATM+10,PUT,24150,2026-07-17
2026-07-17 12:01:00+05:30,528.0,528.0,514.85,528.0,65,19890,22.523705,24268.15,24750.0,24650,ATM+10,PUT,24150,2026-07-17
2026-07-17 12:02:00+05:30,530.4,530.4,528.0,530.4,65,19890,22.749833,24267.3,24750.0,24650,ATM+10,PUT,24150,2026-07-17
2026-07-17 12:03:00+05:30,572.25,579.75,571.0,571.0,1495,74490,23.755334,24275.5,24800.0,24650,ATM+10,PUT,24150,2026-07-17
2026-07-17 12:04:00+05:30,521.25,521.25,521.25,521.25,0,19890,22.327333,24274.85,24750.0,24650,ATM+10,PUT,24150,2026-07-17
2026-07-17 12:05:00+05:30,524.7,524.7,521.25,524.7,130,19825,22.712014,24274.25,24750.0,24650,ATM+10,PUT,24150,2026-07-17
2026-07-17 12:06:00+05:30,524.7,524.7,524.7,524.7,0,19825,22.065301,24267.8,24750.0,24650,ATM+10,PUT,24150,2026-07-17
2026-07-17 12:07:00+05:30,536.0,536.0,524.7,536.0,65,19825,23.084177,24263.35,24750.0,24650,ATM+10,PUT,24150,2026-07-17
2026-07-17 12:08:00+05:30,535.25,536.0,535.25,535.25,65,19825,23.456349,24268.1,24750.0,24650,ATM+10,PUT,24150,2026-07-17
2026-07-17 12:09:00+05:30,535.25,535.25,535.25,535.25,0,19825,24.040566,24274.2,24750.0,24650,ATM+10,PUT,24150,2026-07-17
2026-07-17 12:10:00+05:30,521.0,535.25,521.0,521.0,130,19825,22.218142,24274.0,24750.0,24650,ATM+10,PUT,24150,2026-07-17
2026-07-17 12:11:00+05:30,527.4,527.4,521.0,527.4,130,19825,22.799523,24271.55,24750.0,24650,ATM+10,PUT,24150,2026-07-17
2026-07-17 12:12:00+05:30,574.55,577.55,574.55,577.55,130,75465,24.665473,24275.9,24800.0,24650,ATM+10,PUT,24150,2026-07-17
2026-07-17 12:13:00+05:30,525.45,525.45,525.45,525.45,0,19825,22.446688,24270.5,24750.0,24650,ATM+10,PUT,24150,2026-07-17
2026-07-17 12:14:00+05:30,576.85,580.75,576.85,576.85,1365,77350,24.643345,24276.55,24800.0,24650,ATM+10,PUT,24150,2026-07-17
2026-07-17 12:15:00+05:30,572.5,576.85,572.5,572.85,325,78130,24.523829,24280.5,24800.0,24650,ATM+10,PUT,24150,2026-07-17
2026-07-17 12:16:00+05:30,521.55,525.05,521.55,525.05,130,20410,22.777508,24274.3,24750.0,24650,ATM+10,PUT,24150,2026-07-17
2026-07-17 12:17:00+05:30,527.25,527.25,525.05,527.25,65,20540,22.853192,24272.2,24750.0,24650,ATM+10,PUT,24150,2026-07-17
2026-07-17 12:18:00+05:30,580.5,580.5,573.15,575.25,195,78260,24.351296,24275.65,24800.0,24650,ATM+10,PUT,24150,2026-07-17
2026-07-17 12:19:00+05:30,575.25,575.25,575.25,575.25,0,78260,24.332548,24275.45,24800.0,24650,ATM+10,PUT,24150,2026-07-17
2026-07-17 12:20:00+05:30,575.3,576.0,575.0,575.0,325,78325,24.832946,24280.75,24800.0,24650,ATM+10,PUT,24150,2026-07-17
2026-07-17 12:21:00+05:30,575.0,575.0,575.0,575.0,0,78325,24.710588,24279.5,24800.0,24650,ATM+10,PUT,24150,2026-07-17
2026-07-17 12:22:00+05:30,526.95,526.95,526.95,526.95,0,20670,22.792381,24271.9,24750.0,24650,ATM+10,PUT,24150,2026-07-17
2026-07-17 12:23:00+05:30,570.0,578.8,568.3,568.3,195,78520,24.001184,24281.05,24800.0,24650,ATM+10,PUT,24150,2026-07-17
2026-07-17 12:24:00+05:30,571.1,573.55,568.3,571.1,4485,78585,24.437228,24281.75,24800.0,24650,ATM+10,PUT,24150,2026-07-17
2026-07-17 12:25:00+05:30,570.8,572.05,565.85,572.05,7670,80275,24.254686,24278.7,24800.0,24650,ATM+10,PUT,24150,2026-07-17
2026-07-17 12:26:00+05:30,571.0,572.5,569.65,570.35,715,86190,23.89035,24277.3,24800.0,24650,ATM+10,PUT,24150,2026-07-17
2026-07-17 12:27:00+05:30,570.5,570.55,567.65,567.65,195,86255,23.664649,24278.55,24800.0,24650,ATM+10,PUT,24150,2026-07-17
2026-07-17 12:28:00+05:30,568.2,570.85,567.65,570.85,455,86320,24.020846,24277.9,24800.0,24650,ATM+10,PUT,24150,2026-07-17
2026-07-17 12:29:00+05:30,571.0,571.0,570.85,571.0,65,86320,24.016429,24277.65,24800.0,24650,ATM+10,PUT,24150,2026-07-17
2026-07-17 12:30:00+05:30,524.45,524.45,524.45,524.45,0,20800,22.745662,24274.55,24750.0,24650,ATM+10,PUT,24150,2026-07-17
2026-07-17 12:31:00+05:30,574.45,578.25,574.05,574.05,455,89115,24.362385,24277.1,24800.0,24650,ATM+10,PUT,24150,2026-07-17
2026-07-17 12:32:00+05:30,524.6,525.05,524.45,524.8,325,20995,22.714267,24273.75,24750.0,24650,ATM+10,PUT,24150,2026-07-17
2026-07-17 12:33:00+05:30,574.75,574.75,572.0,572.0,2795,89310,24.437432,24280.45,24800.0,24650,ATM+10,PUT,24150,2026-07-17
2026-07-17 12:34:00+05:30,570.0,572.0,567.35,569.35,455,91780,24.165359,24281.15,24800.0,24650,ATM+10,PUT,24150,2026-07-17
2026-07-17 12:35:00+05:30,569.35,569.35,569.35,569.35,0,91780,24.182124,24281.3,24800.0,24650,ATM+10,PUT,24150,2026-07-17
2026-07-17 12:36:00+05:30,570.5,570.5,569.35,570.5,2600,91910,24.368469,24281.65,24800.0,24650,ATM+10,PUT,24150,2026-07-17
2026-07-17 12:37:00+05:30,570.0,570.5,570.0,570.0,325,89375,24.025611,24278.9,24800.0,24650,ATM+10,PUT,24150,2026-07-17
2026-07-17 12:38:00+05:30,576.5,576.5,570.0,576.5,130,89700,24.831478,24278.5,24800.0,24650,ATM+10,PUT,24150,2026-07-17
2026-07-17 12:39:00+05:30,576.5,576.5,576.5,576.5,0,89700,24.758278,24277.75,24800.0,24650,ATM+10,PUT,24150,2026-07-17
2026-07-17 12:40:00+05:30,530.0,530.85,525.65,530.85,715,20345,22.787583,24266.55,24750.0,24650,ATM+10,PUT,24150,2026-07-17
2026-07-17 12:41:00+05:30,533.0,533.0,530.8,531.25,715,19890,23.08942,24269.05,24750.0,24650,ATM+10,PUT,24150,2026-07-17
2026-07-17 12:42:00+05:30,573.95,580.75,572.7,572.7,390,88985,24.512224,24280.15,24800.0,24650,ATM+10,PUT,24150,2026-07-17
2026-07-17 12:43:00+05:30,528.5,528.5,521.85,528.5,130,20020,23.324168,24275.0,24750.0,24650,ATM+10,PUT,24150,2026-07-17
2026-07-17 12:44:00+05:30,574.5,574.5,571.4,574.5,130,88855,24.436418,24277.05,24800.0,24650,ATM+10,PUT,24150,2026-07-17
2026-07-17 12:45:00+05:30,570.2,574.5,566.05,566.05,845,88985,23.990511,24283.5,24800.0,24650,ATM+10,PUT,24150,2026-07-17
2026-07-17 12:46:00+05:30,564.85,566.7,564.85,566.7,195,89570,23.949558,24282.25,24800.0,24650,ATM+10,PUT,24150,2026-07-17
2026-07-17 12:47:00+05:30,569.5,569.5,566.5,566.5,1430,89505,24.359739,24286.55,24800.0,24650,ATM+10,PUT,24150,2026-07-17
2026-07-17 12:48:00+05:30,566.7,566.7,562.35,562.35,715,91000,23.893311,24287.25,24800.0,24650,ATM+10,PUT,24150,2026-07-17
2026-07-17 12:49:00+05:30,560.0,562.35,540.0,550.0,4225,90870,22.964465,24294.0,24800.0,24650,ATM+10,PUT,24150,2026-07-17
2026-07-17 12:50:00+05:30,557.4,566.9,550.0,566.3,1625,92430,24.041075,24283.6,24800.0,24650,ATM+10,PUT,24150,2026-07-17
2026-07-17 12:51:00+05:30,569.8,572.15,565.7,565.95,1235,92235,23.766061,24281.35,24800.0,24650,ATM+10,PUT,24150,2026-07-17
2026-07-17 12:52:00+05:30,568.05,568.05,565.95,568.05,65,92170,23.879472,24279.75,24800.0,24650,ATM+10,PUT,24150,2026-07-17
2026-07-17 12:53:00+05:30,524.15,524.15,521.0,522.65,260,20280,22.341164,24272.5,24750.0,24650,ATM+10,PUT,24150,2026-07-17
2026-07-17 12:54:00+05:30,527.65,527.65,522.65,527.65,65,20280,23.125698,24273.9,24750.0,24650,ATM+10,PUT,24150,2026-07-17
2026-07-17 12:55:00+05:30,527.65,527.65,527.65,527.65,0,20280,22.860819,24271.2,24750.0,24650,ATM+10,PUT,24150,2026-07-17
2026-07-17 12:56:00+05:30,527.65,527.65,527.65,527.65,0,20280,23.192213,24274.55,24750.0,24650,ATM+10,PUT,24150,2026-07-17
2026-07-17 12:57:00+05:30,574.0,578.95,566.1,566.1,325,92560,23.691401,24280.35,24800.0,24650,ATM+10,PUT,24150,2026-07-17
2026-07-17 12:58:00+05:30,566.1,566.1,566.1,566.1,0,92560,23.546844,24278.95,24800.0,24650,ATM+10,PUT,24150,2026-07-17
2026-07-17 12:59:00+05:30,566.1,566.1,566.1,566.1,0,92560,23.998252,24283.3,24800.0,24650,ATM+10,PUT,24150,2026-07-17
2026-07-17 13:00:00+05:30,567.0,567.0,566.1,567.0,65,92625,24.06662,24282.8,24800.0,24650,ATM+10,PUT,24150,2026-07-17
2026-07-17 13:01:00+05:30,568.85,568.85,562.95,565.75,260,92755,24.001438,24283.75,24800.0,24650,ATM+10,PUT,24150,2026-07-17
2026-07-17 13:02:00+05:30,569.95,569.95,565.75,569.95,195,92690,24.031887,24278.65,24800.0,24650,ATM+10,PUT,24150,2026-07-17
2026-07-17 13:03:00+05:30,570.55,574.0,569.95,574.0,130,92885,24.769072,24280.7,24800.0,24650,ATM+10,PUT,24150,2026-07-17
2026-07-17 13:04:00+05:30,574.0,574.0,574.0,574.0,0,92885,24.685666,24279.85,24800.0,24650,ATM+10,PUT,24150,2026-07-17
2026-07-17 13:05:00+05:30,574.0,574.0,574.0,574.0,0,92885,24.812192,24281.1,24800.0,24650,ATM+10,PUT,24150,2026-07-17
2026-07-17 13:06:00+05:30,574.0,574.0,574.0,574.0,0,92885,25.095569,24283.95,24800.0,24650,ATM+10,PUT,24150,2026-07-17
2026-07-17 13:07:00+05:30,576.0,576.0,574.0,576.0,65,92885,24.607675,24276.45,24800.0,24650,ATM+10,PUT,24150,2026-07-17
2026-07-17 13:08:00+05:30,576.0,576.0,576.0,576.0,0,92885,24.940362,24279.75,24800.0,24650,ATM+10,PUT,24150,2026-07-17
2026-07-17 13:09:00+05:30,576.0,576.0,576.0,576.0,0,92885,24.76715,24278.0,24800.0,24650,ATM+10,PUT,24150,2026-07-17
2026-07-17 13:10:00+05:30,576.0,576.0,576.0,576.0,0,92885,24.918762,24279.5,24800.0,24650,ATM+10,PUT,24150,2026-07-17
2026-07-17 13:11:00+05:30,576.0,576.0,576.0,576.0,0,92885,24.900467,24279.3,24800.0,24650,ATM+10,PUT,24150,2026-07-17
2026-07-17 13:12:00+05:30,576.0,576.0,576.0,576.0,260,92820,24.706626,24277.35,24800.0,24650,ATM+10,PUT,24150,2026-07-17
2026-07-17 13:13:00+05:30,576.0,576.0,576.0,576.0,0,92820,24.617298,24276.45,24800.0,24650,ATM+10,PUT,24150,2026-07-17
2026-07-17 13:14:00+05:30,576.0,576.0,576.0,576.0,0,92820,25.226775,24282.55,24800.0,24650,ATM+10,PUT,24150,2026-07-17
2026-07-17 13:15:00+05:30,529.9,535.0,522.0,533.25,1885,19695,23.673805,24271.9,24750.0,24650,ATM+10,PUT,24150,2026-07-17
2026-07-17 13:16:00+05:30,531.55,533.25,531.55,531.55,65,19695,23.547307,24272.8,24750.0,24650,ATM+10,PUT,24150,2026-07-17
2026-07-17 13:17:00+05:30,582.6,582.6,579.05,582.6,130,91910,25.372278,24275.4,24800.0,24650,ATM+10,PUT,24150,2026-07-17
2026-07-17 13:18:00+05:30,529.0,531.55,529.0,529.4,130,20280,23.252557,24272.55,24750.0,24650,ATM+10,PUT,24150,2026-07-17
2026-07-17 13:19:00+05:30,529.4,529.4,529.4,529.4,0,20280,23.429763,24274.35,24750.0,24650,ATM+10,PUT,24150,2026-07-17
2026-07-17 13:20:00+05:30,582.0,582.0,582.0,582.0,0,92040,25.487752,24277.3,24800.0,24650,ATM+10,PUT,24150,2026-07-17
2026-07-17 13:21:00+05:30,580.0,582.0,580.0,580.0,65,91975,25.248045,24277.45,24800.0,24650,ATM+10,PUT,24150,2026-07-17
2026-07-17 13:22:00+05:30,532.0,532.0,529.4,532.0,65,20215,23.763019,24274.35,24750.0,24650,ATM+10,PUT,24150,2026-07-17
2026-07-17 13:23:00+05:30,532.0,532.0,532.0,532.0,0,20215,23.24823,24269.05,24750.0,24650,ATM+10,PUT,24150,2026-07-17
2026-07-17 13:24:00+05:30,540.0,541.3,532.0,541.3,195,20215,24.178862,24266.45,24750.0,24650,ATM+10,PUT,24150,2026-07-17
2026-07-17 13:25:00+05:30,538.95,541.3,538.95,541.3,390,20215,24.390726,24268.65,24750.0,24650,ATM+10,PUT,24150,2026-07-17
2026-07-17 13:26:00+05:30,533.3,541.3,533.3,540.0,130,20150,23.877198,24265.0,24750.0,24650,ATM+10,PUT,24150,2026-07-17
2026-07-17 13:27:00+05:30,542.4,542.4,540.0,542.4,195,20020,23.876708,24261.85,24750.0,24650,ATM+10,PUT,24150,2026-07-17
2026-07-17 13:28:00+05:30,542.4,542.4,542.4,542.4,0,20020,23.760263,24260.65,24750.0,24650,ATM+10,PUT,24150,2026-07-17
2026-07-17 13:29:00+05:30,542.4,542.4,542.4,542.4,0,20020,24.406511,24267.3,24750.0,24650,ATM+10,PUT,24150,2026-07-17
2026-07-17 13:30:00+05:30,542.4,542.4,542.4,542.4,0,20020,24.640208,24269.75,24750.0,24650,ATM+10,PUT,24150,2026-07-17
2026-07-17 13:31:00+05:30,531.0,542.4,531.0,535.25,195,20020,23.577902,24268.05,24750.0,24650,ATM+10,PUT,24150,2026-07-17
2026-07-17 13:32:00+05:30,535.25,535.25,535.25,535.25,0,20020,23.426917,24266.5,24750.0,24650,ATM+10,PUT,24150,2026-07-17
2026-07-17 13:33:00+05:30,535.25,535.25,535.25,535.25,0,20020,23.174578,24263.95,24750.0,24650,ATM+10,PUT,24150,2026-07-17
2026-07-17 13:34:00+05:30,542.85,542.85,535.25,542.85,65,20020,24.318164,24265.7,24750.0,24650,ATM+10,PUT,24150,2026-07-17
2026-07-17 13:35:00+05:30,542.85,542.85,542.85,542.85,0,20020,24.501196,24267.6,24750.0,24650,ATM+10,PUT,24150,2026-07-17
2026-07-17 13:36:00+05:30,542.85,542.85,542.85,542.85,0,20020,24.710794,24269.8,24750.0,24650,ATM+10,PUT,24150,2026-07-17
2026-07-17 13:37:00+05:30,542.85,542.85,542.85,542.85,0,20020,24.226793,24264.7,24750.0,24650,ATM+10,PUT,24150,2026-07-17
2026-07-17 13:38:00+05:30,542.85,542.85,542.85,542.85,0,20020,24.334218,24265.8,24750.0,24650,ATM+10,PUT,24150,2026-07-17
2026-07-17 13:39:00+05:30,542.85,542.85,542.85,542.85,0,20020,24.68753,24269.5,24750.0,24650,ATM+10,PUT,24150,2026-07-17
2026-07-17 13:40:00+05:30,542.85,542.85,542.85,542.85,0,20020,23.598455,24258.25,24750.0,24650,ATM+10,PUT,24150,2026-07-17
2026-07-17 13:41:00+05:30,555.0,555.0,542.85,553.15,195,20020,24.56516,24254.65,24750.0,24650,ATM+10,PUT,24150,2026-07-17
2026-07-17 13:42:00+05:30,548.0,553.15,548.0,548.0,130,20020,23.561113,24251.2,24750.0,24650,ATM+10,PUT,24150,2026-07-17
2026-07-17 13:43:00+05:30,556.15,556.15,548.0,551.9,715,19825,23.782977,24248.35,24750.0,24650,ATM+10,PUT,24150,2026-07-17
2026-07-17 13:44:00+05:30,546.9,551.9,546.9,546.9,65,19565,23.728636,24254.25,24750.0,24650,ATM+10,PUT,24150,2026-07-17
2026-07-17 13:45:00+05:30,552.5,552.5,546.9,552.5,65,19565,24.268332,24252.4,24750.0,24650,ATM+10,PUT,24150,2026-07-17
2026-07-17 13:46:00+05:30,559.0,561.05,552.5,561.05,390,19565,24.646595,24245.1,24750.0,24650,ATM+10,PUT,24150,2026-07-17
2026-07-17 13:47:00+05:30,566.65,569.0,561.05,569.0,390,19305,25.036829,24238.7,24750.0,24650,ATM+10,PUT,24150,2026-07-17
2026-07-17 13:48:00+05:30,566.6,569.0,566.6,566.6,65,19305,25.54377,24247.05,24750.0,24650,ATM+10,PUT,24150,2026-07-17
2026-07-17 13:49:00+05:30,560.15,567.6,560.15,567.6,260,19240,24.983838,24239.95,24750.0,24650,ATM+10,PUT,24150,2026-07-17
2026-07-17 13:50:00+05:30,569.0,569.0,567.6,569.0,130,19240,23.856095,24227.05,24750.0,24650,ATM+10,PUT,24150,2026-07-17
2026-07-17 13:51:00+05:30,522.85,535.55,521.0,531.0,10595,95615,22.891011,24215.95,24700.0,24650,ATM+10,PUT,24150,2026-07-17
2026-07-17 13:52:00+05:30,526.05,531.0,525.15,529.7,2080,92235,23.364955,24222.35,24700.0,24650,ATM+10,PUT,24150,2026-07-17
2026-07-17 13:53:00+05:30,575.6,578.65,573.2,573.2,195,20215,24.644763,24229.25,24750.0,24650,ATM+10,PUT,24150,2026-07-17
2026-07-17 13:54:00+05:30,573.8,573.85,573.2,573.75,260,19890,24.99542,24232.0,24750.0,24650,ATM+10,PUT,24150,2026-07-17
2026-07-17 13:55:00+05:30,570.9,573.75,570.9,570.9,65,19955,25.076923,24236.5,24750.0,24650,ATM+10,PUT,24150,2026-07-17
2026-07-17 13:56:00+05:30,570.9,570.9,570.9,570.9,0,19955,24.703886,24232.75,24750.0,24650,ATM+10,PUT,24150,2026-07-17
2026-07-17 13:57:00+05:30,567.0,570.9,567.0,569.15,260,19760,24.573302,24233.7,24750.0,24650,ATM+10,PUT,24150,2026-07-17
2026-07-17 13:58:00+05:30,566.9,569.15,566.9,566.9,195,19760,24.67498,24237.6,24750.0,24650,ATM+10,PUT,24150,2026-07-17
2026-07-17 13:59:00+05:30,566.9,566.9,566.9,566.9,0,19760,25.889606,24250.1,24750.0,24650,ATM+10,PUT,24150,2026-07-17
2026-07-17 14:00:00+05:30,547.1,566.9,547.1,547.1,195,19565,23.223825,24248.8,24750.0,24650,ATM+10,PUT,24150,2026-07-17
2026-07-17 14:01:00+05:30,548.05,548.05,547.1,548.05,130,19565,23.143593,24246.8,24750.0,24650,ATM+10,PUT,24150,2026-07-17
2026-07-17 14:02:00+05:30,555.3,555.3,548.05,551.3,260,19630,23.244066,24243.6,24750.0,24650,ATM+10,PUT,24150,2026-07-17
2026-07-17 14:03:00+05:30,552.3,552.3,551.3,552.3,65,19630,23.652419,24246.25,24750.0,24650,ATM+10,PUT,24150,2026-07-17
2026-07-17 14:04:00+05:30,552.3,552.3,552.3,552.3,0,19630,24.069087,24250.35,24750.0,24650,ATM+10,PUT,24150,2026-07-17
2026-07-17 14:05:00+05:30,542.45,552.3,542.45,542.6,195,19630,23.244798,24254.7,24750.0,24650,ATM+10,PUT,24150,2026-07-17
2026-07-17 14:06:00+05:30,545.15,547.95,542.6,547.95,325,19630,23.432879,24249.65,24750.0,24650,ATM+10,PUT,24150,2026-07-17
2026-07-17 14:07:00+05:30,551.7,551.7,547.95,551.45,260,19435,24.033761,24251.05,24750.0,24650,ATM+10,PUT,24150,2026-07-17
2026-07-17 14:08:00+05:30,546.1,551.45,546.1,547.15,195,19435,23.479208,24251.1,24750.0,24650,ATM+10,PUT,24150,2026-07-17
2026-07-17 14:09:00+05:30,547.15,547.15,547.15,547.15,0,19435,23.668892,24252.95,24750.0,24650,ATM+10,PUT,24150,2026-07-17
2026-07-17 14:10:00+05:30,547.15,547.15,547.15,547.15,0,19435,23.776354,24254.0,24750.0,24650,ATM+10,PUT,24150,2026-07-17
2026-07-17 14:11:00+05:30,540.55,547.15,539.85,539.85,195,19370,23.953446,24265.25,24750.0,24650,ATM+10,PUT,24150,2026-07-17
2026-07-17 14:12:00+05:30,530.6,539.85,525.05,526.7,780,19305,22.891318,24271.6,24750.0,24650,ATM+10,PUT,24150,2026-07-17
2026-07-17 14:13:00+05:30,572.0,577.05,567.5,567.5,845,67470,23.668361,24277.25,24800.0,24650,ATM+10,PUT,24150,2026-07-17
2026-07-17 14:14:00+05:30,563.0,567.5,555.75,555.75,650,67795,22.420474,24280.55,24800.0,24650,ATM+10,PUT,24150,2026-07-17
2026-07-17 14:15:00+05:30,593.5,607.2,593.5,593.5,65,8450,28.628394,24345.4,24850.0,24650,ATM+10,PUT,24150,2026-07-17
2026-07-17 14:16:00+05:30,593.5,593.5,593.5,593.5,0,8450,30.116466,24362.9,24850.0,24650,ATM+10,PUT,24150,2026-07-17
2026-07-17 14:17:00+05:30,508.7,593.5,505.75,527.2,975,8645,20.264667,24347.45,24850.0,24650,ATM+10,PUT,24150,2026-07-17
2026-07-17 14:18:00+05:30,530.0,542.75,527.2,537.0,4745,8645,19.923568,24332.7,24850.0,24650,ATM+10,PUT,24150,2026-07-17
2026-07-17 14:19:00+05:30,496.0,519.9,496.0,519.3,13000,71305,20.448846,24308.45,24800.0,24650,ATM+10,PUT,24150,2026-07-17
2026-07-17 14:20:00+05:30,520.75,524.1,509.3,522.0,1235,76180,21.309859,24312.75,24800.0,24650,ATM+10,PUT,24150,2026-07-17
2026-07-17 14:21:00+05:30,525.9,530.0,516.35,525.2,3315,74880,21.37939,24309.35,24800.0,24650,ATM+10,PUT,24150,2026-07-17
2026-07-17 14:22:00+05:30,526.4,537.05,525.2,537.05,1430,73970,22.091222,24300.95,24800.0,24650,ATM+10,PUT,24150,2026-07-17
2026-07-17 14:23:00+05:30,542.5,545.05,537.05,545.05,2210,73190,22.291812,24292.7,24800.0,24650,ATM+10,PUT,24150,2026-07-17
2026-07-17 14:24:00+05:30,548.95,549.25,541.4,541.4,9945,73190,22.400757,24298.3,24800.0,24650,ATM+10,PUT,24150,2026-07-17
2026-07-17 14:25:00+05:30,541.25,541.65,524.75,528.8,1885,73385,21.655621,24307.3,24800.0,24650,ATM+10,PUT,24150,2026-07-17
2026-07-17 14:26:00+05:30,530.1,530.1,520.2,528.35,975,76180,22.020614,24311.25,24800.0,24650,ATM+10,PUT,24150,2026-07-17
2026-07-17 14:27:00+05:30,524.85,528.35,524.0,524.0,715,76180,21.397299,24310.95,24800.0,24650,ATM+10,PUT,24150,2026-07-17
2026-07-17 14:28:00+05:30,512.65,524.0,512.65,519.9,2860,77090,20.665185,24309.5,24800.0,24650,ATM+10,PUT,24150,2026-07-17
2026-07-17 14:29:00+05:30,525.35,551.55,519.9,544.6,5720,73255,21.646613,24287.4,24800.0,24650,ATM+10,PUT,24150,2026-07-17
2026-07-17 14:30:00+05:30,543.1,544.6,526.35,526.35,4940,72735,21.027983,24304.65,24800.0,24650,ATM+10,PUT,24150,2026-07-17
2026-07-17 14:31:00+05:30,528.5,536.15,526.35,536.15,1105,72670,21.909511,24300.3,24800.0,24650,ATM+10,PUT,24150,2026-07-17
2026-07-17 14:32:00+05:30,534.5,537.4,534.1,535.05,14820,79755,21.631879,24299.15,24800.0,24650,ATM+10,PUT,24150,2026-07-17
2026-07-17 14:33:00+05:30,536.3,536.4,535.05,535.75,650,79755,21.326818,24295.55,24800.0,24650,ATM+10,PUT,24150,2026-07-17
2026-07-17 14:34:00+05:30,535.6,535.75,534.45,534.45,780,79755,21.422055,24298.0,24800.0,24650,ATM+10,PUT,24150,2026-07-17
2026-07-17 14:35:00+05:30,532.65,540.7,531.6,540.7,4225,81120,22.358733,24298.65,24800.0,24650,ATM+10,PUT,24150,2026-07-17
2026-07-17 14:36:00+05:30,538.2,541.75,536.05,541.75,910,81120,21.913993,24293.25,24800.0,24650,ATM+10,PUT,24150,2026-07-17
2026-07-17 14:37:00+05:30,541.75,541.75,535.0,535.3,520,82615,20.980124,24293.05,24800.0,24650,ATM+10,PUT,24150,2026-07-17
2026-07-17 14:38:00+05:30,542.1,542.2,535.3,536.2,1040,82615,21.777475,24298.95,24800.0,24650,ATM+10,PUT,24150,2026-07-17
2026-07-17 14:39:00+05:30,536.2,536.2,536.2,536.2,0,82615,21.662312,24297.9,24800.0,24650,ATM+10,PUT,24150,2026-07-17
2026-07-17 14:40:00+05:30,529.05,536.2,528.6,533.85,7410,81965,21.791089,24302.0,24800.0,24650,ATM+10,PUT,24150,2026-07-17
2026-07-17 14:41:00+05:30,532.55,533.85,528.5,528.5,1105,81965,22.125371,24311.85,24800.0,24650,ATM+10,PUT,24150,2026-07-17
2026-07-17 14:42:00+05:30,522.25,528.5,521.45,523.95,260,82680,21.349818,24310.4,24800.0,24650,ATM+10,PUT,24150,2026-07-17
2026-07-17 14:43:00+05:30,515.95,523.95,515.95,521.3,715,82680,21.171765,24312.1,24800.0,24650,ATM+10,PUT,24150,2026-07-17
2026-07-17 14:44:00+05:30,520.0,521.3,511.0,511.7,1235,82810,20.451691,24317.65,24800.0,24650,ATM+10,PUT,24150,2026-07-17
2026-07-17 14:45:00+05:30,516.75,516.75,511.7,516.05,1560,82810,21.261461,24319.5,24800.0,24650,ATM+10,PUT,24150,2026-07-17
2026-07-17 14:46:00+05:30,573.6,573.6,573.6,573.6,0,7280,24.262176,24325.05,24850.0,24650,ATM+10,PUT,24150,2026-07-17
2026-07-17 14:47:00+05:30,513.0,513.05,508.3,512.6,1495,84110,21.019546,24321.6,24800.0,24650,ATM+10,PUT,24150,2026-07-17
2026-07-17 14:48:00+05:30,512.0,518.95,511.8,513.5,4420,81055,20.997055,24320.25,24800.0,24650,ATM+10,PUT,24150,2026-07-17
2026-07-17 14:49:00+05:30,512.65,513.5,509.0,510.1,715,81445,20.940491,24324.0,24800.0,24650,ATM+10,PUT,24150,2026-07-17
2026-07-17 14:50:00+05:30,512.2,520.0,510.1,520.0,1105,81445,21.856751,24320.0,24800.0,24650,ATM+10,PUT,24150,2026-07-17
2026-07-17 14:51:00+05:30,514.6,520.0,511.6,520.0,650,81315,21.543762,24317.05,24800.0,24650,ATM+10,PUT,24150,2026-07-17
2026-07-17 14:52:00+05:30,514.05,520.0,514.05,517.05,390,81380,21.418001,24319.6,24800.0,24650,ATM+10,PUT,24150,2026-07-17
2026-07-17 14:53:00+05:30,518.0,525.95,517.05,517.05,2145,82030,21.515966,24320.5,24800.0,24650,ATM+10,PUT,24150,2026-07-17
2026-07-17 14:54:00+05:30,520.4,520.4,517.05,518.75,650,82160,21.794657,24320.95,24800.0,24650,ATM+10,PUT,24150,2026-07-17
2026-07-17 14:55:00+05:30,563.65,566.55,563.65,563.65,130,7930,23.18327,24327.4,24850.0,24650,ATM+10,PUT,24150,2026-07-17
2026-07-17 14:56:00+05:30,503.3,516.4,503.3,514.5,7150,83135,21.643475,24324.9,24800.0,24650,ATM+10,PUT,24150,2026-07-17
2026-07-17 14:57:00+05:30,512.05,517.45,511.55,517.45,1105,83135,21.692635,24321.6,24800.0,24650,ATM+10,PUT,24150,2026-07-17
2026-07-17 14:58:00+05:30,516.9,523.15,516.9,523.15,1170,83720,21.85219,24315.85,24800.0,24650,ATM+10,PUT,24150,2026-07-17
2026-07-17 14:59:00+05:30,525.0,525.0,523.15,523.7,130,83720,21.485964,24311.75,24800.0,24650,ATM+10,PUT,24150,2026-07-17
2026-07-17 15:00:00+05:30,522.55,530.0,510.25,510.25,19240,83265,20.942545,24323.7,24800.0,24650,ATM+10,PUT,24150,2026-07-17
2026-07-17 15:01:00+05:30,566.5,566.5,566.5,566.5,0,7280,23.386928,24325.6,24850.0,24650,ATM+10,PUT,24150,2026-07-17
2026-07-17 15:02:00+05:30,509.0,512.0,507.5,511.45,585,84630,21.180128,24324.35,24800.0,24650,ATM+10,PUT,24150,2026-07-17
2026-07-17 15:03:00+05:30,514.05,514.05,511.0,512.0,1690,85605,20.551277,24317.95,24800.0,24650,ATM+10,PUT,24150,2026-07-17
2026-07-17 15:04:00+05:30,520.0,520.5,512.0,515.35,520,85605,21.466131,24322.05,24800.0,24650,ATM+10,PUT,24150,2026-07-17
2026-07-17 15:05:00+05:30,557.95,567.6,556.6,557.15,715,6825,22.311998,24327.55,24850.0,24650,ATM+10,PUT,24150,2026-07-17
2026-07-17 15:06:00+05:30,551.15,557.15,551.15,556.55,455,6760,22.526443,24330.2,24850.0,24650,ATM+10,PUT,24150,2026-07-17
2026-07-17 15:07:00+05:30,556.4,556.55,549.2,549.3,325,6565,21.971644,24334.3,24850.0,24650,ATM+10,PUT,24150,2026-07-17
2026-07-17 15:08:00+05:30,556.0,556.0,549.3,555.8,195,6565,22.635588,24332.1,24850.0,24650,ATM+10,PUT,24150,2026-07-17
2026-07-17 15:09:00+05:30,555.25,555.8,553.0,553.0,130,6630,22.408736,24333.55,24850.0,24650,ATM+10,PUT,24150,2026-07-17
2026-07-17 15:10:00+05:30,557.45,558.25,553.0,558.25,1170,6630,22.938011,24331.75,24850.0,24650,ATM+10,PUT,24150,2026-07-17
2026-07-17 15:11:00+05:30,558.25,558.25,558.25,558.25,0,6630,22.993881,24332.25,24850.0,24650,ATM+10,PUT,24150,2026-07-17
2026-07-17 15:12:00+05:30,558.25,558.25,558.25,558.25,0,6630,23.403043,24336.05,24850.0,24650,ATM+10,PUT,24150,2026-07-17
2026-07-17 15:13:00+05:30,553.7,558.25,553.7,553.7,65,5785,22.660449,24334.9,24850.0,24650,ATM+10,PUT,24150,2026-07-17
2026-07-17 15:14:00+05:30,559.9,564.1,553.7,560.75,195,5655,22.960062,24328.75,24850.0,24650,ATM+10,PUT,24150,2026-07-17
2026-07-17 15:15:00+05:30,516.0,524.0,513.95,519.0,2015,84825,22.161072,24323.85,24800.0,24650,ATM+10,PUT,24150,2026-07-17
2026-07-17 15:16:00+05:30,522.0,523.65,519.0,521.2,780,83980,22.355901,24322.9,24800.0,24650,ATM+10,PUT,24150,2026-07-17
2026-07-17 15:17:00+05:30,569.6,569.6,560.75,565.5,195,5590,23.26858,24325.55,24850.0,24650,ATM+10,PUT,24150,2026-07-17
2026-07-17 15:18:00+05:30,565.5,565.5,565.5,565.5,0,5590,23.620446,24328.8,24850.0,24650,ATM+10,PUT,24150,2026-07-17
2026-07-17 15:19:00+05:30,565.5,565.5,565.5,565.5,0,5590,23.64331,24329.0,24850.0,24650,ATM+10,PUT,24150,2026-07-17
2026-07-17 15:20:00+05:30,565.0,565.5,565.0,565.0,65,5525,23.994117,24332.95,24850.0,24650,ATM+10,PUT,24150,2026-07-17
2026-07-17 15:21:00+05:30,554.8,565.0,554.75,555.05,260,5525,22.666167,24333.15,24850.0,24650,ATM+10,PUT,24150,2026-07-17
2026-07-17 15:22:00+05:30,550.75,555.05,547.75,547.75,715,5525,22.061705,24336.85,24850.0,24650,ATM+10,PUT,24150,2026-07-17
2026-07-17 15:23:00+05:30,548.1,548.1,547.75,548.1,130,6045,22.235054,24337.95,24850.0,24650,ATM+10,PUT,24150,2026-07-17
2026-07-17 15:24:00+05:30,548.1,548.1,548.1,548.1,0,6045,22.766998,24342.8,24850.0,24650,ATM+10,PUT,24150,2026-07-17
2026-07-17 15:25:00+05:30,542.05,548.1,542.05,542.05,65,5915,22.177818,24345.0,24850.0,24650,ATM+10,PUT,24150,2026-07-17
2026-07-17 15:26:00+05:30,538.95,542.3,538.95,542.3,650,5460,21.970362,24342.8,24850.0,24650,ATM+10,PUT,24150,2026-07-17
2026-07-17 15:27:00+05:30,531.0,542.3,531.0,536.55,1365,6045,21.296275,24344.0,24850.0,24650,ATM+10,PUT,24150,2026-07-17
2026-07-17 15:28:00+05:30,535.05,536.55,528.0,528.0,325,6045,19.470222,24339.4,24850.0,24650,ATM+10,PUT,24150,2026-07-17
2026-07-17 15:29:00+05:30,528.0,528.0,522.25,522.25,260,6045,19.516551,24346.7,24850.0,24650,ATM+10,PUT,24150,2026-07-17
